1 0.24585 0.429199 0.0483398 0.202148
2 0.512451 0.460449 0.0131836 0.0478516
2 0.476318 0.418457 0.0356445 0.0205078
2 0.477783 0.458008 0.0483398 0.0800781
2 0.4375 0.477051 0.0556641 0.163086
2 0.364014 0.488281 0.145996 0.214844
2 0.55542 0.462402 0.012207 0.0380859
2 0.562988 0.461914 0.0136719 0.0449219
2 0.571289 0.459961 0.0166016 0.0566406
2 0.576904 0.462891 0.0180664 0.0585938
2 0.584229 0.463867 0.0141602 0.0703125
2 0.607666 0.467285 0.050293 0.104492
2 0.64209 0.476562 0.0576172 0.158203
2 0.706299 0.495605 0.14502 0.209961
2 0.137939 0.644531 0.27002 0.701172
2 0.905762 0.64502 0.183594 0.649414
7 0.288086 0.455566 0.0234375 0.0537109
7 0.852539 0.483398 0.0537109 0.105469
