1 0.416992 0.425293 0.00683594 0.0263672
1 0.411621 0.424805 0.00488281 0.0273438
1 0.406738 0.424805 0.00585938 0.0273438
1 0.389404 0.427246 0.00537109 0.0341797
1 0.37915 0.427246 0.00830078 0.0341797
1 0.396484 0.418945 0.0107422 0.0371094
1 0.323486 0.444824 0.0131836 0.0654297
1 0.302002 0.421387 0.0151367 0.0654297
1 0.285645 0.425293 0.0195312 0.108398
1 0.217285 0.400391 0.0185547 0.0507812
1 0.241211 0.413574 0.0234375 0.0830078
1 0.0568848 0.447266 0.0463867 0.177734
1 0.0185547 0.434082 0.03125 0.19043
1 0.530518 0.431641 0.0141602 0.0722656
1 0.240479 0.446777 0.0131836 0.0400391
1 0.274658 0.491211 0.0180664 0.103516
1 0.238525 0.474609 0.0717773 0.144531
1 0.225586 0.487793 0.0273438 0.124023
1 0.277344 0.492676 0.046875 0.102539
5 0.713379 0.452637 0.0439453 0.188477
5 0.775146 0.524414 0.0297852 0.128906
5 0.881348 0.456055 0.0810547 0.386719
5 0.859131 0.519531 0.0297852 0.152344
7 0.397461 0.448242 0.0214844 0.0527344
7 0.300293 0.462891 0.0175781 0.078125
7 0.546143 0.454102 0.0112305 0.0214844
7 0.920898 0.522949 0.0136719 0.0751953
7 0.713135 0.508301 0.0336914 0.131836
7 0.775879 0.547852 0.0195312 0.0820312
7 0.884033 0.58252 0.0795898 0.245117
