1 0.0144043 0.469238 0.0229492 0.168945
1 0.0424805 0.464844 0.0390625 0.193359
1 0.218262 0.464844 0.0302734 0.167969
1 0.155029 0.495117 0.0463867 0.279297
1 0.103271 0.474609 0.0844727 0.355469
1 0.255615 0.495117 0.0356445 0.144531
1 0.286865 0.456055 0.0258789 0.0566406
1 0.331055 0.45752 0.0322266 0.0712891
1 0.518799 0.464844 0.0375977 0.212891
1 0.551025 0.446289 0.0385742 0.185547
1 0.83252 0.512207 0.0634766 0.295898
1 0.740234 0.501953 0.0927734 0.328125
1 0.674072 0.519043 0.0600586 0.389648
2 0.789551 0.478027 0.0380859 0.114258
2 0.946777 0.470215 0.0351562 0.0712891
2 0.866211 0.476562 0.151367 0.128906
2 0.973633 0.478516 0.0478516 0.0859375
2 0.646729 0.521973 0.219238 0.196289
