1 0.830322 0.399902 0.019043 0.145508
1 0.733887 0.378418 0.0126953 0.0400391
1 0.956543 0.400879 0.00878906 0.0966797
1 0.961182 0.388672 0.0102539 0.123047
1 0.97168 0.392578 0.0244141 0.119141
1 0.947754 0.393066 0.0195312 0.114258
1 0.933594 0.39209 0.0195312 0.0771484
1 0.932373 0.40332 0.0307617 0.0957031
1 0.922852 0.42627 0.0136719 0.0517578
1 0.911377 0.404785 0.0249023 0.0966797
1 0.90918 0.397461 0.0205078 0.123047
5 0.623047 0.426758 0.0498047 0.214844
2 0.164062 0.428711 0.00976562 0.0273438
2 0.109619 0.399902 0.0297852 0.0361328
2 0.120361 0.445801 0.0424805 0.0908203
2 0.0102539 0.40918 0.0146484 0.0351562
2 0.0437012 0.394531 0.0239258 0.015625
2 0.0124512 0.465332 0.019043 0.108398
2 0.0585938 0.475098 0.111328 0.15332
2 0.177979 0.445801 0.0366211 0.0732422
2 0.207031 0.445312 0.0507812 0.0839844
2 0.251953 0.440918 0.0576172 0.0986328
2 0.275146 0.446777 0.050293 0.102539
2 0.313477 0.447266 0.0751953 0.121094
2 0.395996 0.446289 0.136719 0.166016
7 0.546875 0.429688 0.015625 0.0664062
7 0.573486 0.432129 0.0131836 0.0576172
7 0.611572 0.477539 0.10498 0.142578
