1 0.126709 0.388672 0.00732422 0.0175781
1 0.158691 0.376953 0.00488281 0.0078125
1 0.169189 0.382812 0.00537109 0.0214844
1 0.200928 0.383301 0.00830078 0.0263672
1 0.208008 0.384277 0.00585938 0.0224609
1 0.218262 0.384277 0.00585938 0.0224609
1 0.214111 0.382812 0.00830078 0.0253906
1 0.242188 0.390137 0.00585938 0.0400391
1 0.237305 0.390137 0.00976562 0.0458984
1 0.245605 0.388672 0.00683594 0.0332031
1 0.267334 0.390625 0.0141602 0.0371094
1 0.280762 0.390137 0.0136719 0.0458984
1 0.296631 0.370605 0.00341797 0.00878906
1 0.292236 0.38916 0.0102539 0.0498047
1 0.307617 0.386719 0.00878906 0.0390625
1 0.303467 0.388184 0.00537109 0.0380859
1 0.541992 0.360352 0.00976562 0.0390625
1 0.542969 0.381348 0.0136719 0.0673828
1 0.537598 0.383789 0.0195312 0.0546875
1 0.557129 0.400879 0.015625 0.120117
1 0.568115 0.406738 0.0249023 0.118164
1 0.589355 0.399902 0.0195312 0.0712891
1 0.603271 0.38916 0.0131836 0.0830078
1 0.620605 0.412109 0.0263672 0.160156
1 0.615723 0.429199 0.03125 0.157227
1 0.968018 0.649414 0.0151367 0.0742188
1 0.800781 0.345215 0.0292969 0.0673828
1 0.908203 0.331055 0.0126953 0.0605469
1 0.898438 0.337402 0.0166016 0.0517578
1 0.859619 0.41748 0.0405273 0.206055
1 0.687012 0.418457 0.0390625 0.204102
1 0.649902 0.421875 0.0390625 0.205078
1 0.96875 0.477539 0.0576172 0.619141
2 0.0336914 0.400879 0.0175781 0.0185547
2 0.0944824 0.397949 0.0131836 0.00878906
2 0.10376 0.399902 0.0151367 0.0126953
2 0.115723 0.399902 0.0224609 0.00878906
2 0.125488 0.399902 0.0117188 0.00683594
2 0.146973 0.408203 0.0361328 0.0546875
2 0.157959 0.41748 0.0239258 0.0478516
2 0.182129 0.416504 0.0390625 0.0556641
2 0.21167 0.422363 0.0454102 0.0537109
2 0.424072 0.39209 0.118652 0.206055
2 0.494873 0.450684 0.127441 0.145508
2 0.0834961 0.418457 0.0263672 0.0400391
2 0.114258 0.444824 0.0644531 0.0849609
2 0.0556641 0.42334 0.0351562 0.0537109
6 0.936279 0.484375 0.0297852 0.132812
7 0.279297 0.430176 0.0292969 0.0615234
7 0.346191 0.442871 0.0166016 0.0673828
7 0.356934 0.438477 0.0205078 0.0742188
