1 0.583252 0.39209 0.00244141 0.0322266
1 0.619385 0.394043 0.00927734 0.0419922
1 0.766357 0.404297 0.0102539 0.03125
1 0.769043 0.413086 0.0234375 0.0585938
1 0.875732 0.42627 0.0356445 0.155273
1 0.205811 0.375977 0.00634766 0.0351562
1 0.210205 0.379395 0.00732422 0.0341797
1 0.220947 0.366699 0.00341797 0.0107422
1 0.217529 0.374023 0.00830078 0.0175781
1 0.181152 0.376465 0.0078125 0.0322266
1 0.24585 0.379395 0.00634766 0.0283203
1 0.201416 0.375488 0.00341797 0.0302734
1 0.38623 0.387207 0.00292969 0.0185547
1 0.389648 0.383789 0.00488281 0.0253906
5 0.82666 0.42334 0.0273438 0.12793
5 0.644287 0.421387 0.0405273 0.143555
2 0.477051 0.382812 0.0146484 0.0078125
2 0.469727 0.390137 0.0078125 0.0205078
2 0.453369 0.390625 0.0327148 0.0605469
2 0.507568 0.395996 0.0258789 0.0380859
2 0.490723 0.43457 0.0683594 0.0976562
2 0.394531 0.385742 0.00683594 0.0136719
2 0.327148 0.414551 0.0615234 0.0771484
2 0.0571289 0.537109 0.108398 0.416016
7 0.751221 0.417969 0.0239258 0.046875
7 0.817383 0.415039 0.0107422 0.00976562
7 0.833252 0.469238 0.0161133 0.0595703
7 0.815918 0.460449 0.0107422 0.0693359
7 0.835205 0.429688 0.0200195 0.0214844
7 0.864746 0.461426 0.0175781 0.104492
7 0.888916 0.473145 0.0297852 0.0927734
