1 0.688721 0.400391 0.00537109 0.0253906
1 0.690918 0.400879 0.00390625 0.0185547
1 0.828125 0.439941 0.0361328 0.192383
1 0.479248 0.424316 0.00732422 0.0322266
1 0.59375 0.427734 0.0078125 0.0507812
1 0.603027 0.425293 0.00878906 0.0556641
1 0.617432 0.42627 0.012207 0.0498047
1 0.37793 0.429199 0.00878906 0.0322266
1 0.332764 0.429688 0.00732422 0.046875
1 0.26709 0.41748 0.0078125 0.0283203
1 0.279297 0.429688 0.015625 0.0722656
2 0.571045 0.413574 0.012207 0.0322266
2 0.52832 0.457031 0.0966797 0.167969
4 0.944336 0.383789 0.106445 0.0800781
7 0.576904 0.442383 0.0131836 0.0332031
