1 0.515625 0.422363 0.00976562 0.0341797
1 0.552979 0.404297 0.00244141 0.00390625
1 0.607666 0.409668 0.00341797 0.0107422
1 0.62915 0.406738 0.00537109 0.0107422
1 0.705322 0.430664 0.0161133 0.078125
1 0.584229 0.411621 0.00341797 0.00488281
2 0.468262 0.418457 0.00585938 0.0185547
2 0.4646 0.419434 0.00927734 0.0205078
2 0.457031 0.42041 0.0107422 0.0224609
2 0.442871 0.418945 0.0185547 0.0371094
2 0.44165 0.427734 0.00634766 0.0214844
2 0.437012 0.427246 0.00585938 0.0244141
2 0.43335 0.427246 0.00537109 0.0263672
2 0.0461426 0.469727 0.0864258 0.125
2 0.571289 0.407227 0.00585938 0.00585938
2 0.564697 0.406738 0.0102539 0.00878906
2 0.567627 0.421875 0.0112305 0.0234375
2 0.582764 0.416504 0.0209961 0.0419922
2 0.598633 0.4375 0.0205078 0.046875
2 0.620361 0.441895 0.0405273 0.0595703
2 0.666504 0.461426 0.0683594 0.0869141
2 0.818359 0.475098 0.200195 0.291992
2 0.543457 0.413574 0.00878906 0.0146484
8 0.532959 0.401367 0.0297852 0.0195312
8 0.297119 0.357422 0.269043 0.314453
