1 0.576904 0.47998 0.0209961 0.194336
1 0.555908 0.48584 0.0249023 0.182617
1 0.341309 0.501465 0.0371094 0.0732422
1 0.600342 0.490234 0.0307617 0.138672
1 0.809326 0.501953 0.0200195 0.105469
1 0.85083 0.481445 0.0532227 0.203125
1 0.843018 0.475586 0.0620117 0.220703
1 0.928711 0.473633 0.0478516 0.216797
2 0.065918 0.501465 0.0625 0.0947266
2 0.0458984 0.507812 0.0429688 0.0820312
2 0.211914 0.513672 0.0507812 0.121094
2 0.150146 0.520508 0.133301 0.164062
6 0.656982 0.520508 0.0454102 0.150391
6 0.750488 0.510254 0.0537109 0.168945
7 0.630371 0.515625 0.0244141 0.0859375
