1 0.544434 0.413574 0.00683594 0.0380859
1 0.564453 0.414062 0.00683594 0.0429688
1 0.571533 0.415039 0.00927734 0.0488281
1 0.85083 0.452148 0.0415039 0.189453
5 0.592041 0.421875 0.019043 0.0917969
2 0.482422 0.447754 0.0849609 0.137695
2 0.696289 0.479004 0.109375 0.166992
2 0.435547 0.420898 0.00390625 0.00976562
2 0.427734 0.427246 0.00195312 0.000976562
2 0.183838 0.42627 0.00927734 0.0244141
2 0.166992 0.429688 0.0283203 0.0527344
2 0.148926 0.430664 0.0126953 0.0488281
2 0.0561523 0.402344 0.106445 0.140625
2 0.0141602 0.525391 0.0224609 0.162109
2 0.428467 0.416016 0.0141602 0.0195312
2 0.421387 0.422852 0.0126953 0.015625
2 0.400391 0.427734 0.0117188 0.0234375
2 0.39209 0.422363 0.0136719 0.0380859
2 0.364746 0.422852 0.0410156 0.0507812
2 0.306641 0.431641 0.0888672 0.0957031
7 0.590332 0.445312 0.0126953 0.0605469
7 0.166016 0.495605 0.0478516 0.124023
7 0.0783691 0.492676 0.0297852 0.114258
7 0.372559 0.436523 0.015625 0.0371094
