1 0.80542 0.365234 0.0102539 0.0800781
5 0.811768 0.370605 0.0209961 0.0908203
5 0.773682 0.37207 0.0112305 0.0566406
5 0.719971 0.379395 0.0209961 0.0927734
2 0.789795 0.368652 0.0258789 0.0263672
2 0.732666 0.378906 0.0581055 0.0292969
2 0.822998 0.367188 0.0209961 0.0253906
2 0.682617 0.376465 0.0410156 0.0302734
2 0.634033 0.382324 0.0200195 0.108398
2 0.553711 0.417969 0.144531 0.287109
2 0.182129 0.422363 0.0214844 0.0322266
2 0.207275 0.424805 0.0541992 0.0644531
2 0.292725 0.413574 0.0268555 0.0556641
2 0.323242 0.420898 0.0507812 0.0644531
2 0.35083 0.420898 0.0219727 0.0722656
2 0.391357 0.389648 0.0756836 0.166016
2 0.010498 0.4375 0.0151367 0.0371094
2 0.257812 0.42334 0.0585938 0.0830078
7 0.811523 0.398926 0.0146484 0.0615234
7 0.77417 0.392578 0.00732422 0.0292969
7 0.720703 0.411621 0.00488281 0.0419922
