1 0.665771 0.408203 0.00732422 0.0390625
1 0.585449 0.420898 0.00585938 0.0351562
1 0.5896 0.422852 0.00830078 0.0332031
1 0.574463 0.421875 0.00732422 0.0351562
1 0.542236 0.419434 0.00927734 0.0576172
1 0.530273 0.419434 0.00878906 0.0458984
1 0.505127 0.411133 0.00927734 0.0351562
1 0.0791016 0.413574 0.0214844 0.0517578
1 0.106934 0.394531 0.0146484 0.0292969
5 0.493164 0.424805 0.0195312 0.0976562
2 0.722168 0.411133 0.0859375 0.0800781
2 0.712158 0.404785 0.0288086 0.0185547
2 0.716064 0.432617 0.0541992 0.078125
2 0.726318 0.44043 0.0327148 0.0917969
2 0.761963 0.445312 0.0756836 0.123047
2 0.779053 0.455566 0.0297852 0.118164
2 0.77417 0.470703 0.0180664 0.0898438
2 0.855713 0.46875 0.164551 0.214844
2 0.87915 0.475586 0.0883789 0.255859
2 0.91333 0.503906 0.144043 0.269531
2 0.974121 0.508301 0.046875 0.34082
2 0.614746 0.421875 0.0410156 0.0605469
2 0.488037 0.434082 0.0288086 0.0615234
2 0.440918 0.431152 0.0673828 0.0712891
2 0.449707 0.431152 0.0673828 0.0810547
2 0.435547 0.441406 0.0546875 0.0742188
2 0.394043 0.450195 0.0498047 0.117188
2 0.34082 0.45752 0.0800781 0.145508
2 0.277588 0.484863 0.116699 0.163086
2 0.146729 0.513184 0.182129 0.22168
2 0.0354004 0.528809 0.0649414 0.307617
7 0.491211 0.453125 0.0195312 0.0703125
7 0.439697 0.453125 0.0463867 0.0664062
