1 0.130615 0.396484 0.0102539 0.015625
1 0.405518 0.449707 0.0405273 0.163086
5 0.539551 0.434082 0.0146484 0.0576172
2 0.523193 0.439453 0.0239258 0.0507812
2 0.544434 0.444824 0.0302734 0.0537109
2 0.562012 0.445801 0.0302734 0.0595703
2 0.580078 0.442871 0.0214844 0.0771484
2 0.591064 0.442871 0.0200195 0.0810547
2 0.611572 0.447266 0.0512695 0.0898438
2 0.63501 0.458984 0.0678711 0.0917969
2 0.0131836 0.399414 0.0205078 0.015625
2 0.411133 0.416992 0.0322266 0.0644531
2 0.385742 0.425781 0.0341797 0.0859375
2 0.376709 0.435547 0.0356445 0.0761719
2 0.321045 0.429688 0.115723 0.0878906
6 0.73291 0.450195 0.0244141 0.0761719
7 0.0620117 0.451172 0.0595703 0.0917969
7 0.681641 0.476562 0.0263672 0.09375
7 0.537598 0.452637 0.0136719 0.0439453
