1 0.617188 0.399414 0.0117188 0.0546875
5 0.659668 0.387207 0.0117188 0.0634766
5 0.984619 0.380371 0.0258789 0.151367
5 0.941406 0.417969 0.0605469 0.222656
2 0.57373 0.38916 0.0117188 0.0244141
2 0.573975 0.402832 0.0112305 0.0400391
2 0.590332 0.404297 0.0253906 0.0527344
2 0.596436 0.411133 0.0307617 0.0546875
2 0.503662 0.402344 0.012207 0.0214844
2 0.491211 0.408203 0.0185547 0.03125
2 0.473389 0.414062 0.0288086 0.0449219
2 0.549072 0.413086 0.034668 0.0546875
3 0.506836 0.392578 0.0146484 0.0332031
7 0.987793 0.490723 0.0195312 0.0830078
7 0.94165 0.47168 0.0668945 0.152344
