2 0.625732 0.44043 0.0424805 0.0371094
2 0.514893 0.439453 0.00830078 0.03125
2 0.534668 0.445312 0.0371094 0.0527344
2 0.494629 0.444336 0.0371094 0.078125
2 0.380615 0.409668 0.0454102 0.0556641
2 0.407471 0.429688 0.0200195 0.0449219
2 0.417236 0.438965 0.0151367 0.0615234
2 0.284424 0.424805 0.0336914 0.0449219
2 0.299316 0.427246 0.0283203 0.0439453
2 0.266357 0.427246 0.0249023 0.0498047
2 0.190674 0.404297 0.0336914 0.0195312
2 0.135254 0.398926 0.0566406 0.0380859
2 0.210449 0.427246 0.0371094 0.0537109
2 0.241455 0.429688 0.065918 0.0527344
2 0.0415039 0.381836 0.0566406 0.0507812
2 0.0913086 0.424805 0.0693359 0.0761719
2 0.1604 0.428223 0.074707 0.0615234
2 0.351074 0.440918 0.101562 0.0888672
2 0.0383301 0.424316 0.0444336 0.0830078
2 0.0297852 0.430664 0.0341797 0.0859375
2 0.450195 0.459473 0.0771484 0.114258
