1 0.481445 0.359863 0.00488281 0.0224609
1 0.406738 0.387207 0.00683594 0.0341797
1 0.390625 0.401367 0.00585938 0.0390625
1 0.399902 0.410645 0.0107422 0.0615234
1 0.185059 0.386719 0.0136719 0.0566406
1 0.067627 0.39209 0.0229492 0.0537109
1 0.522217 0.381348 0.00439453 0.0146484
1 0.578369 0.383789 0.00634766 0.0175781
1 0.564209 0.387695 0.00927734 0.0195312
1 0.675781 0.37793 0.0126953 0.015625
1 0.475586 0.346191 0.00390625 0.0107422
2 0.521729 0.406738 0.050293 0.0439453
2 0.633545 0.42041 0.0825195 0.143555
2 0.937988 0.54541 0.119141 0.407227
6 0.68457 0.410645 0.0195312 0.0458984
7 0.0222168 0.454102 0.0385742 0.0898438
