2 0.391602 0.341797 0.00585938 0.00976562
2 0.404053 0.342285 0.00732422 0.0126953
2 0.416016 0.351074 0.00683594 0.0107422
2 0.427246 0.351562 0.00683594 0.00976562
2 0.490723 0.383301 0.0146484 0.0263672
2 0.500977 0.386719 0.0166016 0.0332031
2 0.51123 0.389648 0.0195312 0.0351562
2 0.517334 0.394043 0.019043 0.0322266
2 0.520264 0.399414 0.019043 0.0351562
2 0.536865 0.40625 0.027832 0.0488281
2 0.562744 0.403809 0.0356445 0.0595703
2 0.578125 0.410645 0.0302734 0.0517578
2 0.594727 0.413086 0.0234375 0.0566406
2 0.614502 0.413086 0.0366211 0.0644531
2 0.63501 0.416016 0.0366211 0.0703125
2 0.660156 0.416016 0.0488281 0.0761719
2 0.700439 0.418457 0.0600586 0.0888672
2 0.762939 0.423828 0.10498 0.113281
2 0.369873 0.422363 0.0415039 0.0595703
2 0.293457 0.439941 0.0761719 0.110352
2 0.0339355 0.510742 0.0620117 0.246094
