1 0.388672 0.354004 0.00683594 0.0263672
1 0.232422 0.336426 0.00292969 0.00683594
1 0.223633 0.337891 0.00683594 0.0117188
2 0.373779 0.383301 0.0336914 0.0654297
2 0.422852 0.388184 0.0810547 0.108398
2 0.534424 0.381348 0.0766602 0.0615234
2 0.9729 0.375977 0.0493164 0.0898438
2 0.256836 0.400879 0.0146484 0.0927734
2 0.30957 0.378906 0.108398 0.171875
2 0.21167 0.38916 0.0522461 0.0771484
2 0.168701 0.388184 0.0415039 0.100586
2 0.090332 0.431641 0.174805 0.316406
2 0.0307617 0.587891 0.0556641 0.357422
4 0.888672 0.323242 0.217773 0.197266
