1 0.374023 0.390625 0.00488281 0.0332031
1 0.369873 0.390137 0.00927734 0.0439453
1 0.303223 0.403809 0.015625 0.0986328
1 0.318115 0.406738 0.0209961 0.0947266
1 0.823486 0.443359 0.043457 0.238281
2 0.483398 0.382812 0.0292969 0.0234375
2 0.487549 0.393066 0.0239258 0.0322266
2 0.470215 0.409668 0.0185547 0.0595703
2 0.51001 0.391602 0.0307617 0.0371094
2 0.505371 0.394531 0.0126953 0.0253906
2 0.521973 0.395508 0.0283203 0.0371094
2 0.54126 0.397949 0.0522461 0.0380859
2 0.599365 0.40625 0.0317383 0.0488281
2 0.606201 0.40625 0.0180664 0.0488281
2 0.619141 0.406738 0.0234375 0.0556641
2 0.624512 0.411133 0.0263672 0.0585938
2 0.634521 0.413574 0.0307617 0.0634766
2 0.669678 0.413574 0.0639648 0.0849609
2 0.683838 0.422852 0.0317383 0.09375
2 0.743408 0.418457 0.11377 0.139648
2 0.76001 0.428223 0.115723 0.15332
2 0.764893 0.446289 0.0375977 0.146484
2 0.852051 0.431641 0.182617 0.166016
2 0.893066 0.477051 0.208984 0.22168
2 0.946045 0.54541 0.103027 0.336914
