1 0.092041 0.40332 0.0112305 0.0449219
1 0.99585 0.394531 0.00341797 0.105469
1 0.989502 0.394531 0.0161133 0.125
1 0.972412 0.418945 0.027832 0.130859
1 0.67627 0.39502 0.00878906 0.0283203
1 0.521729 0.412598 0.00244141 0.0166016
1 0.68457 0.397461 0.00878906 0.03125
1 0.348877 0.397461 0.00830078 0.0175781
1 0.690918 0.398438 0.00683594 0.0253906
1 0.69751 0.404297 0.00927734 0.0449219
1 0.706543 0.402344 0.0078125 0.0488281
1 0.343018 0.40625 0.00927734 0.0292969
1 0.320068 0.396484 0.00830078 0.0253906
1 0.526855 0.413086 0.00390625 0.015625
5 0.729492 0.40625 0.0166016 0.0761719
5 0.506836 0.404297 0.00585938 0.0234375
5 0.490479 0.424316 0.0209961 0.0888672
5 0.467285 0.432617 0.0234375 0.113281
2 0.517578 0.415039 0.00976562 0.0136719
2 0.501221 0.416504 0.0131836 0.0341797
2 0.476074 0.420898 0.0136719 0.0410156
2 0.438477 0.425781 0.0205078 0.0546875
2 0.41626 0.425293 0.034668 0.0673828
2 0.386475 0.431641 0.0512695 0.0722656
2 0.592529 0.386719 0.00146484 0.00195312
2 0.587402 0.399902 0.00878906 0.0107422
2 0.601562 0.399902 0.0175781 0.0341797
2 0.604492 0.404297 0.0078125 0.0253906
2 0.571045 0.436523 0.0473633 0.0742188
7 0.719727 0.409668 0.00878906 0.0283203
7 0.733643 0.427734 0.0200195 0.046875
7 0.616455 0.433594 0.0151367 0.0722656
7 0.490723 0.461426 0.0117188 0.0576172
7 0.466553 0.461426 0.0288086 0.0673828
