2 0.26709 0.376953 0.015625 0.0214844
2 0.290771 0.380371 0.012207 0.0224609
2 0.300537 0.382324 0.0141602 0.0263672
2 0.312012 0.390625 0.0214844 0.0351562
2 0.366455 0.375977 0.0112305 0.0117188
2 0.376221 0.375977 0.0170898 0.00976562
2 0.411621 0.389648 0.0234375 0.0371094
2 0.431641 0.389648 0.0322266 0.0449219
2 0.456787 0.385254 0.0356445 0.0341797
2 0.490479 0.39502 0.0317383 0.0478516
2 0.517822 0.395508 0.0424805 0.0527344
2 0.5354 0.419922 0.0170898 0.0859375
2 0.559326 0.376953 0.0336914 0.015625
2 0.539795 0.436523 0.0297852 0.105469
2 0.388672 0.39209 0.0263672 0.0400391
2 0.368408 0.408203 0.0375977 0.0566406
2 0.452637 0.430664 0.0595703 0.0722656
2 0.551514 0.443848 0.0307617 0.125977
2 0.573242 0.450195 0.0527344 0.164062
2 0.644287 0.44873 0.13916 0.249023
2 0.723145 0.49707 0.15332 0.294922
2 0.882324 0.452148 0.230469 0.673828
