1 0.634033 0.357422 0.00537109 0.0195312
1 0.633301 0.384766 0.0078125 0.0488281
1 0.642334 0.383789 0.00732422 0.0449219
1 0.649414 0.383789 0.00878906 0.0429688
1 0.679199 0.385742 0.0126953 0.0566406
5 0.577148 0.361328 0.00878906 0.0351562
5 0.545898 0.367676 0.00878906 0.0302734
5 0.524414 0.371582 0.00878906 0.0322266
2 0.470703 0.373535 0.0410156 0.0322266
6 0.505127 0.366699 0.0209961 0.0283203
7 0.179932 0.46875 0.0766602 0.0957031
7 0.576904 0.372559 0.00927734 0.0146484
7 0.546631 0.37793 0.012207 0.0136719
7 0.524658 0.383789 0.0112305 0.0136719
