1 0.391357 0.379395 0.00732422 0.0205078
5 0.569336 0.37207 0.0126953 0.0234375
5 0.279541 0.381836 0.00927734 0.0273438
5 0.415283 0.366699 0.00830078 0.0185547
2 0.827881 0.391113 0.0336914 0.0419922
2 0.712646 0.388184 0.0454102 0.0478516
2 0.679443 0.387207 0.0249023 0.0439453
2 0.637939 0.416016 0.081543 0.121094
2 0.76416 0.416504 0.102539 0.124023
2 0.890869 0.403809 0.119629 0.15918
2 0.150146 0.394531 0.050293 0.0429688
2 0.10498 0.395996 0.0498047 0.0458984
2 0.0805664 0.404297 0.0410156 0.046875
2 0.250732 0.395996 0.0600586 0.0478516
2 0.441895 0.380371 0.0693359 0.0654297
2 0.530518 0.377441 0.074707 0.0927734
2 0.514648 0.433105 0.113281 0.186523
2 0.345459 0.37207 0.012207 0.0195312
2 0.954102 0.430664 0.0869141 0.185547
7 0.571777 0.393066 0.0166016 0.0283203
7 0.407959 0.399414 0.00830078 0.0175781
7 0.187256 0.39209 0.0258789 0.0283203
7 0.284912 0.403809 0.0102539 0.0205078
7 0.391846 0.389648 0.00341797 0.0136719
