2 0.423096 0.431152 0.0219727 0.0400391
2 0.445801 0.427246 0.0351562 0.0361328
2 0.480225 0.430176 0.0629883 0.0439453
2 0.3396 0.4375 0.0180664 0.0625
2 0.303467 0.411621 0.0249023 0.0107422
2 0.376953 0.463379 0.0859375 0.145508
2 0.304932 0.469238 0.0170898 0.0791016
2 0.259277 0.459961 0.0976562 0.111328
2 0.217773 0.481445 0.111328 0.115234
2 0.127441 0.490723 0.125977 0.129883
2 0.563721 0.428223 0.0180664 0.0556641
2 0.60498 0.412598 0.0703125 0.0947266
2 0.695312 0.39502 0.193359 0.178711
2 0.614746 0.471191 0.0283203 0.0654297
2 0.707275 0.435059 0.050293 0.15332
2 0.819336 0.383301 0.144531 0.118164
2 0.864258 0.454102 0.266602 0.371094
2 0.104248 0.50293 0.149902 0.171875
7 0.724365 0.475098 0.0483398 0.151367
