1 0.0751953 0.40918 0.00878906 0.03125
1 0.104248 0.413574 0.00732422 0.0224609
1 0.584229 0.40332 0.00341797 0.0078125
1 0.590088 0.401367 0.00341797 0.00976562
1 0.425781 0.415527 0.00878906 0.0693359
1 0.325684 0.449707 0.0253906 0.12207
1 0.347168 0.445801 0.0283203 0.139648
1 0.40918 0.416992 0.0136719 0.0683594
2 0.54834 0.425293 0.0390625 0.0634766
7 0.32251 0.479004 0.0307617 0.0498047
7 0.164795 0.507324 0.0522461 0.125977
7 0.221436 0.488281 0.0366211 0.117188
7 0.252197 0.478027 0.027832 0.104492
7 0.297363 0.478516 0.0244141 0.0703125
