1 0.564941 0.387695 0.00976562 0.015625
2 0.537354 0.400391 0.00927734 0.0195312
2 0.564453 0.434082 0.0546875 0.0810547
2 0.504395 0.38916 0.015625 0.0107422
2 0.489014 0.40625 0.0141602 0.0253906
2 0.476562 0.412598 0.0195312 0.0302734
2 0.518066 0.416504 0.0205078 0.0458984
2 0.508545 0.423828 0.0395508 0.0605469
2 0.457275 0.423828 0.0258789 0.0507812
2 0.412354 0.410156 0.0668945 0.128906
2 0.348633 0.411621 0.0244141 0.0205078
2 0.300049 0.443359 0.0737305 0.115234
2 0.365723 0.460449 0.0800781 0.124023
2 0.0583496 0.511719 0.11084 0.234375
7 0.62915 0.459961 0.0268555 0.111328
7 0.657959 0.462891 0.0444336 0.115234
