1 0.942139 0.418945 0.00927734 0.107422
1 0.933838 0.40918 0.0180664 0.107422
1 0.954102 0.42627 0.0185547 0.114258
1 0.969971 0.430176 0.0297852 0.180664
1 0.886719 0.376465 0.0253906 0.0283203
1 0.660156 0.40625 0.00585938 0.0488281
1 0.657715 0.407227 0.0126953 0.0566406
1 0.666016 0.410156 0.00683594 0.0507812
1 0.676514 0.409668 0.00537109 0.0517578
1 0.671387 0.407227 0.00976562 0.0566406
1 0.705566 0.383789 0.00488281 0.0175781
1 0.700439 0.395996 0.00732422 0.0302734
1 0.688477 0.403809 0.00390625 0.0439453
1 0.692871 0.401367 0.00878906 0.0488281
1 0.633301 0.38623 0.00976562 0.0107422
5 0.916992 0.729492 0.0185547 0.0957031
5 0.990967 0.488281 0.0131836 0.09375
5 0.844482 0.499023 0.102051 0.378906
2 0.644287 0.450195 0.0424805 0.123047
2 0.73584 0.475098 0.109375 0.21582
2 0.827637 0.53418 0.258789 0.320312
2 0.511963 0.604492 0.342285 0.539062
8 0.411377 0.27002 0.0180664 0.0439453
8 0.203613 0.458008 0.401367 0.90625
8 0.766602 0.350586 0.0957031 0.046875
8 0.800537 0.352051 0.0493164 0.0458984
6 0.983154 0.625 0.0288086 0.25
