1 0.678223 0.472656 0.0419922 0.240234
1 0.711182 0.478516 0.0405273 0.226562
2 0.147217 0.404785 0.0336914 0.0361328
2 0.0361328 0.435547 0.0664062 0.105469
2 0.313477 0.437988 0.00292969 0.00488281
2 0.300537 0.443848 0.0268555 0.0244141
2 0.31665 0.444824 0.00732422 0.0322266
2 0.327881 0.441406 0.0229492 0.0390625
2 0.340332 0.44873 0.0136719 0.0361328
2 0.349609 0.449707 0.0166016 0.0361328
2 0.358887 0.451172 0.0126953 0.0410156
2 0.371582 0.44873 0.0283203 0.0517578
2 0.412109 0.432129 0.0585938 0.120117
2 0.425293 0.460938 0.0546875 0.0761719
2 0.51416 0.490234 0.0996094 0.150391
