5 0.202148 0.439941 0.0302734 0.114258
2 0.546875 0.391113 0.0117188 0.0224609
2 0.55249 0.394043 0.0141602 0.0244141
2 0.425537 0.419922 0.00830078 0.0390625
2 0.496826 0.428711 0.115723 0.09375
2 0.118652 0.421387 0.121094 0.0595703
2 0.0915527 0.467773 0.177246 0.115234
2 0.32666 0.449219 0.15332 0.248047
2 0.827148 0.479492 0.188477 0.220703
2 0.604248 0.395508 0.027832 0.0507812
3 0.288574 0.378906 0.271484 0.216797
3 0.665527 0.391602 0.12793 0.107422
7 0.205322 0.467773 0.0737305 0.0878906
