1 0.774902 0.395996 0.0136719 0.0498047
1 0.469971 0.39502 0.00439453 0.0224609
1 0.476807 0.397461 0.00537109 0.0175781
1 0.594971 0.411133 0.00927734 0.0449219
1 0.615234 0.410645 0.0078125 0.0439453
1 0.604736 0.40332 0.00439453 0.0292969
1 0.692139 0.383301 0.00537109 0.0693359
1 0.674561 0.380371 0.00927734 0.0810547
1 0.736084 0.385254 0.0170898 0.0712891
1 0.794189 0.380859 0.0268555 0.078125
1 0.843262 0.371582 0.0332031 0.0947266
1 0.86377 0.370605 0.0175781 0.0966797
1 0.876953 0.375488 0.0224609 0.125977
1 0.922119 0.37793 0.0268555 0.0488281
1 0.960449 0.375488 0.0263672 0.0478516
1 0.993408 0.382324 0.00830078 0.0302734
1 0.204102 0.361816 0.0078125 0.0146484
1 0.0600586 0.368652 0.0117188 0.0439453
1 0.0319824 0.375977 0.0141602 0.0488281
1 0.0148926 0.377441 0.0161133 0.0458984
1 0.244385 0.377441 0.00927734 0.0224609
2 0.130371 0.368652 0.0292969 0.0439453
2 0.642822 0.403809 0.019043 0.0302734
2 0.406982 0.38916 0.00537109 0.00488281
2 0.312988 0.384277 0.015625 0.0166016
2 0.397705 0.395996 0.0170898 0.0283203
2 0.381348 0.399414 0.0234375 0.03125
2 0.362305 0.396973 0.0185547 0.0322266
2 0.358643 0.403809 0.00634766 0.00488281
2 0.336426 0.400391 0.0380859 0.0546875
2 0.285889 0.403809 0.0473633 0.0693359
2 0.0849609 0.379883 0.0107422 0.0214844
2 0.175781 0.364746 0.0400391 0.0517578
2 0.198242 0.42041 0.0927734 0.104492
2 0.00854492 0.395508 0.0112305 0.00976562
3 0.575684 0.388672 0.0429688 0.0878906
3 0.621094 0.388672 0.0380859 0.0644531
3 0.0244141 0.346191 0.0429688 0.108398
7 0.787842 0.461914 0.179199 0.169922
