1 0.361572 0.425781 0.0151367 0.046875
2 0.448975 0.43457 0.0307617 0.0605469
2 0.434814 0.452637 0.0170898 0.0673828
2 0.405762 0.452637 0.0546875 0.0908203
2 0.351807 0.479492 0.043457 0.130859
2 0.270752 0.48584 0.133301 0.225586
2 0.541992 0.430176 0.0126953 0.0263672
2 0.581543 0.453125 0.0292969 0.0800781
2 0.628174 0.445312 0.0756836 0.150391
2 0.662598 0.477539 0.0791016 0.169922
2 0.762451 0.501465 0.189941 0.245117
3 0.54126 0.422363 0.0170898 0.0458984
7 0.158203 0.523926 0.015625 0.00878906
