5 0.388916 0.397461 0.0131836 0.0546875
2 0.652832 0.417969 0.103516 0.142578
2 0.376709 0.375977 0.0102539 0.0175781
2 0.368408 0.382324 0.0112305 0.0185547
2 0.395508 0.370117 0.0078125 0.015625
2 0.398682 0.37793 0.0102539 0.015625
2 0.418945 0.366211 0.00878906 0.0117188
2 0.446045 0.365723 0.00830078 0.0107422
2 0.456787 0.365723 0.00732422 0.00878906
2 0.456055 0.375488 0.0136719 0.0107422
2 0.449707 0.38916 0.0126953 0.0263672
2 0.437256 0.39502 0.0219727 0.0341797
2 0.415039 0.395996 0.0302734 0.0458984
2 0.470459 0.380371 0.0151367 0.0439453
2 0.463867 0.397461 0.0244141 0.0351562
2 0.510742 0.365234 0.0742188 0.179688
2 0.0644531 0.420898 0.123047 0.236328
2 0.15918 0.488281 0.260742 0.333984
6 0.390137 0.409668 0.0136719 0.0361328
