1 0.449707 0.289551 0.00976562 0.0458984
1 0.468018 0.264648 0.0102539 0.0195312
1 0.518799 0.285645 0.00927734 0.0517578
1 0.610596 0.289062 0.0102539 0.0488281
1 0.621338 0.284668 0.0151367 0.0654297
1 0.314453 0.307129 0.0205078 0.0732422
1 0.240479 0.377441 0.0288086 0.202148
1 0.219971 0.391602 0.0375977 0.189453
1 0.145264 0.415527 0.0600586 0.225586
1 0.360596 0.337402 0.0200195 0.106445
5 0.646729 0.32666 0.0288086 0.0615234
2 0.540771 0.258301 0.027832 0.0439453
2 0.487305 0.271484 0.0283203 0.0449219
2 0.565186 0.278809 0.034668 0.0380859
2 0.577148 0.307617 0.0351562 0.0800781
2 0.594238 0.323242 0.0449219 0.0605469
2 0.455811 0.396973 0.13916 0.163086
2 0.612793 0.474609 0.172852 0.248047
7 0.631348 0.329102 0.015625 0.0449219
7 0.84375 0.496582 0.0556641 0.168945
