1 0.869385 0.395508 0.00537109 0.03125
1 0.848389 0.402832 0.0102539 0.0380859
1 0.839355 0.398926 0.0117188 0.0439453
1 0.702637 0.411621 0.00976562 0.0478516
1 0.603516 0.400391 0.00683594 0.0136719
1 0.532715 0.420898 0.0136719 0.0566406
1 0.513184 0.423828 0.0126953 0.0644531
1 0.483643 0.425293 0.0102539 0.0634766
1 0.469482 0.426758 0.0141602 0.0625
1 0.453125 0.426758 0.00878906 0.0585938
1 0.435791 0.428711 0.0102539 0.0585938
1 0.688721 0.42334 0.0366211 0.12207
1 0.735596 0.500977 0.0844727 0.476562
1 0.894531 0.510254 0.0966797 0.553711
1 0.414551 0.419434 0.0146484 0.0517578
1 0.398682 0.42627 0.0112305 0.0673828
1 0.38501 0.433105 0.0112305 0.0654297
1 0.339844 0.418945 0.00976562 0.0429688
1 0.32373 0.429688 0.0136719 0.078125
1 0.304932 0.432617 0.0141602 0.0761719
1 0.0683594 0.404297 0.00976562 0.0136719
1 0.219727 0.426758 0.0166016 0.101562
1 0.108398 0.442871 0.0126953 0.0439453
1 0.2771 0.571777 0.228027 0.682617
2 0.956055 0.386719 0.0224609 0.0273438
2 0.944092 0.393066 0.00927734 0.0263672
2 0.950928 0.394043 0.0102539 0.0224609
2 0.936035 0.382324 0.0146484 0.0517578
2 0.817871 0.404785 0.0322266 0.0517578
2 0.668213 0.420898 0.0649414 0.0761719
2 0.993896 0.411133 0.00732422 0.0546875
2 0.064209 0.47998 0.122559 0.151367
2 0.993652 0.390137 0.0078125 0.0185547
2 0.988525 0.388672 0.0102539 0.0234375
2 0.979004 0.387695 0.00976562 0.0273438
3 0.771973 0.383301 0.0664062 0.110352
7 0.579834 0.43457 0.0219727 0.0429688
7 0.412842 0.44873 0.0180664 0.0498047
