1 0.431885 0.441895 0.00634766 0.0458984
2 0.335693 0.449219 0.0200195 0.0332031
2 0.360107 0.440918 0.0307617 0.0498047
2 0.320801 0.459961 0.0214844 0.0488281
2 0.310303 0.465332 0.0366211 0.0556641
2 0.269775 0.441406 0.0805664 0.126953
2 0.23584 0.474609 0.0478516 0.0839844
2 0.21167 0.476074 0.0239258 0.0888672
2 0.144287 0.481445 0.120605 0.166016
2 0.0334473 0.510254 0.0610352 0.143555
2 0.541504 0.445312 0.0400391 0.0507812
2 0.560303 0.442383 0.0112305 0.0488281
2 0.584229 0.453613 0.0356445 0.0791016
2 0.611572 0.457031 0.0473633 0.103516
2 0.666748 0.484375 0.11084 0.171875
2 0.908203 0.617676 0.178711 0.569336
