1 0.801025 0.366211 0.00927734 0.0175781
5 0.375244 0.441406 0.0141602 0.0585938
2 0.488525 0.411133 0.0200195 0.0371094
2 0.459717 0.450684 0.0141602 0.0556641
2 0.512939 0.453613 0.0209961 0.0673828
2 0.537109 0.450195 0.0517578 0.0761719
2 0.478271 0.45166 0.0366211 0.0634766
2 0.636963 0.464355 0.074707 0.139648
2 0.769531 0.487793 0.191406 0.227539
2 0.971191 0.610352 0.0527344 0.257812
2 0.391602 0.438965 0.0195312 0.0302734
2 0.35376 0.450684 0.0112305 0.0439453
2 0.421143 0.437012 0.0200195 0.0361328
2 0.206787 0.479004 0.0249023 0.12207
2 0.281494 0.469238 0.13916 0.174805
2 0.114258 0.466797 0.170898 0.216797
2 0.0739746 0.501465 0.124512 0.206055
2 0.0493164 0.519043 0.0927734 0.235352
8 0.407471 0.418945 0.0239258 0.0429688
7 0.58252 0.464844 0.0253906 0.0839844
7 0.602783 0.461914 0.0317383 0.0898438
7 0.376709 0.455078 0.0161133 0.0449219
