2 0.378662 0.412109 0.00634766 0.0117188
2 0.390137 0.409668 0.00878906 0.0166016
2 0.443359 0.399902 0.0175781 0.0380859
2 0.449707 0.408691 0.0146484 0.0224609
2 0.46167 0.40625 0.0170898 0.0253906
2 0.471191 0.40625 0.0126953 0.0253906
2 0.481201 0.405273 0.0141602 0.0292969
2 0.492188 0.403809 0.015625 0.0361328
2 0.495361 0.40625 0.00927734 0.0351562
2 0.50293 0.40332 0.0146484 0.0410156
2 0.51123 0.405273 0.015625 0.0449219
2 0.526367 0.405273 0.0263672 0.0507812
2 0.529541 0.407715 0.019043 0.0517578
2 0.544922 0.40625 0.0253906 0.0605469
2 0.54834 0.408691 0.0175781 0.0615234
2 0.571777 0.404785 0.0449219 0.0810547
2 0.591064 0.414551 0.0444336 0.0966797
2 0.64502 0.42334 0.0927734 0.147461
2 0.817383 0.406738 0.272461 0.362305
4 0.343506 0.387207 0.0639648 0.114258
