2 0.141113 0.441895 0.0429688 0.0771484
2 0.585205 0.402344 0.00537109 0.0195312
2 0.625732 0.410645 0.00146484 0.000976562
2 0.647705 0.410645 0.00341797 0.00292969
2 0.513428 0.403809 0.012207 0.0361328
2 0.559814 0.400879 0.0249023 0.0361328
2 0.581543 0.401855 0.00585938 0.0166016
2 0.585938 0.401367 0.00878906 0.0175781
2 0.592773 0.400391 0.00878906 0.0195312
2 0.598633 0.399414 0.00878906 0.0214844
2 0.603271 0.397949 0.00830078 0.0244141
2 0.616943 0.395508 0.0219727 0.0371094
2 0.625 0.395508 0.0136719 0.0292969
2 0.640137 0.392578 0.0253906 0.0410156
2 0.645752 0.396484 0.00732422 0.03125
2 0.671631 0.394531 0.0258789 0.0410156
2 0.475098 0.415527 0.0830078 0.0791016
2 0.335449 0.424316 0.112305 0.0791016
2 0.0673828 0.444824 0.128906 0.125977
