1 0.716553 0.436035 0.0102539 0.0498047
1 0.678223 0.422363 0.00976562 0.0556641
1 0.706787 0.462891 0.0131836 0.0449219
1 0.737793 0.413086 0.0126953 0.142578
1 0.728516 0.421387 0.0244141 0.131836
1 0.767578 0.421387 0.0136719 0.124023
1 0.760986 0.445312 0.012207 0.078125
1 0.753418 0.411621 0.0283203 0.180664
1 0.784424 0.415039 0.027832 0.107422
1 0.814453 0.40332 0.0292969 0.191406
1 0.812012 0.399414 0.0449219 0.210938
1 0.643311 0.42334 0.0229492 0.139648
1 0.662109 0.428223 0.0214844 0.12207
1 0.626221 0.426758 0.0209961 0.140625
1 0.589111 0.438477 0.00634766 0.101562
1 0.580078 0.425781 0.0175781 0.132812
1 0.596436 0.429199 0.0151367 0.137695
1 0.547852 0.439941 0.0146484 0.110352
1 0.558838 0.430176 0.0268555 0.131836
1 0.539551 0.432129 0.015625 0.129883
1 0.527832 0.439941 0.0146484 0.139648
1 0.506592 0.430664 0.0170898 0.148438
1 0.518799 0.425781 0.0375977 0.171875
1 0.273926 0.464844 0.0478516 0.199219
1 0.287598 0.457031 0.0566406 0.220703
1 0.319092 0.45166 0.0532227 0.25293
1 0.607422 0.421387 0.0253906 0.155273
5 0.6875 0.40332 0.0263672 0.142578
7 0.691162 0.452637 0.0180664 0.0927734
