1 0.354736 0.437988 0.00732422 0.0185547
2 0.535156 0.484375 0.0185547 0.0351562
2 0.444336 0.481934 0.0654297 0.0556641
2 0.616211 0.476562 0.0195312 0.0449219
2 0.619141 0.482422 0.0107422 0.0253906
2 0.596436 0.479004 0.0288086 0.0458984
2 0.644531 0.470703 0.0410156 0.09375
2 0.710693 0.455566 0.115723 0.151367
2 0.772217 0.485352 0.179199 0.228516
2 0.810303 0.496582 0.132324 0.249023
2 0.934814 0.465332 0.125488 0.495117
2 0.35791 0.494629 0.0683594 0.0927734
2 0.317383 0.501465 0.0732422 0.124023
2 0.238525 0.503418 0.128418 0.147461
2 0.200439 0.51123 0.0688477 0.155273
2 0.142822 0.512695 0.117676 0.1875
2 0.0549316 0.496582 0.104004 0.254883
2 0.0334473 0.519043 0.0610352 0.200195
