1 0.619141 0.405273 0.0214844 0.109375
1 0.643066 0.401367 0.0224609 0.111328
1 0.792969 0.381348 0.0439453 0.110352
1 0.313965 0.42041 0.03125 0.108398
2 0.437744 0.404297 0.0180664 0.0234375
2 0.402344 0.390625 0.0537109 0.0449219
2 0.387695 0.411133 0.0185547 0.0390625
2 0.485107 0.400879 0.0229492 0.0576172
2 0.509277 0.423828 0.0527344 0.0800781
2 0.364014 0.398438 0.034668 0.03125
2 0.351807 0.405762 0.0620117 0.0458984
2 0.451904 0.404785 0.00341797 0.0146484
2 0.338135 0.42041 0.0297852 0.0556641
2 0.295654 0.390625 0.0131836 0.0117188
2 0.282959 0.420898 0.0454102 0.078125
2 0.250732 0.42334 0.0834961 0.0927734
2 0.218262 0.429688 0.0976562 0.0976562
2 0.169434 0.432129 0.119141 0.110352
2 0.111572 0.438477 0.0600586 0.113281
2 0.0756836 0.430176 0.0839844 0.102539
2 0.0698242 0.541992 0.133789 0.359375
7 0.364014 0.427734 0.0366211 0.0410156
