1 0.713379 0.383301 0.03125 0.0654297
2 0.532959 0.396973 0.00439453 0.00878906
2 0.535889 0.411133 0.00830078 0.0214844
2 0.488525 0.400391 0.0161133 0.0332031
2 0.482178 0.411133 0.00634766 0.0429688
2 0.459473 0.404785 0.0390625 0.0751953
2 0.51416 0.410156 0.0390625 0.0664062
2 0.553955 0.405762 0.0268555 0.0517578
2 0.556396 0.409668 0.0200195 0.0517578
2 0.56958 0.414551 0.0209961 0.0654297
2 0.58374 0.42334 0.0239258 0.0908203
2 0.621582 0.413574 0.0556641 0.129883
2 0.63501 0.428223 0.0708008 0.149414
2 0.670166 0.448242 0.109863 0.150391
2 0.8396 0.45752 0.240723 0.389648
2 0.451416 0.422363 0.0200195 0.0791016
2 0.432617 0.424805 0.0410156 0.0898438
2 0.406982 0.437988 0.0463867 0.125977
2 0.345215 0.447266 0.105469 0.205078
2 0.251465 0.465332 0.145508 0.354492
2 0.119141 0.595703 0.232422 0.533203
