1 0.411621 0.393066 0.0107422 0.0166016
1 0.146484 0.399902 0.0078125 0.0283203
2 0.44043 0.394043 0.00390625 0.0302734
2 0.453369 0.408203 0.00927734 0.0273438
2 0.463135 0.40918 0.0180664 0.0332031
2 0.465088 0.411621 0.0131836 0.0302734
2 0.468018 0.414062 0.0141602 0.0292969
2 0.478516 0.414062 0.0195312 0.0332031
2 0.493408 0.414062 0.0219727 0.0371094
2 0.50293 0.414551 0.015625 0.0380859
2 0.518799 0.414551 0.0258789 0.0419922
2 0.544678 0.417969 0.034668 0.0449219
2 0.611084 0.413086 0.0629883 0.119141
2 0.632812 0.424805 0.0673828 0.117188
2 0.647705 0.438477 0.0532227 0.115234
2 0.686279 0.445312 0.0600586 0.148438
2 0.756348 0.471191 0.171875 0.200195
2 0.971436 0.586914 0.0522461 0.300781
2 0.116211 0.479004 0.105469 0.0498047
2 0.367432 0.398438 0.0141602 0.00976562
2 0.374512 0.399414 0.0205078 0.0078125
4 0.469482 0.388184 0.012207 0.0224609
