1 0.453613 0.481934 0.0205078 0.0849609
1 0.389893 0.446289 0.00732422 0.00976562
1 0.369629 0.447754 0.00878906 0.0107422
1 0.423584 0.495117 0.00830078 0.0449219
2 0.526855 0.467773 0.0146484 0.0214844
2 0.488281 0.473633 0.0126953 0.0292969
2 0.481689 0.472656 0.012207 0.0292969
2 0.477295 0.477539 0.0170898 0.0429688
2 0.466309 0.477051 0.015625 0.0537109
2 0.456299 0.483887 0.019043 0.0478516
2 0.406006 0.475586 0.0913086 0.0957031
2 0.395996 0.493652 0.0585938 0.0869141
2 0.389404 0.503418 0.0258789 0.0947266
2 0.37793 0.506348 0.0283203 0.108398
2 0.331299 0.500977 0.0922852 0.130859
2 0.293213 0.512695 0.114746 0.142578
2 0.199951 0.529297 0.200684 0.160156
2 0.610596 0.480957 0.0385742 0.0908203
2 0.626953 0.486328 0.0400391 0.103516
2 0.663818 0.469238 0.0239258 0.0732422
2 0.728027 0.491211 0.115234 0.169922
2 0.885742 0.513184 0.223633 0.30957
2 0.937988 0.604004 0.119141 0.475586
