1 0.496094 0.412598 0.00683594 0.0263672
1 0.566162 0.41748 0.00732422 0.0302734
1 0.401855 0.415527 0.00976562 0.0615234
1 0.410889 0.412109 0.0112305 0.0703125
1 0.422363 0.416992 0.0107422 0.0722656
1 0.385986 0.42334 0.0112305 0.0810547
1 0.591553 0.416992 0.00732422 0.0371094
1 0.361084 0.427734 0.0131836 0.0761719
1 0.374512 0.420898 0.015625 0.0878906
1 0.330566 0.429688 0.0185547 0.0722656
1 0.266602 0.407715 0.0185547 0.0869141
1 0.252441 0.413086 0.0175781 0.0800781
1 0.0627441 0.406738 0.00830078 0.102539
1 0.958496 0.45166 0.0185547 0.137695
1 0.722412 0.375 0.00634766 0.0175781
1 0.888916 0.446777 0.0532227 0.231445
1 0.936035 0.448242 0.046875 0.228516
1 0.186279 0.374512 0.00927734 0.0283203
1 0.175781 0.372559 0.0195312 0.0361328
5 0.64209 0.423828 0.0214844 0.0800781
2 0.51123 0.413574 0.0107422 0.0224609
2 0.498291 0.411621 0.00634766 0.0283203
2 0.543457 0.403809 0.00683594 0.00488281
2 0.549805 0.414062 0.0117188 0.0234375
2 0.557617 0.415039 0.0136719 0.0234375
2 0.621826 0.419434 0.0268555 0.0634766
2 0.530518 0.433105 0.0375977 0.0615234
2 0.185303 0.477051 0.158691 0.180664
2 0.762207 0.463379 0.123047 0.211914
7 0.850586 0.445312 0.0146484 0.0546875
7 0.688232 0.470703 0.0297852 0.0820312
7 0.695312 0.477539 0.0302734 0.0800781
7 0.701904 0.494629 0.012207 0.0693359
7 0.834473 0.442871 0.0244141 0.0693359
7 0.503174 0.433105 0.00634766 0.0283203
7 0.646973 0.440918 0.0380859 0.0595703
7 0.300293 0.484863 0.0419922 0.131836
7 0.414795 0.433105 0.0180664 0.0595703
