1 0.483887 0.398926 0.0078125 0.0400391
1 0.489502 0.401367 0.00439453 0.0351562
1 0.496582 0.401367 0.00390625 0.0332031
1 0.493164 0.401367 0.00585938 0.0351562
1 0.501953 0.402344 0.00585938 0.0332031
1 0.529297 0.407227 0.00878906 0.0507812
1 0.533936 0.406738 0.00830078 0.0537109
1 0.545654 0.387207 0.00439453 0.0166016
1 0.550049 0.403809 0.00732422 0.0556641
1 0.54248 0.407227 0.0107422 0.0566406
1 0.562988 0.405273 0.0107422 0.0644531
1 0.555908 0.407715 0.0112305 0.0595703
1 0.575928 0.404297 0.0112305 0.0664062
1 0.649658 0.408203 0.019043 0.115234
1 0.675049 0.412598 0.0180664 0.104492
1 0.701416 0.409668 0.0219727 0.108398
1 0.86084 0.423828 0.0439453 0.175781
1 0.89917 0.40625 0.0405273 0.207031
1 0.350098 0.400879 0.00292969 0.0185547
1 0.35376 0.400391 0.00439453 0.0195312
1 0.321533 0.404785 0.00830078 0.0302734
1 0.313232 0.40332 0.00634766 0.03125
1 0.263428 0.415039 0.00830078 0.0507812
1 0.244873 0.393555 0.00439453 0.015625
1 0.247314 0.415039 0.00830078 0.0527344
1 0.239014 0.413574 0.0112305 0.0556641
1 0.255615 0.411621 0.0141602 0.0615234
1 0.199219 0.417969 0.0175781 0.078125
1 0.178955 0.416992 0.0161133 0.0761719
2 0.391113 0.404785 0.00488281 0.00488281
2 0.389893 0.400879 0.00634766 0.0126953
2 0.369385 0.396973 0.00146484 0.00878906
2 0.419189 0.397949 0.0102539 0.0146484
2 0.456055 0.397949 0.0107422 0.0126953
2 0.0705566 0.461914 0.130371 0.171875
2 0.0102539 0.501953 0.0146484 0.177734
2 0.408691 0.400391 0.0078125 0.0136719
2 0.399414 0.401367 0.0117188 0.015625
4 0.377441 0.389648 0.0185547 0.0410156
4 0.427246 0.389648 0.00585938 0.0488281
4 0.439941 0.38916 0.0224609 0.0576172
