1 0.567871 0.433105 0.0195312 0.0869141
1 0.573242 0.437012 0.0234375 0.0849609
1 0.695312 0.444824 0.0136719 0.0849609
1 0.708984 0.440918 0.0205078 0.0966797
1 0.772705 0.443359 0.0297852 0.0996094
1 0.849854 0.451172 0.0522461 0.400391
1 0.925293 0.483398 0.108398 0.384766
1 0.884521 0.473633 0.112793 0.521484
1 0.643311 0.471191 0.0600586 0.362305
1 0.609863 0.462891 0.0898438 0.402344
1 0.489014 0.474609 0.0639648 0.324219
1 0.211426 0.455566 0.0732422 0.385742
1 0.172363 0.473145 0.0566406 0.374023
2 0.452393 0.414551 0.0170898 0.0244141
2 0.433105 0.416992 0.0253906 0.0195312
2 0.670654 0.447266 0.0327148 0.0429688
2 0.319824 0.419434 0.0117188 0.0576172
2 0.310547 0.433594 0.0214844 0.0820312
2 0.240967 0.42041 0.00927734 0.0322266
4 0.663574 0.402832 0.0283203 0.0732422
7 0.715088 0.458984 0.050293 0.0644531
7 0.35498 0.562012 0.229492 0.327148
