1 0.0600586 0.43457 0.0126953 0.0761719
1 0.630127 0.405273 0.00830078 0.0195312
1 0.64917 0.391113 0.0141602 0.0244141
1 0.896729 0.424805 0.0151367 0.0742188
1 0.869873 0.438965 0.0151367 0.0673828
1 0.87915 0.427246 0.0209961 0.0888672
1 0.846436 0.423828 0.0209961 0.0917969
5 0.279785 0.450684 0.0458984 0.114258
2 0.0209961 0.452148 0.0361328 0.0820312
2 0.5 0.418457 0.0234375 0.0263672
2 0.52124 0.434082 0.050293 0.0595703
2 0.54834 0.433105 0.0761719 0.0615234
2 0.608398 0.430664 0.0791016 0.0722656
2 0.669434 0.432129 0.0820312 0.0712891
2 0.762451 0.432129 0.0776367 0.0712891
2 0.950684 0.387207 0.0263672 0.00878906
2 0.459473 0.453613 0.0849609 0.110352
6 0.278076 0.472656 0.043457 0.09375
7 0.307129 0.444336 0.0205078 0.0410156
