1 0.705078 0.428711 0.00390625 0.0371094
1 0.700684 0.428711 0.00585938 0.0371094
1 0.650879 0.421387 0.00488281 0.0498047
1 0.655518 0.428711 0.00927734 0.0527344
1 0.662109 0.416504 0.015625 0.0498047
1 0.643311 0.430176 0.0151367 0.106445
1 0.636963 0.430664 0.0219727 0.111328
1 0.609863 0.427734 0.0283203 0.169922
1 0.586182 0.431641 0.0307617 0.154297
1 0.0769043 0.484863 0.118652 0.561523
1 0.187988 0.483887 0.09375 0.569336
1 0.990479 0.387695 0.0141602 0.205078
1 0.972168 0.432129 0.0507812 0.295898
2 0.728027 0.428223 0.046875 0.0732422
2 0.838135 0.438965 0.059082 0.131836
