2 0.468262 0.413086 0.0078125 0.0214844
2 0.48584 0.414062 0.0126953 0.0253906
2 0.50415 0.409668 0.0336914 0.0361328
2 0.509033 0.415527 0.0180664 0.0283203
2 0.512451 0.41748 0.00830078 0.0244141
2 0.527344 0.408691 0.0263672 0.0224609
2 0.522217 0.421875 0.0170898 0.0234375
2 0.536621 0.416504 0.0205078 0.0341797
2 0.553955 0.41748 0.0219727 0.0361328
2 0.558105 0.42627 0.0107422 0.0458984
2 0.565918 0.426758 0.0205078 0.0546875
2 0.573975 0.433105 0.019043 0.0654297
2 0.59082 0.430664 0.03125 0.0898438
2 0.595215 0.442383 0.0185547 0.0839844
2 0.628174 0.438965 0.0649414 0.116211
2 0.636475 0.45459 0.0454102 0.12207
2 0.665283 0.466797 0.0649414 0.158203
2 0.724121 0.485352 0.12207 0.21875
2 0.849365 0.533691 0.260254 0.333008
2 0.93042 0.609375 0.134277 0.451172
2 0.45166 0.430176 0.0185547 0.0537109
2 0.447021 0.432129 0.019043 0.0576172
2 0.435547 0.435547 0.0224609 0.0664062
2 0.41748 0.437012 0.0283203 0.0986328
2 0.387695 0.442871 0.0625 0.110352
2 0.352539 0.46582 0.0429688 0.15625
2 0.26001 0.46582 0.157715 0.261719
2 0.117676 0.544434 0.229492 0.295898
