1 0.863281 0.469238 0.0214844 0.100586
1 0.603027 0.421387 0.0078125 0.0126953
1 0.438965 0.404297 0.0302734 0.03125
2 0.878174 0.467285 0.0209961 0.0673828
2 0.770264 0.455566 0.0102539 0.0244141
2 0.754639 0.46582 0.0297852 0.0507812
2 0.695068 0.455566 0.0268555 0.0400391
2 0.717773 0.473145 0.0488281 0.0751953
2 0.651123 0.479492 0.0786133 0.140625
2 0.583008 0.506836 0.103516 0.162109
2 0.476074 0.538574 0.154297 0.24707
2 0.212646 0.603027 0.419434 0.47168
7 0.0222168 0.499512 0.0385742 0.124023
7 0.0146484 0.516602 0.0234375 0.117188
