1 0.601074 0.482422 0.0273438 0.136719
1 0.648682 0.49707 0.0170898 0.101562
1 0.715088 0.480469 0.0454102 0.146484
2 0.53833 0.455078 0.0209961 0.03125
2 0.541504 0.458496 0.0185547 0.0283203
2 0.55957 0.464355 0.015625 0.0458984
2 0.573486 0.466309 0.0307617 0.0537109
2 0.634033 0.488281 0.101074 0.125
2 0.484375 0.466309 0.0126953 0.0439453
2 0.479248 0.467773 0.0141602 0.0507812
2 0.473389 0.470703 0.0151367 0.0585938
2 0.459717 0.473145 0.0307617 0.0732422
2 0.442383 0.48291 0.0322266 0.0908203
2 0.410889 0.491699 0.0532227 0.120117
2 0.394531 0.510254 0.0439453 0.149414
2 0.363525 0.52832 0.074707 0.193359
2 0.227539 0.574219 0.253906 0.324219
