5 0.609375 0.516113 0.130859 0.538086
5 0.364502 0.458008 0.043457 0.185547
2 0.451904 0.430176 0.00537109 0.00683594
2 0.40625 0.446777 0.0253906 0.0439453
2 0.445801 0.447754 0.0175781 0.0400391
2 0.43042 0.452148 0.0297852 0.0410156
2 0.387695 0.450195 0.0351562 0.046875
2 0.730469 0.479004 0.137695 0.188477
2 0.884033 0.535156 0.227051 0.353516
2 0.515381 0.519043 0.120605 0.327148
2 0.265625 0.466309 0.195312 0.28418
2 0.119141 0.594238 0.232422 0.536133
6 0.664551 0.430664 0.0166016 0.0292969
6 0.547852 0.423828 0.0253906 0.0390625
6 0.60498 0.678711 0.0810547 0.275391
6 0.366211 0.529297 0.0078125 0.03125
