1 0.692383 0.42041 0.0224609 0.149414
2 0.522705 0.411133 0.012207 0.0234375
2 0.525635 0.411133 0.012207 0.0214844
2 0.526123 0.413574 0.00732422 0.0146484
2 0.533936 0.411133 0.0141602 0.0234375
2 0.541016 0.411133 0.0078125 0.0234375
2 0.550537 0.40918 0.0161133 0.0273438
2 0.557861 0.409668 0.0180664 0.0263672
2 0.576172 0.410645 0.0361328 0.0283203
2 0.59668 0.414062 0.0078125 0.0351562
2 0.604248 0.416504 0.00927734 0.0361328
2 0.611084 0.416992 0.0180664 0.0429688
2 0.619629 0.41748 0.0136719 0.0517578
2 0.624756 0.419922 0.0151367 0.0585938
2 0.639893 0.419922 0.027832 0.0683594
2 0.663574 0.425293 0.0419922 0.0947266
2 0.69751 0.43457 0.0756836 0.103516
2 0.782715 0.463867 0.121094 0.242188
2 0.887207 0.477051 0.220703 0.374023
2 0.956299 0.575195 0.0825195 0.345703
2 0.0124512 0.503418 0.019043 0.15918
2 0.515625 0.410645 0.00878906 0.0263672
2 0.507324 0.416504 0.0205078 0.0458984
2 0.502686 0.418945 0.0161133 0.0449219
2 0.495117 0.419922 0.0263672 0.0488281
2 0.494385 0.426758 0.00830078 0.0351562
2 0.477539 0.428711 0.0361328 0.0742188
2 0.464355 0.432129 0.0195312 0.0771484
2 0.462891 0.419434 0.0117188 0.0673828
2 0.400635 0.42041 0.120605 0.137695
2 0.411621 0.440918 0.0585938 0.0849609
2 0.405518 0.455078 0.0463867 0.107422
2 0.370117 0.458984 0.0566406 0.134766
2 0.2229 0.505371 0.32373 0.217773
7 0.0668945 0.491699 0.0625 0.106445
7 0.0241699 0.489746 0.0297852 0.106445
