1 0.682129 0.411621 0.00683594 0.0146484
1 0.842773 0.430664 0.00878906 0.0644531
2 0.314453 0.437988 0.0107422 0.0244141
2 0.341064 0.440918 0.0249023 0.0244141
2 0.368652 0.437988 0.0449219 0.0380859
2 0.36792 0.44043 0.0239258 0.0253906
2 0.38208 0.439941 0.0249023 0.0283203
2 0.390869 0.443848 0.0180664 0.0361328
2 0.405273 0.442383 0.0195312 0.0371094
2 0.423096 0.438477 0.0307617 0.0292969
2 0.436279 0.436523 0.0268555 0.0234375
2 0.450439 0.435547 0.0200195 0.0195312
2 0.520508 0.426758 0.0292969 0.0117188
2 0.613525 0.446777 0.0473633 0.0634766
2 0.651367 0.448242 0.0996094 0.0800781
2 0.985107 0.444824 0.0249023 0.0400391
2 0.872314 0.444824 0.0405273 0.0498047
2 0.207764 0.422852 0.0444336 0.0175781
