2 0.467529 0.388672 0.034668 0.0644531
2 0.687988 0.382324 0.0322266 0.0400391
2 0.690186 0.384277 0.0288086 0.0361328
2 0.698975 0.389648 0.0209961 0.0292969
2 0.730957 0.365234 0.0546875 0.0820312
2 0.740234 0.382324 0.0273438 0.0498047
2 0.767822 0.381348 0.0444336 0.0498047
2 0.786621 0.384277 0.0302734 0.0517578
2 0.984131 0.353027 0.0268555 0.0146484
2 0.571777 0.51416 0.248047 0.407227
2 0.34082 0.410156 0.015625 0.0566406
2 0.334961 0.414062 0.0175781 0.0644531
2 0.321533 0.418457 0.0297852 0.0751953
2 0.293457 0.419434 0.0400391 0.110352
2 0.247559 0.429688 0.0927734 0.126953
2 0.0871582 0.461914 0.168457 0.185547
8 0.419434 0.367676 0.123047 0.106445
7 0.911377 0.453613 0.115723 0.161133
