5 0.658447 0.416504 0.0141602 0.0576172
2 0.332031 0.405273 0.00976562 0.0117188
2 0.310059 0.419434 0.0449219 0.0361328
2 0.599121 0.399414 0.0078125 0.0234375
2 0.606689 0.397461 0.0131836 0.0292969
2 0.613037 0.399902 0.00927734 0.0302734
2 0.627197 0.401367 0.00634766 0.03125
2 0.630615 0.400879 0.012207 0.0302734
2 0.640869 0.401367 0.0200195 0.0292969
2 0.643799 0.404785 0.0229492 0.0322266
2 0.50293 0.417969 0.0292969 0.0429688
2 0.459961 0.418457 0.0341797 0.0517578
2 0.353271 0.445801 0.059082 0.0888672
7 0.660156 0.436523 0.0126953 0.0390625
