1 0.541504 0.427246 0.00585938 0.0283203
1 0.226807 0.437988 0.0112305 0.0791016
1 0.12207 0.460449 0.0214844 0.110352
5 0.46875 0.425781 0.0253906 0.0917969
5 0.529541 0.418457 0.0151367 0.0400391
2 0.431641 0.424316 0.00878906 0.0224609
2 0.484131 0.421387 0.00830078 0.0126953
2 0.501953 0.426758 0.0244141 0.0351562
2 0.419922 0.428223 0.0195312 0.0302734
2 0.445557 0.424805 0.0219727 0.0371094
2 0.375732 0.435547 0.00634766 0.0351562
2 0.366211 0.435059 0.0175781 0.0419922
2 0.360352 0.437012 0.0117188 0.0439453
2 0.345215 0.436035 0.0292969 0.0556641
2 0.340088 0.440918 0.0141602 0.0537109
2 0.322266 0.441406 0.0322266 0.0625
2 0.298828 0.451172 0.0351562 0.0703125
2 0.551514 0.431152 0.0170898 0.0439453
2 0.561279 0.432129 0.0200195 0.0478516
2 0.568604 0.434082 0.0200195 0.0517578
2 0.585449 0.436035 0.0371094 0.0615234
2 0.594482 0.438477 0.027832 0.0644531
2 0.767578 0.495117 0.216797 0.320312
6 0.468262 0.456055 0.0175781 0.0820312
6 0.530273 0.439941 0.0126953 0.0498047
