2 0.320801 0.453125 0.0244141 0.0527344
2 0.301758 0.457031 0.046875 0.0585938
2 0.375977 0.438965 0.015625 0.0283203
2 0.415039 0.440918 0.0224609 0.0302734
2 0.430664 0.4375 0.0126953 0.0449219
2 0.437744 0.4375 0.0180664 0.0488281
2 0.446777 0.441406 0.0136719 0.0507812
2 0.460693 0.449707 0.012207 0.0537109
2 0.479248 0.447754 0.034668 0.0712891
2 0.480225 0.458008 0.019043 0.0605469
2 0.489258 0.455078 0.0117188 0.0722656
2 0.500244 0.462402 0.0297852 0.116211
2 0.543945 0.463379 0.0849609 0.149414
2 0.577148 0.486328 0.107422 0.154297
2 0.778809 0.500977 0.271484 0.367188
2 0.358154 0.442383 0.019043 0.0292969
