1 0.596191 0.418945 0.00976562 0.0371094
1 0.609131 0.433594 0.0102539 0.0820312
1 0.625244 0.426758 0.012207 0.0683594
1 0.655029 0.429199 0.019043 0.0986328
1 0.735107 0.443848 0.0268555 0.155273
1 0.767822 0.428223 0.0307617 0.145508
1 0.366699 0.445801 0.0166016 0.0869141
1 0.344482 0.445801 0.0170898 0.0830078
2 0.512451 0.408691 0.0180664 0.0146484
2 0.503174 0.442871 0.0375977 0.0615234
2 0.540283 0.41748 0.019043 0.0263672
2 0.540039 0.437012 0.015625 0.0458984
2 0.560791 0.436035 0.0405273 0.0712891
2 0.511963 0.455566 0.0512695 0.0751953
4 0.43457 0.417969 0.0810547 0.142578
7 0.615234 0.463867 0.0205078 0.0644531
7 0.0185547 0.555176 0.03125 0.145508
