1 0.522217 0.393066 0.00732422 0.0263672
1 0.583496 0.418945 0.00976562 0.0546875
1 0.556152 0.412109 0.0078125 0.0195312
1 0.574219 0.415527 0.00976562 0.0556641
1 0.344727 0.408691 0.00878906 0.0732422
1 0.169434 0.383301 0.00976562 0.0341797
1 0.0803223 0.38916 0.0131836 0.0654297
1 0.162842 0.389648 0.00537109 0.0449219
1 0.150146 0.408203 0.0219727 0.0878906
1 0.0725098 0.410645 0.0229492 0.100586
1 0.0939941 0.403809 0.0385742 0.170898
1 0.132568 0.407715 0.0288086 0.166992
1 0.209229 0.404297 0.012207 0.0996094
1 0.242188 0.381348 0.0166016 0.0615234
1 0.232666 0.377441 0.0141602 0.0537109
1 0.271729 0.37793 0.0141602 0.0546875
1 0.26123 0.377441 0.0117188 0.0537109
1 0.257324 0.386719 0.0146484 0.0566406
1 0.703613 0.398926 0.0166016 0.0439453
1 0.677002 0.399902 0.0209961 0.0400391
1 0.754883 0.396484 0.03125 0.0585938
1 0.805908 0.404297 0.0141602 0.0625
1 0.789062 0.411133 0.0234375 0.078125
1 0.879883 0.401367 0.0390625 0.138672
2 0.594727 0.407227 0.015625 0.015625
2 0.608154 0.405273 0.027832 0.0136719
2 0.0307617 0.395996 0.0556641 0.0576172
2 0.116455 0.396484 0.0141602 0.0546875
6 0.260986 0.425293 0.111816 0.137695
6 0.60791 0.435547 0.0517578 0.109375
6 0.595947 0.463867 0.0229492 0.0664062
6 0.660889 0.456055 0.133301 0.115234
6 0.665527 0.474609 0.0761719 0.146484
6 0.754639 0.420898 0.0639648 0.0585938
7 0.748291 0.519531 0.135254 0.158203
7 0.805176 0.54541 0.141602 0.196289
7 0.87085 0.575195 0.144043 0.210938
7 0.907471 0.596191 0.180176 0.274414
7 0.925537 0.604004 0.144043 0.34668
