1 0.79126 0.422852 0.00927734 0.0703125
2 0.375732 0.398926 0.0141602 0.00878906
2 0.363037 0.399902 0.012207 0.00878906
2 0.299805 0.404785 0.0195312 0.0146484
2 0.240234 0.415039 0.0205078 0.015625
2 0.542725 0.391602 0.0102539 0.03125
2 0.533203 0.392578 0.0136719 0.03125
2 0.521484 0.390137 0.0214844 0.0244141
2 0.517822 0.395996 0.0200195 0.0107422
2 0.590576 0.383789 0.019043 0.0546875
2 0.588623 0.416016 0.00927734 0.0332031
2 0.57251 0.427246 0.0258789 0.0517578
2 0.551758 0.439453 0.0273438 0.0644531
2 0.516846 0.449707 0.0610352 0.102539
2 0.601562 0.415527 0.0205078 0.0478516
2 0.604736 0.425293 0.0102539 0.0419922
2 0.622559 0.420898 0.0322266 0.0605469
2 0.65625 0.468262 0.0878906 0.12793
3 0.439697 0.387207 0.0405273 0.0263672
3 0.640625 0.382324 0.0371094 0.0478516
3 0.564941 0.383301 0.0419922 0.0517578
