1 0.476562 0.421387 0.0078125 0.0341797
2 0.474121 0.42334 0.0117188 0.0146484
2 0.486328 0.421387 0.0107422 0.0126953
2 0.564941 0.413574 0.0117188 0.0205078
2 0.571289 0.430176 0.0166016 0.0498047
2 0.581055 0.43457 0.0224609 0.0605469
2 0.592285 0.438477 0.0214844 0.078125
2 0.610352 0.439941 0.0341797 0.110352
2 0.619141 0.453125 0.0263672 0.119141
2 0.696533 0.438965 0.14209 0.219727
2 0.526367 0.470215 0.0927734 0.161133
2 0.430908 0.426758 0.0180664 0.03125
2 0.385986 0.410645 0.0385742 0.0576172
2 0.377686 0.44043 0.0239258 0.0527344
2 0.351807 0.440918 0.0424805 0.0595703
2 0.268555 0.452148 0.0703125 0.0878906
2 0.109619 0.472656 0.14502 0.140625
2 0.40918 0.438965 0.0419922 0.0595703
8 0.459473 0.411133 0.0761719 0.03125
