1 0.226074 0.37793 0.0136719 0.046875
1 0.225098 0.381836 0.0107422 0.0390625
1 0.233154 0.379395 0.00927734 0.0419922
1 0.266357 0.387695 0.0112305 0.0234375
1 0.281982 0.388672 0.012207 0.0214844
1 0.403564 0.38623 0.0131836 0.0185547
1 0.702881 0.376953 0.012207 0.0214844
1 0.675049 0.375977 0.00439453 0.0234375
1 0.671387 0.375 0.00683594 0.0253906
1 0.666992 0.375 0.0117188 0.0253906
1 0.2771 0.38916 0.0112305 0.0205078
1 0.020752 0.406738 0.0200195 0.186523
1 0.0202637 0.410156 0.0219727 0.169922
1 0.0473633 0.410156 0.0273438 0.177734
1 0.17627 0.377441 0.00976562 0.0400391
1 0.300049 0.425781 0.0395508 0.107422
1 0.34375 0.402832 0.0439453 0.178711
1 0.385498 0.408203 0.0483398 0.179688
1 0.633789 0.391602 0.0283203 0.173828
1 0.650391 0.399902 0.0400391 0.163086
1 0.72998 0.39502 0.0263672 0.133789
1 0.746582 0.393555 0.0332031 0.140625
1 0.905029 0.408203 0.0229492 0.0644531
1 0.933838 0.386719 0.0268555 0.121094
1 0.912109 0.383789 0.0273438 0.134766
1 0.98877 0.391602 0.0175781 0.0625
1 0.992432 0.390137 0.0102539 0.133789
1 0.81665 0.386719 0.027832 0.144531
7 0.259033 0.421387 0.0180664 0.0810547
