1 0.641602 0.400879 0.0078125 0.0166016
1 0.656738 0.399902 0.00488281 0.00488281
1 0.676514 0.422852 0.00537109 0.0429688
1 0.682373 0.420898 0.0112305 0.0625
1 0.694336 0.420898 0.0146484 0.0546875
1 0.63208 0.430176 0.0170898 0.0732422
2 0.606689 0.421387 0.0170898 0.0322266
2 0.651123 0.434082 0.0532227 0.0634766
2 0.707275 0.454102 0.0327148 0.0917969
2 0.736084 0.455566 0.0463867 0.120117
2 0.780518 0.465332 0.101074 0.151367
2 0.870361 0.489258 0.165527 0.191406
2 0.518066 0.413574 0.00195312 0.00488281
2 0.501221 0.42334 0.0102539 0.0244141
2 0.511475 0.419922 0.012207 0.0214844
2 0.491455 0.425781 0.012207 0.0273438
2 0.482666 0.428223 0.0112305 0.0263672
2 0.470459 0.430176 0.0209961 0.0283203
2 0.570068 0.42041 0.0209961 0.0263672
2 0.542969 0.463379 0.0791016 0.118164
2 0.0158691 0.57373 0.0258789 0.245117
2 0.3396 0.443359 0.0717773 0.117188
2 0.262451 0.48584 0.111816 0.141602
7 0.394043 0.438965 0.0126953 0.0322266
7 0.403809 0.439453 0.0175781 0.0292969
