5 0.446289 0.436523 0.0117188 0.0332031
2 0.619385 0.432617 0.0239258 0.0214844
2 0.5 0.450684 0.0253906 0.0400391
2 0.841309 0.392578 0.0214844 0.015625
2 0.57959 0.429199 0.0146484 0.0185547
2 0.662109 0.42041 0.0595703 0.0458984
2 0.727295 0.40918 0.0688477 0.0332031
2 0.761475 0.413086 0.0297852 0.0214844
2 0.807861 0.406738 0.0727539 0.0302734
2 0.898926 0.378418 0.128906 0.0732422
2 0.296875 0.43457 0.0214844 0.00976562
2 0.291016 0.46875 0.0234375 0.0644531
2 0.366455 0.449707 0.00537109 0.0107422
2 0.255371 0.479492 0.0664062 0.0898438
2 0.390869 0.466797 0.0463867 0.0742188
2 0.330322 0.491699 0.0864258 0.133789
2 0.139893 0.505859 0.0893555 0.148438
2 0.060791 0.522949 0.115723 0.194336
6 0.448242 0.46582 0.0107422 0.0371094
7 0.508057 0.453613 0.00927734 0.0341797
7 0.516357 0.455566 0.0161133 0.0498047
