1 0.369873 0.422363 0.00439453 0.0205078
1 0.365234 0.423828 0.00585938 0.0195312
1 0.245605 0.436035 0.0117188 0.0419922
1 0.240234 0.429199 0.0078125 0.0185547
1 0.231689 0.416504 0.00439453 0.00878906
1 0.168457 0.426758 0.0078125 0.0117188
1 0.159668 0.431152 0.00585938 0.0166016
1 0.155518 0.421875 0.00439453 0.0195312
1 0.156982 0.44043 0.00634766 0.0234375
1 0.060791 0.436523 0.00732422 0.015625
1 0.0854492 0.484863 0.00976562 0.0927734
1 0.541504 0.40918 0.00488281 0.0273438
1 0.667725 0.458008 0.043457 0.164062
1 0.646973 0.452148 0.0371094 0.179688
2 0.194336 0.495605 0.123047 0.157227
2 0.30249 0.460938 0.0668945 0.0976562
2 0.034668 0.527832 0.0634766 0.239258
2 0.408936 0.427246 0.0180664 0.0283203
2 0.444824 0.436523 0.0166016 0.0507812
2 0.465088 0.435547 0.0405273 0.078125
2 0.463867 0.444824 0.0253906 0.0751953
2 0.471436 0.452637 0.027832 0.0966797
2 0.51001 0.463867 0.0864258 0.130859
4 0.333984 0.417969 0.0507812 0.0761719
4 0.613281 0.402832 0.142578 0.204102
7 0.70459 0.43457 0.015625 0.0625
7 0.690918 0.436035 0.0175781 0.0615234
7 0.850342 0.442383 0.034668 0.101562
7 0.880127 0.447754 0.043457 0.100586
