1 0.142822 0.422852 0.0161133 0.0839844
1 0.0395508 0.432129 0.0332031 0.108398
1 0.970459 0.450195 0.0541992 0.503906
1 0.925293 0.499023 0.0927734 0.53125
2 0.349609 0.440918 0.0185547 0.0224609
2 0.317139 0.446777 0.0268555 0.0361328
2 0.294189 0.443848 0.00927734 0.0458984
2 0.275635 0.4375 0.0356445 0.0625
2 0.258789 0.446289 0.0273438 0.0527344
2 0.239014 0.441895 0.027832 0.0634766
2 0.224365 0.441406 0.027832 0.0703125
2 0.188721 0.435059 0.0668945 0.0849609
2 0.843018 0.466797 0.0952148 0.0703125
7 0.0170898 0.543945 0.0283203 0.101562
7 0.989014 0.507324 0.0170898 0.19043
