1 0.755127 0.0507812 0.0209961 0.0644531
1 0.732178 0.169922 0.019043 0.0742188
1 0.641357 0.396484 0.0161133 0.0878906
1 0.293945 0.416504 0.0136719 0.131836
1 0.0893555 0.425781 0.0117188 0.0683594
5 0.611328 0.38623 0.0322266 0.0927734
2 0.460938 0.413574 0.00390625 0.0322266
2 0.449707 0.412109 0.0205078 0.0390625
2 0.445557 0.417969 0.027832 0.0488281
2 0.430908 0.416992 0.0170898 0.0742188
2 0.42749 0.428711 0.0102539 0.09375
2 0.362549 0.391113 0.129395 0.272461
3 0.693115 0.364258 0.0883789 0.162109
3 0.493896 0.379395 0.0678711 0.15332
7 0.278809 0.426758 0.00878906 0.0292969
7 0.265625 0.434082 0.00488281 0.0361328
7 0.610107 0.432617 0.0639648 0.0800781
