1 0.690674 0.458008 0.0405273 0.220703
2 0.482666 0.421875 0.0141602 0.0566406
2 0.459473 0.421875 0.0439453 0.0820312
2 0.398682 0.452637 0.0825195 0.125977
2 0.126953 0.567383 0.248047 0.470703
2 0.579834 0.425293 0.0336914 0.0517578
2 0.598389 0.433594 0.0239258 0.0761719
2 0.623291 0.4375 0.0532227 0.0917969
2 0.642822 0.443359 0.0307617 0.0859375
2 0.776611 0.408691 0.0629883 0.0498047
2 0.79248 0.450684 0.0996094 0.104492
2 0.678223 0.462402 0.0947266 0.157227
2 0.933594 0.592773 0.12793 0.271484
6 0.734375 0.475098 0.0751953 0.200195
