1 0.640869 0.428223 0.00439453 0.0244141
1 0.620117 0.416016 0.00976562 0.015625
1 0.440918 0.405762 0.00390625 0.0126953
1 0.462158 0.420898 0.00341797 0.0292969
1 0.44165 0.416016 0.00927734 0.0214844
1 0.144775 0.384277 0.0209961 0.0673828
2 0.498779 0.424316 0.0131836 0.0302734
2 0.499023 0.435547 0.0117188 0.0371094
2 0.48291 0.435547 0.0371094 0.0605469
2 0.589111 0.445801 0.012207 0.0458984
2 0.603027 0.443848 0.0244141 0.0498047
2 0.600342 0.450684 0.0151367 0.0517578
2 0.618896 0.45166 0.0385742 0.0595703
2 0.644775 0.459473 0.0209961 0.0693359
2 0.651855 0.466797 0.0185547 0.0761719
2 0.699951 0.452148 0.0893555 0.138672
2 0.72998 0.48291 0.0761719 0.116211
2 0.775146 0.496582 0.0698242 0.145508
2 0.862793 0.499023 0.167969 0.222656
2 0.37085 0.366211 0.0756836 0.263672
3 0.512939 0.387695 0.0180664 0.0996094
3 0.546387 0.412598 0.0644531 0.129883
6 0.0922852 0.393066 0.0332031 0.0498047
6 0.23877 0.421875 0.0361328 0.113281
6 0.19458 0.457031 0.0834961 0.15625
6 0.197021 0.490234 0.0551758 0.107422
6 0.164062 0.476074 0.0703125 0.147461
6 0.111328 0.479004 0.116211 0.170898
6 0.0649414 0.477539 0.124023 0.230469
7 0.95752 0.506836 0.0380859 0.101562
