1 0.0302734 0.407715 0.0126953 0.0595703
1 0.180176 0.408203 0.00976562 0.046875
1 0.66333 0.419434 0.0200195 0.12793
1 0.0456543 0.406738 0.0102539 0.0517578
1 0.188721 0.408203 0.012207 0.078125
1 0.196289 0.409668 0.0078125 0.0634766
1 0.201416 0.416016 0.0112305 0.0507812
5 0.574707 0.42041 0.0234375 0.106445
5 0.615479 0.430176 0.0366211 0.188477
2 0.397217 0.419434 0.0444336 0.0498047
2 0.434814 0.428223 0.0444336 0.0771484
2 0.491699 0.440918 0.0917969 0.157227
3 0.182129 0.393066 0.0244141 0.0634766
7 0.616455 0.476074 0.0375977 0.120117
7 0.576416 0.45166 0.0141602 0.0751953
