1 0.688965 0.405273 0.00585938 0.0175781
1 0.682861 0.402832 0.00439453 0.00878906
5 0.381104 0.420898 0.0239258 0.0839844
2 0.203125 0.410156 0.0224609 0.015625
2 0.256348 0.417969 0.0253906 0.0234375
2 0.2229 0.418945 0.0473633 0.0410156
2 0.376221 0.397949 0.0375977 0.0341797
2 0.394775 0.416992 0.0170898 0.0351562
2 0.352539 0.41748 0.0351562 0.0322266
2 0.462402 0.432129 0.0263672 0.0751953
2 0.429688 0.431641 0.0566406 0.0976562
2 0.577148 0.40625 0.0166016 0.0390625
2 0.0947266 0.474609 0.183594 0.226562
2 0.777832 0.407715 0.00976562 0.0361328
2 0.673584 0.413574 0.0385742 0.0302734
7 0.380371 0.437988 0.015625 0.0498047
