1 0.655029 0.378906 0.00634766 0.015625
1 0.651367 0.377441 0.00585938 0.0185547
1 0.63623 0.375977 0.00878906 0.0195312
1 0.626709 0.374512 0.0112305 0.0244141
1 0.644775 0.376465 0.00830078 0.0185547
1 0.873047 0.383789 0.00488281 0.03125
1 0.111816 0.416504 0.0361328 0.120117
2 0.627441 0.372559 0.0205078 0.0263672
2 0.705078 0.410156 0.0488281 0.046875
2 0.676514 0.409668 0.0385742 0.0458984
2 0.658447 0.410156 0.0532227 0.0507812
2 0.736328 0.418457 0.0419922 0.0537109
2 0.869385 0.430664 0.0415039 0.0605469
2 0.898926 0.391113 0.0322266 0.0322266
2 0.806396 0.450195 0.103027 0.142578
2 0.918213 0.454102 0.0161133 0.111328
2 0.956787 0.452148 0.081543 0.167969
3 0.451416 0.369141 0.394043 0.369141
4 0.762695 0.375488 0.0175781 0.0458984
