1 0.717041 0.354004 0.00439453 0.0205078
1 0.489258 0.349609 0.00585938 0.0117188
1 0.478271 0.349609 0.0112305 0.015625
1 0.459229 0.356934 0.00634766 0.0205078
1 0.351562 0.370605 0.0224609 0.102539
2 0.678711 0.366211 0.00878906 0.0214844
2 0.693848 0.359375 0.0234375 0.0175781
2 0.712402 0.380371 0.0185547 0.0322266
2 0.69043 0.388184 0.0332031 0.0517578
2 0.581055 0.337891 0.00878906 0.0136719
2 0.61792 0.349121 0.0151367 0.0146484
2 0.62915 0.364258 0.0180664 0.015625
2 0.633789 0.385742 0.0166016 0.0351562
2 0.629639 0.383789 0.00634766 0.0253906
2 0.606689 0.35498 0.0268555 0.0185547
2 0.623535 0.384277 0.0146484 0.0400391
2 0.610352 0.387695 0.0263672 0.0546875
2 0.605225 0.384766 0.0161133 0.046875
2 0.60498 0.394531 0.0136719 0.0546875
2 0.554932 0.393555 0.0913086 0.103516
2 0.55835 0.405762 0.0444336 0.0908203
2 0.556396 0.416016 0.0268555 0.0820312
2 0.48584 0.410645 0.136719 0.112305
2 0.206055 0.470703 0.265625 0.259766
2 0.802002 0.393555 0.0180664 0.0527344
2 0.772461 0.397461 0.0546875 0.0839844
