1 0.586914 0.434082 0.00585938 0.0341797
1 0.580811 0.437012 0.00341797 0.0263672
1 0.574707 0.438477 0.00488281 0.0273438
1 0.594727 0.431641 0.00585938 0.0371094
1 0.602295 0.433105 0.00537109 0.0361328
1 0.657227 0.436035 0.00585938 0.0615234
1 0.257812 0.436035 0.0166016 0.0771484
1 0.237793 0.437988 0.015625 0.0869141
1 0.225342 0.439941 0.0141602 0.0791016
1 0.208496 0.438477 0.0146484 0.0859375
1 0.615723 0.438965 0.0175781 0.141602
1 0.63916 0.426758 0.00878906 0.0390625
1 0.646729 0.441406 0.0209961 0.130859
1 0.677246 0.441406 0.0380859 0.210938
1 0.727295 0.427734 0.0473633 0.25
1 0.785156 0.437012 0.0332031 0.223633
2 0.518799 0.441406 0.00732422 0.0117188
2 0.505127 0.442871 0.00927734 0.0107422
2 0.530273 0.440918 0.0117188 0.0166016
2 0.543701 0.44043 0.00732422 0.0214844
2 0.550049 0.439941 0.00732422 0.0244141
2 0.558594 0.439453 0.0185547 0.0273438
2 0.494629 0.441895 0.00878906 0.0126953
2 0.468506 0.443848 0.0161133 0.0263672
2 0.454102 0.442383 0.0166016 0.0332031
2 0.419922 0.446777 0.0322266 0.0576172
2 0.351807 0.440918 0.105957 0.112305
