5 0.387451 0.414551 0.0151367 0.0673828
5 0.240234 0.406738 0.015625 0.0595703
2 0.106445 0.424316 0.0585938 0.0654297
2 0.0625 0.442383 0.0742188 0.132812
2 0.32959 0.418945 0.0400391 0.0390625
2 0.499023 0.424805 0.0117188 0.0273438
2 0.48877 0.412598 0.0224609 0.0498047
2 0.481934 0.415527 0.00878906 0.0224609
2 0.478271 0.437012 0.0161133 0.0283203
2 0.435791 0.426758 0.0698242 0.0585938
2 0.432861 0.428711 0.065918 0.0546875
2 0.688965 0.44873 0.129883 0.0830078
2 0.98584 0.391602 0.0234375 0.0273438
2 0.953369 0.405762 0.0209961 0.0107422
2 0.937012 0.411621 0.0214844 0.0302734
2 0.942871 0.45166 0.109375 0.0966797
2 0.57251 0.435547 0.0629883 0.0742188
3 0.266846 0.384766 0.00732422 0.0234375
7 0.391357 0.435547 0.0239258 0.046875
7 0.24292 0.427246 0.0375977 0.0458984
