1 0.105225 0.460449 0.00830078 0.0537109
1 0.128662 0.445312 0.00927734 0.0175781
1 0.092041 0.45166 0.00830078 0.0205078
1 0.0786133 0.463867 0.0117188 0.0546875
1 0.0634766 0.469238 0.0322266 0.182617
1 0.0231934 0.474609 0.0327148 0.177734
1 0.0302734 0.512207 0.0546875 0.448242
1 0.523438 0.427734 0.0146484 0.0898438
1 0.257812 0.466309 0.0224609 0.172852
1 0.283691 0.501953 0.0771484 0.220703
1 0.179443 0.458496 0.0161133 0.137695
1 0.165039 0.453125 0.0253906 0.169922
1 0.196777 0.465332 0.0361328 0.198242
1 0.223389 0.482422 0.0678711 0.306641
1 0.867188 0.419922 0.00488281 0.0273438
1 0.869385 0.425293 0.00341797 0.0244141
1 0.871338 0.423828 0.00439453 0.0273438
1 0.873291 0.421875 0.012207 0.03125
1 0.944824 0.429688 0.0439453 0.234375
1 0.9646 0.4375 0.0463867 0.238281
1 0.984619 0.43457 0.0258789 0.255859
1 0.90625 0.387695 0.0107422 0.0625
1 0.889404 0.452148 0.0395508 0.251953
1 0.935791 0.436523 0.0825195 0.294922
1 0.776611 0.419922 0.00927734 0.0332031
1 0.766602 0.403809 0.0078125 0.0185547
1 0.770996 0.421875 0.0107422 0.03125
1 0.713135 0.405273 0.012207 0.0742188
1 0.730469 0.421387 0.0195312 0.0869141
1 0.787354 0.436035 0.043457 0.18457
1 0.784424 0.442871 0.0424805 0.186523
1 0.817627 0.450684 0.0541992 0.319336
1 0.847168 0.463379 0.0537109 0.31543
1 0.5354 0.427246 0.0131836 0.0830078
1 0.551514 0.445312 0.0366211 0.216797
1 0.615479 0.350098 0.00634766 0.0263672
1 0.558105 0.450684 0.0361328 0.227539
1 0.567871 0.452148 0.0361328 0.234375
1 0.634766 0.459473 0.0205078 0.143555
1 0.657715 0.449707 0.0527344 0.176758
1 0.668213 0.45166 0.0297852 0.198242
1 0.671387 0.445312 0.0488281 0.214844
1 0.639404 0.444824 0.0473633 0.237305
1 0.597412 0.479492 0.108887 0.402344
1 0.516602 0.467773 0.0273438 0.181641
1 0.496826 0.455566 0.0395508 0.231445
1 0.452393 0.614746 0.0639648 0.0791016
1 0.469971 0.463379 0.074707 0.383789
1 0.389404 0.491699 0.0737305 0.364258
1 0.441162 0.498535 0.0991211 0.430664
1 0.429199 0.498535 0.12207 0.459961
1 0.311768 0.472656 0.108887 0.458984
1 0.708252 0.432129 0.0483398 0.196289
2 0.109863 0.467285 0.00585938 0.0322266
2 0.192871 0.45166 0.119141 0.116211
2 0.27002 0.442871 0.0078125 0.0341797
2 0.361084 0.443848 0.0151367 0.0595703
2 0.527832 0.428711 0.0283203 0.0703125
2 0.543213 0.45752 0.00244141 0.0166016
2 0.0693359 0.479004 0.0390625 0.0341797
2 0.685547 0.424805 0.0175781 0.09375
6 0.0895996 0.473633 0.00732422 0.0234375
