1 0.419678 0.428223 0.0151367 0.0595703
1 0.416748 0.429688 0.00830078 0.0566406
1 0.40918 0.422852 0.00878906 0.0371094
1 0.368652 0.416992 0.0078125 0.0214844
1 0.475098 0.416016 0.00976562 0.0429688
1 0.499756 0.422852 0.0141602 0.0566406
1 0.606201 0.405273 0.012207 0.0507812
5 0.489014 0.427734 0.0141602 0.0546875
5 0.646484 0.445312 0.0244141 0.179688
5 0.626709 0.470215 0.0385742 0.204102
2 0.56665 0.415527 0.0239258 0.0478516
2 0.560547 0.419922 0.03125 0.0449219
2 0.372803 0.47998 0.050293 0.135742
2 0.266357 0.453125 0.174316 0.316406
2 0.0783691 0.616699 0.150879 0.401367
7 0.59375 0.430664 0.0214844 0.0449219
7 0.607666 0.436523 0.0209961 0.0546875
7 0.406982 0.44873 0.0131836 0.0419922
7 0.487061 0.443359 0.0327148 0.0371094
7 0.644043 0.503418 0.0166016 0.0947266
7 0.627686 0.539551 0.0229492 0.114258
