1 0.628662 0.438477 0.0102539 0.0410156
1 0.619385 0.4375 0.0102539 0.0429688
1 0.560303 0.440918 0.0102539 0.0517578
1 0.509277 0.450195 0.0107422 0.0585938
1 0.468506 0.452637 0.0102539 0.0654297
1 0.423096 0.452148 0.0112305 0.0703125
1 0.403076 0.462891 0.012207 0.0566406
1 0.247314 0.461426 0.00927734 0.0615234
1 0.267334 0.462891 0.0102539 0.0820312
1 0.262451 0.468262 0.019043 0.120117
1 0.231445 0.465332 0.0244141 0.0947266
1 0.810791 0.4375 0.00927734 0.0527344
1 0.798584 0.435547 0.00732422 0.0703125
1 0.694092 0.450195 0.019043 0.0800781
1 0.711182 0.44873 0.0141602 0.0849609
1 0.726318 0.449219 0.0170898 0.105469
1 0.744141 0.444824 0.0136719 0.110352
1 0.763428 0.460449 0.00732422 0.0869141
1 0.75415 0.445312 0.019043 0.138672
1 0.78833 0.453613 0.034668 0.147461
1 0.822998 0.445312 0.0209961 0.144531
1 0.910645 0.421387 0.0214844 0.104492
1 0.91333 0.462891 0.0327148 0.144531
1 0.921143 0.489746 0.0366211 0.108398
1 0.88916 0.449707 0.0419922 0.237305
1 0.960449 0.445312 0.0693359 0.259766
1 0.738037 0.461426 0.0229492 0.108398
1 0.668945 0.441406 0.00878906 0.0429688
5 0.457275 0.452148 0.012207 0.0546875
7 0.492676 0.461426 0.015625 0.0380859
7 0.456299 0.461914 0.0180664 0.0332031
