1 0.888672 0.437012 0.0634766 0.28418
1 0.725586 0.403809 0.03125 0.168945
2 0.989746 0.437988 0.015625 0.124023
2 0.433594 0.408203 0.00976562 0.0117188
2 0.444092 0.407227 0.0288086 0.0214844
2 0.456543 0.413574 0.00976562 0.0263672
2 0.467529 0.411133 0.0180664 0.0332031
2 0.470947 0.413574 0.0112305 0.0341797
2 0.476562 0.412109 0.00878906 0.0371094
2 0.482178 0.412109 0.0131836 0.0371094
2 0.489746 0.413574 0.0107422 0.0439453
2 0.505127 0.414062 0.0307617 0.0488281
2 0.483643 0.414551 0.0131836 0.0380859
2 0.528564 0.421875 0.0131836 0.0566406
2 0.536133 0.423828 0.0214844 0.0644531
2 0.556396 0.427246 0.0454102 0.0732422
2 0.618896 0.435547 0.0913086 0.125
2 0.373291 0.378418 0.0805664 0.0244141
2 0.366455 0.42041 0.0268555 0.0654297
2 0.121338 0.373047 0.0239258 0.0175781
2 0.333496 0.430176 0.0371094 0.0986328
2 0.326416 0.435059 0.043457 0.106445
2 0.294434 0.435547 0.0585938 0.119141
2 0.161621 0.376465 0.0712891 0.0224609
2 0.164307 0.394531 0.0297852 0.0195312
2 0.142578 0.400391 0.0449219 0.0371094
2 0.0961914 0.424316 0.117188 0.114258
2 0.0266113 0.416504 0.0473633 0.0712891
2 0.208496 0.438965 0.19043 0.131836
3 0.298096 0.361328 0.0698242 0.0429688
3 0.396973 0.427734 0.0537109 0.078125
7 0.2146 0.459961 0.0727539 0.117188
