1 0.203369 0.411621 0.012207 0.0419922
1 0.0878906 0.452148 0.0146484 0.0898438
1 0.157227 0.460938 0.0380859 0.09375
1 0.525391 0.431641 0.0341797 0.154297
1 0.603027 0.445801 0.0449219 0.15332
1 0.734375 0.44043 0.0390625 0.273438
1 0.705078 0.439941 0.0498047 0.336914
1 0.992188 0.422363 0.0107422 0.157227
5 0.356445 0.423828 0.0195312 0.0664062
5 0.334961 0.427734 0.0185547 0.0898438
2 0.0178223 0.442383 0.0297852 0.0996094
2 0.12207 0.442871 0.0673828 0.0771484
2 0.242188 0.443359 0.0839844 0.0644531
2 0.503174 0.431152 0.0249023 0.0576172
6 0.361328 0.492188 0.118164 0.167969
7 0.097168 0.477539 0.0205078 0.0410156
7 0.450439 0.454102 0.0424805 0.0859375
7 0.725098 0.455566 0.100586 0.104492
