1 0.517334 0.411621 0.00927734 0.0556641
1 0.56665 0.406738 0.0170898 0.100586
2 0.911377 0.409668 0.0561523 0.0400391
2 0.971191 0.39209 0.0527344 0.0830078
2 0.781494 0.410645 0.0151367 0.0146484
2 0.752441 0.41748 0.00683594 0.0205078
2 0.746338 0.417969 0.0102539 0.0253906
2 0.741943 0.418945 0.0102539 0.0292969
2 0.727295 0.412109 0.0209961 0.0429688
2 0.723389 0.416504 0.0219727 0.0380859
2 0.69165 0.416016 0.0639648 0.0488281
2 0.617188 0.401855 0.116211 0.0869141
2 0.794922 0.391113 0.0126953 0.0556641
2 0.840088 0.410645 0.102051 0.114258
3 0.344971 0.385742 0.106934 0.201172
