5 0.509766 0.417969 0.0126953 0.0332031
2 0.332275 0.427246 0.00927734 0.0263672
2 0.337646 0.428223 0.00634766 0.0263672
2 0.34375 0.428711 0.0126953 0.03125
2 0.3479 0.432617 0.00537109 0.0351562
2 0.552246 0.404297 0.0283203 0.0117188
2 0.560791 0.405273 0.0170898 0.00976562
2 0.584961 0.402832 0.0380859 0.0146484
2 0.488281 0.410156 0.0244141 0.0117188
2 0.132324 0.522461 0.139648 0.210938
2 0.0605469 0.637207 0.115234 0.547852
4 0.480469 0.407227 0.0449219 0.0136719
4 0.398682 0.408203 0.119629 0.175781
6 0.51001 0.452148 0.012207 0.0390625
