1 0.430908 0.435059 0.0170898 0.0849609
1 0.470947 0.440918 0.00732422 0.0283203
1 0.576172 0.415527 0.00585938 0.0126953
1 0.673096 0.446289 0.0180664 0.0820312
5 0.625244 0.441406 0.0209961 0.0917969
5 0.645264 0.447754 0.0239258 0.112305
5 0.736816 0.475586 0.0390625 0.181641
2 0.520264 0.43457 0.0239258 0.0332031
2 0.489258 0.439453 0.0341797 0.0507812
2 0.554932 0.416016 0.012207 0.0117188
2 0.554443 0.430176 0.0131836 0.0244141
2 0.562744 0.435547 0.0209961 0.0351562
2 0.56665 0.437988 0.0239258 0.0380859
7 0.626709 0.472656 0.0112305 0.0546875
7 0.648193 0.478027 0.0141602 0.0654297
7 0.730469 0.521973 0.0322266 0.131836
