2 0.54834 0.394531 0.0166016 0.0234375
2 0.57251 0.387207 0.0170898 0.0126953
2 0.567871 0.402832 0.0146484 0.0341797
2 0.576172 0.404785 0.0136719 0.0419922
2 0.581787 0.406738 0.0151367 0.0478516
2 0.614014 0.387695 0.012207 0.0214844
2 0.598877 0.405762 0.0327148 0.0517578
2 0.640137 0.422852 0.046875 0.107422
2 0.653809 0.431152 0.0439453 0.12207
2 0.693359 0.43457 0.078125 0.177734
2 0.779785 0.462891 0.167969 0.253906
2 0.877686 0.526367 0.239746 0.351562
2 0.493652 0.404297 0.00585938 0.0332031
2 0.491455 0.404297 0.00927734 0.0332031
2 0.484131 0.405273 0.0161133 0.0390625
2 0.482178 0.408203 0.00927734 0.0351562
2 0.480469 0.411621 0.00585938 0.0400391
2 0.464355 0.408691 0.0351562 0.0556641
2 0.417236 0.427246 0.012207 0.0771484
2 0.387695 0.422852 0.0576172 0.113281
2 0.358643 0.436035 0.0678711 0.12793
2 0.328613 0.453613 0.0693359 0.141602
2 0.270752 0.472168 0.0932617 0.172852
2 0.177979 0.496582 0.172363 0.239258
2 0.0695801 0.558105 0.133301 0.356445
