1 0.312988 0.367188 0.00683594 0.00585938
1 0.291504 0.374023 0.0107422 0.03125
1 0.278809 0.389648 0.0166016 0.0625
1 0.168213 0.363281 0.0131836 0.0253906
1 0.135986 0.395508 0.0180664 0.078125
1 0.151367 0.378418 0.0224609 0.0576172
1 0.113037 0.42627 0.0219727 0.143555
5 0.371094 0.437012 0.0527344 0.241211
2 0.545654 0.396973 0.019043 0.0185547
2 0.335938 0.380859 0.0205078 0.0292969
2 0.449463 0.415527 0.00830078 0.0400391
2 0.429443 0.405273 0.0375977 0.0742188
2 0.428711 0.415527 0.0322266 0.0654297
2 0.407227 0.416992 0.0361328 0.0800781
2 0.397461 0.423828 0.0263672 0.0917969
2 0.316406 0.43457 0.0722656 0.128906
2 0.205811 0.472168 0.194824 0.204102
7 0.371094 0.517578 0.0234375 0.121094
