1 0.505127 0.380371 0.00439453 0.0185547
1 0.511475 0.381348 0.00341797 0.0166016
2 0.164795 0.436523 0.0209961 0.00976562
2 0.186035 0.434082 0.0292969 0.00878906
2 0.255859 0.421875 0.0205078 0.00390625
2 0.291016 0.418457 0.015625 0.00292969
2 0.355957 0.410156 0.0673828 0.0234375
2 0.57373 0.378906 0.0146484 0.0214844
2 0.599365 0.405273 0.0483398 0.0839844
2 0.600586 0.42334 0.0234375 0.0908203
2 0.625732 0.427734 0.0522461 0.111328
2 0.656006 0.435059 0.0698242 0.12207
2 0.746338 0.45459 0.154785 0.209961
