1 0.0314941 0.628906 0.0571289 0.259766
1 0.28418 0.549805 0.0830078 0.589844
1 0.259766 0.539551 0.194336 0.733398
1 0.523926 0.555176 0.0966797 0.745117
1 0.431885 0.523926 0.218262 0.836914
1 0.973145 0.725098 0.0488281 0.178711
1 0.717285 0.519043 0.0986328 0.553711
2 0.756592 0.420898 0.0141602 0.0214844
2 0.775146 0.421875 0.0141602 0.0273438
2 0.765625 0.425293 0.0185547 0.0244141
2 0.899658 0.42334 0.0766602 0.0576172
2 0.970703 0.424316 0.0537109 0.0595703
2 0.619385 0.425293 0.0102539 0.0302734
2 0.632568 0.420898 0.0258789 0.0390625
2 0.665771 0.413574 0.065918 0.0654297
2 0.32251 0.445801 0.027832 0.0537109
2 0.081543 0.419434 0.0917969 0.0302734
