2 0.512939 0.386719 0.00634766 0.015625
2 0.505371 0.383789 0.0117188 0.0195312
2 0.63623 0.414062 0.0576172 0.105469
2 0.657715 0.42627 0.0322266 0.12793
2 0.727295 0.415039 0.134277 0.220703
2 0.794678 0.454102 0.153809 0.257812
2 0.895508 0.503906 0.204102 0.380859
2 0.988525 0.621094 0.0180664 0.224609
2 0.433838 0.394531 0.0151367 0.0332031
2 0.416748 0.399414 0.0405273 0.0429688
2 0.377686 0.399902 0.0463867 0.0439453
2 0.369141 0.411133 0.0224609 0.0253906
2 0.337646 0.413574 0.0522461 0.0693359
2 0.315918 0.408203 0.0566406 0.0644531
2 0.266113 0.423828 0.0908203 0.0957031
2 0.262939 0.446289 0.027832 0.0703125
2 0.20874 0.431641 0.109863 0.117188
2 0.164551 0.44873 0.117188 0.141602
2 0.0612793 0.425293 0.116699 0.270508
2 0.0202637 0.514648 0.034668 0.103516
2 0.473389 0.41748 0.0766602 0.120117
