1 0.286377 0.418945 0.00830078 0.0136719
1 0.29541 0.418945 0.0078125 0.0136719
1 0.637207 0.443359 0.0136719 0.0625
1 0.643799 0.445312 0.0229492 0.0625
1 0.681885 0.493652 0.0317383 0.129883
1 0.734131 0.519531 0.00634766 0.0332031
1 0.708496 0.452637 0.0283203 0.258789
1 0.728027 0.465332 0.0478516 0.274414
1 0.837646 0.490234 0.0483398 0.314453
1 0.914551 0.465332 0.0341797 0.313477
1 0.914795 0.49707 0.0375977 0.322266
1 0.769043 0.482422 0.0615234 0.351562
1 0.67749 0.459961 0.0463867 0.263672
1 0.866455 0.501953 0.0922852 0.382812
1 0.951904 0.494141 0.0708008 0.376953
5 0.657715 0.459961 0.0175781 0.0761719
2 0.424805 0.435547 0.0078125 0.046875
2 0.44458 0.41748 0.0395508 0.0517578
2 0.403564 0.431641 0.0258789 0.0488281
2 0.406494 0.44043 0.0239258 0.0332031
2 0.446045 0.447266 0.0415039 0.0859375
2 0.451172 0.458496 0.0214844 0.0810547
2 0.484131 0.414551 0.0463867 0.0205078
2 0.477783 0.477051 0.0610352 0.133789
2 0.355225 0.434082 0.0161133 0.0302734
2 0.352295 0.435059 0.0141602 0.0302734
2 0.352783 0.4375 0.00732422 0.0253906
2 0.349609 0.437988 0.0078125 0.0283203
2 0.343506 0.439453 0.0131836 0.03125
2 0.33667 0.44043 0.0180664 0.0332031
2 0.319336 0.445312 0.0263672 0.0546875
2 0.307373 0.450684 0.0258789 0.0537109
2 0.295166 0.453613 0.0288086 0.0556641
2 0.292969 0.458496 0.0244141 0.0595703
2 0.284912 0.463379 0.0141602 0.0634766
2 0.991699 0.580566 0.0117188 0.0869141
3 0.142578 0.373047 0.279297 0.617188
7 0.659668 0.486816 0.0136719 0.0498047
7 0.602051 0.496582 0.125977 0.178711
