1 0.271484 0.415527 0.0117188 0.0537109
5 0.83252 0.502441 0.121094 0.452148
2 0.157227 0.43457 0.00878906 0.0117188
2 0.174072 0.44043 0.0249023 0.0371094
2 0.118652 0.436523 0.0175781 0.0371094
2 0.137939 0.442383 0.0307617 0.0488281
2 0.10083 0.44873 0.0395508 0.0537109
2 0.0493164 0.442871 0.0185547 0.0341797
2 0.0378418 0.443359 0.0180664 0.0351562
2 0.027832 0.444336 0.0175781 0.0390625
2 0.013916 0.445312 0.0219727 0.0410156
2 0.938721 0.436523 0.117676 0.126953
2 0.979248 0.459961 0.0366211 0.0820312
7 0.848389 0.604004 0.164551 0.336914
