1 0.00512695 0.385742 0.00439453 0.03125
1 0.00756836 0.391113 0.00732422 0.0205078
1 0.246094 0.398926 0.0244141 0.125977
1 0.418945 0.390137 0.015625 0.0634766
1 0.279297 0.401367 0.0234375 0.121094
1 0.399658 0.388672 0.0161133 0.0644531
1 0.481445 0.38916 0.00976562 0.0556641
1 0.523926 0.391113 0.00976562 0.0537109
1 0.691162 0.384766 0.00830078 0.046875
1 0.716553 0.35791 0.00927734 0.0244141
1 0.843018 0.322754 0.012207 0.0126953
5 0.701904 0.377441 0.0131836 0.0361328
2 0.657471 0.350098 0.0288086 0.0244141
2 0.659912 0.405762 0.0610352 0.0908203
2 0.744385 0.411621 0.043457 0.157227
2 0.800293 0.416992 0.135742 0.255859
2 0.845703 0.460938 0.129883 0.292969
2 0.919189 0.535645 0.156738 0.448242
6 0.716553 0.424805 0.0180664 0.109375
6 0.725098 0.422363 0.0224609 0.104492
7 0.700928 0.394531 0.0141602 0.0273438
