1 0.699219 0.4375 0.0400391 0.177734
2 0.46875 0.424805 0.0126953 0.0214844
2 0.479492 0.426758 0.00878906 0.0175781
2 0.484863 0.426758 0.00683594 0.0175781
2 0.494629 0.422852 0.0126953 0.0273438
2 0.49292 0.426758 0.0102539 0.0195312
2 0.500244 0.42627 0.0102539 0.0205078
2 0.503662 0.427734 0.00830078 0.0195312
2 0.517334 0.428711 0.0151367 0.0273438
2 0.526123 0.429688 0.00927734 0.0351562
2 0.533691 0.430664 0.0166016 0.0410156
2 0.538818 0.433594 0.00732422 0.0410156
2 0.552002 0.417969 0.0239258 0.03125
2 0.550781 0.43457 0.0253906 0.0566406
2 0.556396 0.439453 0.0102539 0.0527344
2 0.565674 0.435547 0.0219727 0.0605469
2 0.579834 0.446777 0.0483398 0.0771484
2 0.592041 0.444336 0.0581055 0.0878906
