1 0.710693 0.456055 0.0249023 0.125
1 0.728027 0.449219 0.0263672 0.158203
1 0.752441 0.472168 0.0429688 0.208008
1 0.932129 0.484863 0.0625 0.254883
1 0.890137 0.468262 0.0556641 0.305664
1 0.415039 0.434082 0.0166016 0.104492
1 0.27124 0.429199 0.019043 0.135742
1 0.275391 0.430176 0.0273438 0.133789
1 0.249023 0.425293 0.0273438 0.131836
1 0.116699 0.344727 0.0205078 0.046875
1 0.0871582 0.395996 0.0219727 0.15918
1 0.0415039 0.389648 0.0234375 0.171875
1 0.0668945 0.396973 0.0224609 0.161133
1 0.0510254 0.398438 0.027832 0.166016
1 0.118652 0.412598 0.0136719 0.145508
1 0.0974121 0.405762 0.0327148 0.163086
1 0.177734 0.437988 0.0507812 0.211914
1 0.220947 0.449707 0.0385742 0.196289
1 0.135986 0.441895 0.0483398 0.274414
1 0.397217 0.429688 0.0229492 0.107422
1 0.380859 0.42334 0.0195312 0.124023
1 0.342041 0.416016 0.0161133 0.132812
1 0.332275 0.377441 0.0180664 0.0498047
1 0.320557 0.377441 0.00830078 0.0224609
1 0.297119 0.433105 0.0209961 0.124023
1 0.311523 0.43457 0.0175781 0.136719
1 0.362793 0.433594 0.0322266 0.173828
1 0.327637 0.442383 0.0371094 0.15625
5 0.603271 0.461914 0.0209961 0.0898438
2 0.449951 0.459473 0.0200195 0.0322266
2 0.614014 0.472168 0.0541992 0.0595703
2 0.567383 0.471191 0.046875 0.0693359
2 0.969482 0.556152 0.0561523 0.362305
