1 0.848389 0.395996 0.0327148 0.155273
1 0.935303 0.393555 0.0249023 0.142578
1 0.91333 0.39209 0.0219727 0.147461
1 0.527832 0.402832 0.00976562 0.0478516
1 0.41748 0.405273 0.00976562 0.0253906
1 0.398926 0.410645 0.0166016 0.102539
1 0.383057 0.409668 0.0200195 0.112305
1 0.342773 0.411133 0.0185547 0.107422
1 0.358398 0.414062 0.0185547 0.103516
1 0.189209 0.430664 0.0297852 0.185547
2 0.61792 0.400391 0.0170898 0.0253906
2 0.521484 0.412109 0.0175781 0.0566406
2 0.501709 0.412598 0.0336914 0.0693359
2 0.498535 0.417969 0.0253906 0.0664062
2 0.471436 0.416992 0.0454102 0.0859375
2 0.44873 0.430176 0.0732422 0.0986328
7 0.984619 0.40918 0.0239258 0.0664062
