1 0.328857 0.40625 0.019043 0.109375
1 0.353027 0.40332 0.0224609 0.109375
1 0.503418 0.376953 0.00195312 0.0078125
1 0.506348 0.360352 0.00292969 0.0078125
1 0.570068 0.366699 0.00927734 0.0166016
1 0.783691 0.428223 0.0234375 0.139648
1 0.717041 0.452637 0.0161133 0.118164
1 0.753662 0.414551 0.0258789 0.194336
1 0.615723 0.386719 0.0195312 0.121094
1 0.509521 0.371094 0.00439453 0.0195312
5 0.520508 0.365234 0.00683594 0.0175781
5 0.5271 0.369629 0.00439453 0.0224609
5 0.539307 0.382324 0.0112305 0.0810547
5 0.550293 0.38623 0.0185547 0.0791016
5 0.746094 0.439453 0.00976562 0.078125
2 0.359131 0.417969 0.0532227 0.0820312
2 0.407227 0.376465 0.0478516 0.108398
2 0.463135 0.384766 0.0151367 0.03125
2 0.484131 0.357422 0.00830078 0.0117188
2 0.488281 0.36377 0.0107422 0.0146484
2 0.495117 0.371094 0.0107422 0.0195312
7 0.520508 0.379395 0.00390625 0.0126953
7 0.526855 0.377441 0.00195312 0.0126953
7 0.541748 0.405762 0.00634766 0.0458984
7 0.549805 0.407715 0.0078125 0.0517578
7 0.148193 0.437012 0.0307617 0.0439453
