1 0.337402 0.451172 0.0234375 0.0703125
1 0.231689 0.451172 0.0249023 0.0859375
1 0.303223 0.45166 0.0214844 0.0771484
1 0.285889 0.450195 0.034668 0.0800781
1 0.659912 0.438965 0.0102539 0.0615234
1 0.648193 0.432129 0.00830078 0.0341797
1 0.651367 0.444824 0.0136719 0.0498047
1 0.641113 0.443848 0.0107422 0.0556641
1 0.629883 0.442871 0.0126953 0.0576172
1 0.417969 0.443848 0.0078125 0.0205078
1 0.431396 0.438477 0.0151367 0.0859375
1 0.458496 0.419922 0.00878906 0.0410156
1 0.454102 0.444824 0.0185547 0.0869141
1 0.488281 0.440918 0.0166016 0.0849609
1 0.473389 0.439941 0.0161133 0.0966797
1 0.608887 0.457031 0.0273438 0.142578
1 0.727051 0.430176 0.00683594 0.0185547
1 0.733887 0.424805 0.00878906 0.015625
1 0.707031 0.443359 0.0107422 0.046875
1 0.72168 0.440918 0.0136719 0.0439453
1 0.828369 0.459473 0.0297852 0.108398
2 0.942871 0.473145 0.0800781 0.114258
