1 0.576904 0.415527 0.00341797 0.0400391
1 0.572998 0.413574 0.00634766 0.0361328
1 0.454834 0.414062 0.00439453 0.0332031
1 0.322998 0.411133 0.0112305 0.0214844
1 0.312744 0.411621 0.0102539 0.0224609
1 0.298096 0.412598 0.012207 0.0322266
1 0.0185547 0.411621 0.0126953 0.0322266
1 0.00634766 0.421387 0.00683594 0.0439453
1 0.525635 0.415039 0.00732422 0.0410156
1 0.520508 0.41748 0.00585938 0.0361328
1 0.516357 0.415527 0.00634766 0.0419922
1 0.509033 0.418945 0.00634766 0.0332031
1 0.504883 0.418945 0.00683594 0.0371094
1 0.499268 0.418945 0.00927734 0.0371094
1 0.49292 0.41748 0.00537109 0.0419922
1 0.489502 0.416504 0.00732422 0.0439453
1 0.47876 0.417969 0.00634766 0.0371094
1 0.47583 0.418457 0.00927734 0.0380859
1 0.470703 0.41748 0.00878906 0.0400391
1 0.458008 0.41748 0.00585938 0.0322266
1 0.464111 0.419434 0.0102539 0.0361328
2 0.560303 0.415527 0.0268555 0.0517578
2 0.512451 0.423828 0.00341797 0.0234375
2 0.545166 0.425781 0.0385742 0.0605469
2 0.406738 0.426758 0.0351562 0.0664062
2 0.362793 0.416992 0.0585938 0.105469
2 0.322021 0.453125 0.0454102 0.0644531
2 0.264648 0.451172 0.0791016 0.0957031
2 0.165771 0.477051 0.0991211 0.102539
2 0.0620117 0.484863 0.118164 0.149414
2 0.629639 0.438965 0.0639648 0.0908203
2 0.907471 0.367188 0.180176 0.451172
4 0.650146 0.365723 0.0317383 0.108398
4 0.602783 0.385254 0.0532227 0.131836
4 0.677979 0.372559 0.0454102 0.194336
4 0.770752 0.362305 0.168457 0.291016
4 0.979248 0.117676 0.0366211 0.163086
