1 0.189209 0.375 0.0131836 0.0234375
1 0.65332 0.402344 0.00976562 0.101562
5 0.231689 0.396484 0.0131836 0.0507812
2 0.381348 0.400879 0.00976562 0.0302734
2 0.262207 0.408691 0.0361328 0.0400391
2 0.199707 0.4375 0.0761719 0.107422
2 0.11377 0.449219 0.124023 0.148438
2 0.394775 0.401855 0.0239258 0.0302734
2 0.414307 0.402344 0.0336914 0.0273438
2 0.453369 0.40332 0.0258789 0.0390625
2 0.476562 0.406738 0.0273438 0.0556641
2 0.487549 0.408691 0.0395508 0.0498047
7 0.231689 0.408203 0.0112305 0.0234375
7 0.55957 0.414551 0.0107422 0.0517578
