1 0.0656738 0.395508 0.0200195 0.0839844
1 0.0444336 0.425293 0.0410156 0.217773
1 0.126465 0.417969 0.0380859 0.0820312
1 0.133057 0.416992 0.043457 0.0820312
1 0.133789 0.421875 0.0253906 0.0839844
1 0.137207 0.438477 0.0576172 0.123047
1 0.180908 0.40625 0.0395508 0.216797
1 0.287354 0.410156 0.0336914 0.205078
1 0.253174 0.410645 0.0395508 0.22168
1 0.365723 0.422363 0.0429688 0.223633
1 0.841064 0.361328 0.0327148 0.0585938
1 0.805664 0.400391 0.0244141 0.158203
1 0.844971 0.398438 0.0415039 0.1875
1 0.881836 0.38916 0.0380859 0.19043
1 0.965088 0.399414 0.027832 0.15625
1 0.402832 0.427246 0.0410156 0.213867
