1 0.469971 0.371582 0.00244141 0.0185547
1 0.614014 0.352051 0.00830078 0.0146484
1 0.624268 0.352539 0.00634766 0.0214844
1 0.689453 0.349121 0.0117188 0.0205078
1 0.715332 0.364258 0.0117188 0.0371094
1 0.330811 0.381836 0.00732422 0.0410156
1 0.583496 0.389648 0.0136719 0.0722656
2 0.522217 0.363281 0.00537109 0.0078125
2 0.512451 0.378906 0.0161133 0.0273438
2 0.494141 0.380859 0.0253906 0.0371094
2 0.530273 0.381836 0.0146484 0.0214844
2 0.596436 0.39209 0.0463867 0.0654297
2 0.624268 0.394531 0.0356445 0.0683594
2 0.658691 0.399414 0.0488281 0.0917969
2 0.687012 0.407227 0.0751953 0.0996094
2 0.415283 0.381836 0.027832 0.0390625
2 0.25415 0.413086 0.0375977 0.0683594
2 0.0837402 0.384766 0.019043 0.0136719
2 0.144043 0.404297 0.106445 0.164062
2 0.0581055 0.449219 0.100586 0.119141
