2 0.69873 0.443359 0.0263672 0.03125
2 0.680908 0.428223 0.0112305 0.00488281
2 0.635742 0.436035 0.0166016 0.0205078
2 0.627686 0.452148 0.0180664 0.03125
2 0.617188 0.453125 0.0175781 0.03125
2 0.59668 0.453125 0.0283203 0.0371094
2 0.651611 0.459473 0.0317383 0.0693359
2 0.660889 0.470215 0.0424805 0.0869141
2 0.675049 0.477051 0.0620117 0.0927734
2 0.520264 0.467285 0.0317383 0.102539
2 0.51123 0.48584 0.0126953 0.0908203
2 0.465088 0.436035 0.081543 0.229492
2 0.437256 0.437988 0.0844727 0.102539
2 0.432861 0.511719 0.0737305 0.208984
2 0.278076 0.533203 0.259277 0.402344
2 0.052002 0.51416 0.0981445 0.948242
2 0.82373 0.506348 0.166992 0.208008
