1 0.240234 0.41748 0.00976562 0.0986328
1 0.243164 0.428223 0.0107422 0.0771484
1 0.756592 0.431641 0.0288086 0.152344
1 0.850342 0.424805 0.0317383 0.171875
1 0.892578 0.42334 0.0322266 0.180664
5 0.332764 0.39502 0.012207 0.0654297
5 0.29126 0.38916 0.0170898 0.0595703
2 0.559814 0.38916 0.0112305 0.0322266
2 0.544189 0.385742 0.0209961 0.046875
2 0.532715 0.392578 0.0273438 0.0390625
2 0.469482 0.407715 0.0493164 0.0634766
2 0.653809 0.387695 0.0146484 0.0292969
2 0.660889 0.387207 0.0161133 0.0302734
2 0.670898 0.387695 0.0117188 0.0332031
2 0.680664 0.38916 0.0195312 0.0380859
2 0.695557 0.379883 0.0239258 0.0175781
2 0.708252 0.455078 0.0952148 0.134766
2 0.975098 0.728027 0.0449219 0.338867
7 0.333496 0.414551 0.0136719 0.0361328
7 0.290771 0.410645 0.0180664 0.0458984
