1 0.295654 0.436523 0.0454102 0.251953
2 0.583496 0.450684 0.00976562 0.0712891
2 0.518799 0.455078 0.126465 0.199219
2 0.728516 0.456543 0.0439453 0.0849609
2 0.731689 0.46582 0.0356445 0.0957031
2 0.766357 0.470703 0.0668945 0.121094
2 0.813965 0.491699 0.0595703 0.178711
2 0.845215 0.519043 0.0888672 0.243164
2 0.914795 0.568359 0.165527 0.398438
7 0.403809 0.462402 0.00488281 0.0166016
7 0.408203 0.461914 0.0078125 0.015625
7 0.395508 0.443848 0.0078125 0.0498047
7 0.376709 0.432617 0.00830078 0.0546875
7 0.359619 0.424316 0.0180664 0.0126953
7 0.423828 0.440918 0.0107422 0.0615234
7 0.347656 0.417969 0.0175781 0.0253906
7 0.33252 0.41748 0.0253906 0.0263672
7 0.321045 0.419434 0.0131836 0.0205078
