1 0.375 0.415527 0.00488281 0.0107422
1 0.306885 0.430664 0.0102539 0.0839844
1 0.297119 0.434082 0.0102539 0.0751953
1 0.271973 0.447754 0.0166016 0.100586
1 0.24292 0.436523 0.0141602 0.0820312
1 0.264404 0.443359 0.0317383 0.107422
1 0.230469 0.449219 0.015625 0.103516
1 0.219482 0.45166 0.0209961 0.104492
1 0.196777 0.44873 0.0117188 0.0908203
1 0.180176 0.444336 0.0117188 0.0957031
1 0.13623 0.452148 0.0136719 0.0507812
1 0.12207 0.481445 0.0224609 0.128906
1 0.0986328 0.470215 0.0283203 0.157227
1 0.045166 0.48584 0.0327148 0.145508
1 0.367188 0.406738 0.00683594 0.0244141
1 0.36792 0.425781 0.00439453 0.0195312
1 0.406982 0.438477 0.0317383 0.128906
1 0.360352 0.435059 0.0166016 0.0908203
1 0.397705 0.437988 0.0317383 0.139648
1 0.608154 0.424805 0.0327148 0.109375
1 0.604004 0.416504 0.0302734 0.12793
1 0.714111 0.401367 0.0219727 0.150391
1 0.877441 0.405273 0.0205078 0.111328
1 0.916748 0.396484 0.0288086 0.119141
2 0.3396 0.441406 0.0463867 0.0800781
