5 0.805176 0.402344 0.0273438 0.0976562
2 0.64209 0.430664 0.015625 0.0527344
2 0.65625 0.428711 0.0302734 0.0546875
2 0.751953 0.457031 0.107422 0.167969
2 0.896973 0.510254 0.201172 0.305664
2 0.945068 0.57666 0.10498 0.416992
2 0.55542 0.431152 0.0151367 0.0341797
2 0.532715 0.42041 0.0322266 0.0712891
2 0.523193 0.441895 0.012207 0.0595703
2 0.512207 0.443359 0.0283203 0.0722656
2 0.502197 0.448242 0.0258789 0.078125
2 0.483398 0.452148 0.0458984 0.0878906
2 0.449219 0.464355 0.0537109 0.108398
2 0.413574 0.485352 0.0546875 0.158203
2 0.327881 0.49707 0.156738 0.257812
2 0.143066 0.61084 0.280273 0.420898
7 0.810791 0.433594 0.0161133 0.0175781
