1 0.366211 0.417969 0.00585938 0.0195312
1 0.897217 0.472656 0.0727539 0.353516
1 0.968994 0.465332 0.0571289 0.360352
2 0.467529 0.407715 0.00634766 0.00683594
2 0.471436 0.411133 0.00634766 0.00976562
2 0.477783 0.411133 0.00732422 0.00976562
2 0.450684 0.425781 0.00878906 0.0273438
2 0.431152 0.419434 0.0175781 0.0400391
2 0.437744 0.430176 0.027832 0.0439453
2 0.384277 0.435059 0.0146484 0.0400391
2 0.402832 0.4375 0.0390625 0.0527344
2 0.285889 0.450684 0.0991211 0.129883
2 0.523682 0.473633 0.10791 0.1875
3 0.455078 0.411621 0.015625 0.0400391
3 0.417236 0.416016 0.0170898 0.0390625
