1 0.482666 0.429199 0.00244141 0.0166016
1 0.479736 0.427734 0.00341797 0.0195312
1 0.489014 0.431152 0.00732422 0.0224609
1 0.508301 0.436035 0.0126953 0.0556641
5 0.520752 0.424316 0.00537109 0.0126953
2 0.468018 0.436523 0.0112305 0.0273438
2 0.442871 0.438965 0.0498047 0.0322266
2 0.441162 0.436523 0.0268555 0.0449219
2 0.369141 0.415039 0.0332031 0.0175781
2 0.39502 0.446289 0.0332031 0.0605469
2 0.385498 0.452148 0.0258789 0.0566406
2 0.370361 0.452637 0.0229492 0.0693359
2 0.365234 0.457031 0.0205078 0.0742188
2 0.160645 0.479004 0.119141 0.200195
2 0.0671387 0.511719 0.128418 0.238281
2 0.268066 0.491211 0.188477 0.271484
2 0.506348 0.433594 0.0117188 0.015625
2 0.574951 0.444824 0.034668 0.0556641
2 0.610352 0.453125 0.0556641 0.09375
2 0.64502 0.469727 0.0537109 0.142578
2 0.710693 0.486328 0.135254 0.191406
2 0.949463 0.591797 0.0961914 0.482422
7 0.520508 0.435059 0.00878906 0.0107422
