1 0.514404 0.407227 0.00927734 0.0507812
1 0.523438 0.404297 0.00878906 0.0585938
1 0.537354 0.404297 0.00732422 0.0585938
1 0.732178 0.39209 0.0151367 0.0498047
1 0.296143 0.384277 0.00830078 0.0224609
1 0.287842 0.386719 0.00537109 0.0253906
1 0.250977 0.452637 0.0458984 0.270508
5 0.318359 0.395508 0.015625 0.0644531
2 0.616211 0.413574 0.0751953 0.0908203
2 0.699707 0.42041 0.101562 0.112305
2 0.405029 0.415527 0.0385742 0.0478516
6 0.213135 0.439453 0.0268555 0.0625
6 0.246094 0.447754 0.0771484 0.0771484
7 0.318115 0.418945 0.0161133 0.0507812
7 0.179688 0.412598 0.0175781 0.0419922
7 0.469482 0.423828 0.00830078 0.0273438
