5 0.500732 0.460449 0.0356445 0.131836
2 0.440186 0.46582 0.027832 0.0605469
2 0.42041 0.470703 0.0400391 0.0683594
2 0.377441 0.495605 0.0634766 0.133789
2 0.326416 0.512695 0.0825195 0.164062
2 0.22998 0.529785 0.163086 0.217773
2 0.534912 0.463867 0.0112305 0.0507812
2 0.546875 0.470703 0.0244141 0.0664062
2 0.5625 0.469238 0.0263672 0.0908203
2 0.573486 0.474609 0.0375977 0.107422
2 0.592529 0.48877 0.0444336 0.124023
2 0.601318 0.493164 0.0356445 0.132812
2 0.655029 0.506348 0.118652 0.200195
2 0.798096 0.573242 0.243652 0.333984
2 0.901611 0.664551 0.191895 0.547852
6 0.519775 0.44873 0.00634766 0.0107422
6 0.481201 0.450684 0.00634766 0.0107422
6 0.500244 0.524902 0.0258789 0.0830078
