5 0.405762 0.425293 0.00683594 0.0244141
2 0.367432 0.425293 0.0112305 0.0205078
2 0.393555 0.428711 0.0146484 0.0234375
2 0.411865 0.424805 0.00439453 0.0273438
2 0.420898 0.42627 0.0166016 0.0263672
2 0.486084 0.426758 0.0249023 0.0449219
2 0.506836 0.427734 0.0224609 0.0546875
2 0.520264 0.426758 0.0239258 0.0566406
2 0.540039 0.428223 0.0341797 0.0634766
2 0.60083 0.42627 0.0737305 0.125977
2 0.699463 0.449707 0.124512 0.178711
2 0.935547 0.508789 0.124023 0.380859
2 0.348389 0.432129 0.0131836 0.0263672
2 0.233887 0.480957 0.101562 0.133789
6 0.40625 0.437012 0.00585938 0.0166016
