1 0.878906 0.425293 0.00683594 0.0517578
1 0.88916 0.421387 0.0166016 0.0615234
1 0.908203 0.422363 0.00878906 0.0498047
1 0.161377 0.370117 0.0151367 0.0527344
5 0.230225 0.369629 0.00732422 0.0400391
2 0.7854 0.416504 0.0229492 0.0263672
2 0.877441 0.421875 0.0537109 0.0410156
2 0.824951 0.424316 0.090332 0.0498047
2 0.418945 0.38916 0.0517578 0.0361328
2 0.950195 0.429688 0.0576172 0.0527344
2 0.982178 0.432129 0.0249023 0.0556641
2 0.651855 0.399902 0.046875 0.0751953
2 0.7146 0.448242 0.126465 0.171875
2 0.593994 0.401855 0.0385742 0.0576172
2 0.520996 0.429688 0.09375 0.148438
2 0.343506 0.379883 0.0180664 0.03125
2 0.325928 0.381348 0.0297852 0.0380859
2 0.259277 0.376465 0.0341797 0.0400391
2 0.291016 0.385254 0.046875 0.0654297
2 0.0993652 0.365723 0.0571289 0.0400391
4 0.576172 0.378906 0.166016 0.0898438
7 0.22998 0.378418 0.00683594 0.0224609
