1 0.987061 0.296875 0.0209961 0.121094
1 0.830811 0.311035 0.00830078 0.0126953
1 0.639893 0.367676 0.00439453 0.0166016
1 0.71582 0.366699 0.0107422 0.0244141
1 0.839355 0.365234 0.0351562 0.140625
1 0.783691 0.383301 0.0332031 0.15918
1 0.725342 0.378418 0.012207 0.0830078
1 0.744141 0.384766 0.0332031 0.166016
1 0.700439 0.367188 0.00634766 0.0175781
1 0.647949 0.382812 0.0117188 0.0820312
1 0.706055 0.355957 0.00878906 0.0341797
1 0.689941 0.380371 0.0166016 0.0966797
1 0.658447 0.378906 0.0131836 0.0683594
1 0.62085 0.384277 0.00927734 0.0419922
1 0.660889 0.383789 0.0102539 0.078125
1 0.673828 0.384766 0.0214844 0.107422
1 0.672119 0.38623 0.0102539 0.0302734
1 0.632812 0.365234 0.0107422 0.0273438
1 0.609619 0.369629 0.0112305 0.0224609
1 0.598633 0.369141 0.00683594 0.0195312
1 0.52417 0.370605 0.00634766 0.0126953
1 0.51709 0.373047 0.00488281 0.0136719
1 0.454834 0.39209 0.00634766 0.0361328
1 0.409668 0.385742 0.00488281 0.0195312
1 0.393066 0.399902 0.00488281 0.0361328
1 0.397461 0.395996 0.0078125 0.0380859
1 0.389404 0.397461 0.00439453 0.0410156
1 0.327637 0.394531 0.00488281 0.0351562
1 0.353027 0.39502 0.00585938 0.0322266
1 0.338623 0.397949 0.00634766 0.0322266
1 0.335938 0.412109 0.00683594 0.0371094
1 0.330078 0.413574 0.00878906 0.0400391
1 0.322266 0.396973 0.00488281 0.0302734
1 0.318848 0.397949 0.00683594 0.0322266
5 0.49707 0.390625 0.00683594 0.0292969
2 0.290771 0.405762 0.0161133 0.0244141
2 0.289551 0.411133 0.0107422 0.0214844
2 0.0114746 0.474609 0.0170898 0.101562
2 0.083252 0.458496 0.0854492 0.143555
2 0.94165 0.27832 0.102051 0.0683594
2 0.609863 0.373535 0.015625 0.0205078
2 0.590332 0.376465 0.0185547 0.0146484
2 0.584717 0.396484 0.019043 0.0449219
2 0.553711 0.380859 0.0205078 0.0292969
2 0.539062 0.385742 0.0214844 0.0253906
2 0.521729 0.390137 0.0239258 0.0263672
2 0.411133 0.42334 0.0380859 0.0556641
2 0.212402 0.419922 0.1875 0.285156
6 0.313232 0.401367 0.0112305 0.0195312
7 0.847656 0.432129 0.0634766 0.176758
7 0.623047 0.399414 0.0166016 0.0410156
