1 0.659912 0.409668 0.0297852 0.120117
1 0.682861 0.429688 0.0180664 0.0742188
1 0.693604 0.43457 0.00634766 0.0644531
1 0.751709 0.406738 0.019043 0.120117
1 0.768555 0.40918 0.0224609 0.107422
1 0.425537 0.408691 0.00341797 0.0185547
5 0.442139 0.407715 0.00830078 0.0263672
5 0.616211 0.405762 0.0136719 0.0498047
5 0.705078 0.401367 0.0302734 0.128906
2 0.279785 0.433594 0.0371094 0.0605469
7 0.442627 0.418457 0.0112305 0.0126953
7 0.617676 0.415039 0.0136719 0.03125
7 0.675537 0.432617 0.0141602 0.0722656
7 0.710938 0.435059 0.0195312 0.102539
