1 0.6875 0.472168 0.00683594 0.0224609
1 0.705811 0.472168 0.00634766 0.0166016
1 0.699463 0.470703 0.00927734 0.0214844
1 0.568848 0.505371 0.0078125 0.0400391
1 0.429688 0.531738 0.0703125 0.231445
2 0.536377 0.500488 0.0102539 0.0146484
2 0.476318 0.524902 0.012207 0.0517578
2 0.457031 0.522949 0.0380859 0.0673828
2 0.446777 0.532227 0.0292969 0.0625
2 0.436035 0.53418 0.0126953 0.0683594
2 0.395508 0.540039 0.0302734 0.0839844
2 0.367676 0.543945 0.0507812 0.09375
2 0.319824 0.548828 0.0712891 0.121094
2 0.255127 0.566406 0.108887 0.128906
