1 0.734375 0.366699 0.0107422 0.0185547
1 0.766357 0.376465 0.0229492 0.0654297
1 0.907471 0.3125 0.0258789 0.046875
2 0.540527 0.439453 0.00585938 0.0195312
2 0.563232 0.430664 0.0415039 0.0507812
2 0.558105 0.433105 0.0166016 0.0361328
2 0.573242 0.436035 0.0351562 0.0517578
2 0.579834 0.437012 0.0258789 0.0556641
2 0.585449 0.438965 0.0136719 0.0537109
2 0.635742 0.424805 0.0976562 0.0996094
2 0.67334 0.446289 0.161133 0.142578
2 0.724609 0.427734 0.143555 0.0976562
2 0.414062 0.447754 0.00585938 0.0205078
2 0.405273 0.446289 0.0146484 0.0371094
2 0.383301 0.446289 0.0322266 0.0410156
2 0.382324 0.450195 0.0292969 0.0292969
2 0.375732 0.457031 0.0161133 0.0351562
2 0.372803 0.458984 0.0131836 0.0292969
2 0.348389 0.450195 0.043457 0.0488281
2 0.338379 0.454102 0.0410156 0.0351562
2 0.333496 0.462402 0.0283203 0.0458984
2 0.306396 0.460938 0.0395508 0.046875
2 0.300049 0.470703 0.0258789 0.0566406
2 0.269287 0.466309 0.0493164 0.0537109
2 0.248047 0.477051 0.0390625 0.0654297
2 0.246338 0.48877 0.0151367 0.0478516
2 0.218018 0.476074 0.0532227 0.0732422
2 0.502441 0.436523 0.0136719 0.0214844
2 0.496338 0.437012 0.00634766 0.0205078
2 0.517334 0.435059 0.0161133 0.0283203
2 0.486816 0.43457 0.0146484 0.0371094
2 0.47998 0.438965 0.0205078 0.0361328
2 0.447266 0.449219 0.0419922 0.0703125
2 0.822266 0.467285 0.224609 0.280273
2 0.880615 0.484375 0.233887 0.341797
2 0.029541 0.544434 0.0532227 0.100586
6 0.0175781 0.489746 0.0292969 0.0478516
7 0.270508 0.474121 0.0185547 0.0478516
