1 0.264893 0.450195 0.012207 0.0527344
1 0.179443 0.447266 0.00830078 0.0371094
1 0.511963 0.42334 0.00927734 0.0498047
1 0.988525 0.37207 0.0180664 0.0527344
1 0.53418 0.432129 0.0478516 0.147461
1 0.475098 0.424805 0.0371094 0.150391
1 0.485107 0.435547 0.0307617 0.152344
5 0.820801 0.40332 0.0175781 0.117188
5 0.85083 0.37793 0.012207 0.0507812
5 0.869141 0.407227 0.0371094 0.199219
2 0.350342 0.426758 0.0405273 0.0859375
2 0.256836 0.450195 0.03125 0.0371094
2 0.315674 0.429688 0.10791 0.0898438
2 0.0292969 0.461914 0.0253906 0.0605469
2 0.092041 0.450684 0.117676 0.0869141
2 0.606201 0.409668 0.11377 0.0947266
2 0.984863 0.709961 0.0253906 0.335938
2 0.760254 0.471191 0.140625 0.211914
4 0.214844 0.430176 0.101562 0.0712891
7 0.86377 0.428711 0.0556641 0.0664062
7 0.982178 0.447266 0.0307617 0.160156
7 0.869141 0.462402 0.0195312 0.118164
