1 0.581543 0.394043 0.00683594 0.0751953
1 0.613281 0.385742 0.00976562 0.0390625
2 0.510498 0.392578 0.00732422 0.0175781
2 0.520752 0.388672 0.0151367 0.0292969
2 0.53125 0.396484 0.0107422 0.0332031
2 0.546875 0.394531 0.0244141 0.0507812
2 0.554932 0.401855 0.0239258 0.0498047
2 0.585205 0.401367 0.050293 0.0722656
2 0.664307 0.434082 0.112793 0.155273
2 0.852783 0.487305 0.289551 0.357422
2 0.499023 0.394531 0.0146484 0.0234375
2 0.477539 0.395508 0.0126953 0.0195312
2 0.45874 0.396484 0.0141602 0.0214844
2 0.302979 0.414062 0.0258789 0.0429688
2 0.280762 0.416504 0.0322266 0.0478516
2 0.25293 0.419922 0.0400391 0.0507812
6 0.0915527 0.425293 0.0112305 0.0458984
