2 0.416748 0.422852 0.019043 0.0253906
2 0.439453 0.44873 0.046875 0.0751953
2 0.328125 0.444336 0.0332031 0.0546875
2 0.295166 0.474121 0.065918 0.124023
2 0.249268 0.488281 0.0678711 0.154297
2 0.116211 0.43457 0.216797 0.369141
2 0.0251465 0.544922 0.0444336 0.255859
2 0.375244 0.477051 0.097168 0.147461
2 0.560791 0.440918 0.0151367 0.0576172
2 0.578369 0.453613 0.0249023 0.0751953
2 0.604492 0.458008 0.0537109 0.0957031
2 0.645996 0.470703 0.0664062 0.148438
2 0.679199 0.481934 0.0732422 0.188477
2 0.742188 0.502441 0.125977 0.291992
2 0.87207 0.53418 0.250977 0.591797
2 0.510498 0.460449 0.0717773 0.112305
