1 0.133301 0.334961 0.00976562 0.0253906
1 0.226807 0.359863 0.0102539 0.0244141
1 0.452637 0.387207 0.00585938 0.0322266
1 0.588623 0.351074 0.00634766 0.0126953
1 0.664551 0.431641 0.0302734 0.224609
1 0.710205 0.336426 0.0229492 0.0732422
1 0.6875 0.372559 0.0341797 0.12793
1 0.377441 0.396973 0.0078125 0.0400391
1 0.235107 0.361328 0.0112305 0.0214844
5 0.39917 0.394043 0.0112305 0.0673828
2 0.42334 0.385742 0.0136719 0.0136719
2 0.428467 0.387695 0.012207 0.015625
2 0.375977 0.395508 0.0146484 0.0351562
2 0.351074 0.39502 0.0380859 0.0810547
2 0.348633 0.403809 0.0273438 0.0673828
2 0.345459 0.411133 0.0200195 0.0683594
2 0.128174 0.365234 0.0307617 0.0546875
2 0.438477 0.387695 0.00878906 0.015625
2 0.45874 0.387695 0.00830078 0.0371094
2 0.470459 0.388184 0.0239258 0.0439453
2 0.483154 0.39502 0.0131836 0.0419922
2 0.311279 0.40332 0.0532227 0.113281
2 0.48877 0.396484 0.0136719 0.0449219
2 0.509277 0.399902 0.0195312 0.0556641
2 0.284668 0.427246 0.0625 0.106445
2 0.52417 0.400879 0.0327148 0.0615234
2 0.542725 0.404785 0.027832 0.0712891
2 0.563965 0.40625 0.0410156 0.0996094
2 0.590332 0.411621 0.0595703 0.112305
2 0.62085 0.424316 0.050293 0.145508
2 0.698975 0.405762 0.140137 0.237305
2 0.727051 0.459473 0.112305 0.262695
2 0.862793 0.500977 0.269531 0.494141
2 0.975342 0.500488 0.0444336 0.0478516
2 0.246094 0.436523 0.0644531 0.130859
2 0.0830078 0.473145 0.160156 0.25293
3 0.4021 0.378906 0.0327148 0.0722656
7 0.399414 0.412109 0.00585938 0.0371094
