1 0.656494 0.361328 0.00830078 0.0195312
2 0.750732 0.371582 0.0131836 0.0263672
2 0.701172 0.381836 0.0253906 0.03125
2 0.682617 0.383789 0.0205078 0.0371094
2 0.67041 0.38623 0.0263672 0.0419922
2 0.651123 0.390137 0.0356445 0.0439453
2 0.63208 0.391602 0.0239258 0.0429688
2 0.609375 0.39209 0.0458984 0.0498047
2 0.580811 0.398438 0.0532227 0.0449219
2 0.523438 0.397949 0.0722656 0.0673828
2 0.22168 0.428711 0.103516 0.0898438
2 0.446533 0.421875 0.0942383 0.101562
2 0.332031 0.427734 0.154297 0.121094
2 0.887939 0.360352 0.050293 0.0683594
2 0.883301 0.383789 0.0195312 0.0351562
2 0.816895 0.409668 0.134766 0.22168
