1 0.568359 0.421387 0.0078125 0.0361328
1 0.477051 0.427734 0.00585938 0.0429688
1 0.457031 0.416504 0.00878906 0.0458984
1 0.449707 0.425293 0.00683594 0.0439453
1 0.425293 0.420898 0.00976562 0.046875
1 0.62085 0.436035 0.0112305 0.0615234
1 0.630127 0.435059 0.00927734 0.0673828
1 0.63916 0.43457 0.0107422 0.0605469
1 0.647705 0.432617 0.00830078 0.0644531
1 0.69458 0.395996 0.0102539 0.0146484
5 0.464355 0.421387 0.00585938 0.0400391
5 0.184082 0.414551 0.0625 0.163086
2 0.485596 0.432129 0.0131836 0.0341797
2 0.400879 0.447266 0.0234375 0.0566406
2 0.387695 0.444336 0.0185547 0.0644531
2 0.375244 0.44873 0.0268555 0.0771484
2 0.353516 0.452637 0.0449219 0.0869141
2 0.329346 0.460449 0.0424805 0.0966797
2 0.289551 0.464355 0.0644531 0.118164
2 0.244141 0.474609 0.0625 0.148438
2 0.0366211 0.500488 0.0673828 0.235352
2 0.701172 0.483887 0.0996094 0.165039
2 0.827148 0.516602 0.210938 0.322266
2 0.909424 0.638184 0.17627 0.532227
2 0.503906 0.439453 0.03125 0.0664062
2 0.513672 0.447754 0.0107422 0.0673828
2 0.539062 0.446289 0.0527344 0.09375
7 0.602783 0.433105 0.0219727 0.0263672
7 0.466064 0.430664 0.00634766 0.0332031
7 0.181152 0.52002 0.0556641 0.194336
