1 0.557373 0.411133 0.00439453 0.0332031
1 0.543945 0.420898 0.0273438 0.0898438
1 0.378174 0.415039 0.0180664 0.0605469
1 0.625488 0.380371 0.0078125 0.0146484
2 0.474121 0.400879 0.0078125 0.00878906
2 0.480957 0.408691 0.0107422 0.0185547
2 0.48999 0.407715 0.0112305 0.0146484
2 0.500244 0.409668 0.0170898 0.0166016
2 0.441162 0.426758 0.0854492 0.0605469
2 0.287842 0.449219 0.0727539 0.103516
2 0.177734 0.451172 0.155273 0.195312
2 0.0102539 0.473145 0.0146484 0.204102
2 0.635498 0.450195 0.0668945 0.130859
2 0.721191 0.470215 0.15332 0.206055
