1 0.770752 0.463379 0.00634766 0.0322266
5 0.693115 0.469727 0.00927734 0.0429688
5 0.601807 0.449707 0.0180664 0.0966797
2 0.272705 0.373535 0.0180664 0.0380859
2 0.414551 0.386719 0.015625 0.0566406
2 0.769287 0.449219 0.0200195 0.0253906
2 0.754639 0.469727 0.0102539 0.0351562
2 0.752441 0.470215 0.00878906 0.0322266
2 0.746094 0.469238 0.0117188 0.0498047
2 0.740967 0.471191 0.0151367 0.0517578
2 0.7229 0.474121 0.0366211 0.0556641
7 0.692139 0.48291 0.00732422 0.0283203
7 0.601807 0.474121 0.0170898 0.0576172
