1 0.426514 0.212891 0.00537109 0.0273438
1 0.432617 0.229004 0.00683594 0.0361328
1 0.195801 0.373535 0.00585938 0.0185547
1 0.348145 0.380859 0.00292969 0.0390625
1 0.36377 0.364258 0.00195312 0.0136719
1 0.386963 0.358398 0.00439453 0.015625
1 0.375244 0.381836 0.0102539 0.0507812
1 0.383301 0.383301 0.00878906 0.0576172
1 0.345215 0.379883 0.00585938 0.0488281
1 0.259033 0.380859 0.00830078 0.0410156
1 0.358154 0.384277 0.00927734 0.0556641
1 0.390625 0.381836 0.00683594 0.0566406
1 0.406982 0.381836 0.00732422 0.0527344
1 0.399902 0.380371 0.0117188 0.0595703
1 0.415283 0.382324 0.0170898 0.0595703
1 0.651855 0.386719 0.0351562 0.158203
1 0.728516 0.37207 0.0283203 0.164062
1 0.682129 0.34375 0.0146484 0.046875
1 0.88623 0.370117 0.0390625 0.1875
1 0.929932 0.361816 0.034668 0.202148
1 0.415527 0.227539 0.00683594 0.0234375
5 0.176758 0.384277 0.0078125 0.0380859
2 0.109375 0.371582 0.0234375 0.0107422
2 0.119873 0.387207 0.0102539 0.0263672
2 0.111328 0.39502 0.0263672 0.0478516
2 0.0532227 0.388672 0.0703125 0.078125
2 0.0834961 0.403809 0.0498047 0.0654297
2 0.209961 0.390137 0.0371094 0.0478516
2 0.506104 0.378906 0.0766602 0.0488281
4 0.026123 0.359863 0.0463867 0.12207
4 0.547607 0.350586 0.174316 0.0878906
7 0.177246 0.400391 0.00683594 0.015625
7 0.760498 0.392578 0.0249023 0.0800781
7 0.745605 0.394043 0.0146484 0.0751953
7 0.634766 0.402344 0.0166016 0.0742188
7 0.678223 0.41748 0.0078125 0.0615234
