1 0.392822 0.394043 0.00537109 0.0126953
1 0.424316 0.406738 0.00683594 0.0205078
1 0.754639 0.354492 0.0112305 0.0195312
5 0.563477 0.41748 0.0175781 0.0673828
2 0.490967 0.395508 0.0288086 0.0078125
2 0.486572 0.40332 0.0249023 0.0117188
2 0.482422 0.415527 0.0214844 0.0302734
2 0.512939 0.410156 0.019043 0.03125
2 0.504395 0.415527 0.0234375 0.0341797
2 0.385986 0.432617 0.0600586 0.0683594
2 0.311523 0.447266 0.0703125 0.107422
2 0.296143 0.455566 0.0932617 0.110352
2 0.277832 0.464844 0.0380859 0.105469
2 0.256104 0.47168 0.100098 0.126953
2 0.170166 0.485352 0.125488 0.154297
2 0.145264 0.499023 0.090332 0.164062
2 0.0812988 0.509766 0.156738 0.191406
2 0.00683594 0.549805 0.0078125 0.0878906
2 0.555664 0.395508 0.00292969 0.0078125
2 0.571289 0.40918 0.0126953 0.0488281
2 0.539062 0.420898 0.0380859 0.0722656
2 0.451172 0.435059 0.0576172 0.0830078
2 0.5896 0.404785 0.0317383 0.0673828
2 0.619629 0.417969 0.0664062 0.0917969
2 0.623779 0.433105 0.0424805 0.0986328
2 0.660645 0.434082 0.0771484 0.118164
2 0.655273 0.438477 0.0341797 0.101562
2 0.677002 0.456543 0.0600586 0.161133
2 0.785156 0.464844 0.226562 0.208984
3 0.519775 0.394531 0.0170898 0.0390625
6 0.564453 0.442871 0.0146484 0.0400391
