2 0.0588379 0.501465 0.111816 0.100586
2 0.468018 0.442871 0.012207 0.0146484
2 0.458984 0.449219 0.00683594 0.0253906
2 0.412842 0.455566 0.0180664 0.0361328
2 0.386963 0.458496 0.0297852 0.0439453
2 0.365234 0.45752 0.0380859 0.0478516
2 0.294922 0.442383 0.110352 0.115234
2 0.212891 0.481445 0.104492 0.0839844
2 0.437988 0.454102 0.0390625 0.0703125
2 0.558594 0.437988 0.00878906 0.0224609
2 0.575928 0.435547 0.027832 0.0371094
2 0.691162 0.469238 0.0581055 0.125977
2 0.718506 0.435547 0.0297852 0.0722656
2 0.862549 0.451172 0.27002 0.283203
2 0.901123 0.472656 0.190918 0.207031
2 0.515625 0.496094 0.111328 0.173828
7 0.311279 0.470703 0.027832 0.0585938
7 0.70752 0.506836 0.0498047 0.107422
