1 0.50415 0.4375 0.0112305 0.0625
1 0.431641 0.430176 0.00585938 0.0498047
1 0.419434 0.461914 0.03125 0.150391
1 0.341797 0.461914 0.0205078 0.0917969
1 0.158203 0.456543 0.015625 0.104492
1 0.0622559 0.485352 0.0336914 0.191406
1 0.0854492 0.489746 0.0351562 0.178711
1 0.888916 0.429199 0.00732422 0.0634766
1 0.913574 0.472656 0.0478516 0.259766
1 0.696777 0.505371 0.0205078 0.125977
1 0.665771 0.499023 0.0688477 0.396484
5 0.0959473 0.469727 0.0375977 0.150391
6 0.800537 0.549316 0.0629883 0.239258
7 0.0935059 0.537109 0.0708008 0.0683594
7 0.73877 0.473633 0.0537109 0.111328
