1 0.327637 0.38623 0.00390625 0.0244141
1 0.612305 0.416016 0.00683594 0.015625
1 0.0507812 0.373535 0.0078125 0.0205078
1 0.243408 0.425781 0.00732422 0.0546875
1 0.0256348 0.674316 0.0454102 0.588867
1 0.93042 0.476074 0.0473633 0.196289
1 0.981934 0.465332 0.03125 0.172852
5 0.171387 0.42041 0.0185547 0.0732422
2 0.3125 0.396484 0.0126953 0.0527344
2 0.261719 0.37793 0.0400391 0.0410156
2 0.9646 0.447754 0.012207 0.0126953
2 0.520752 0.450684 0.250488 0.21582
7 0.166504 0.433105 0.00976562 0.0498047
