1 0.609619 0.471191 0.0131836 0.0576172
1 0.69873 0.462402 0.0195312 0.116211
1 0.399902 0.490723 0.00488281 0.0380859
1 0.395752 0.490723 0.00537109 0.0380859
1 0.385254 0.490234 0.00585938 0.0390625
1 0.390625 0.490723 0.00683594 0.0400391
1 0.365234 0.490234 0.0078125 0.0429688
1 0.355225 0.486816 0.0102539 0.0498047
1 0.229248 0.480957 0.00927734 0.0947266
1 0.210449 0.486816 0.0175781 0.0849609
1 0.223389 0.480957 0.0161133 0.0966797
1 0.243896 0.502441 0.00537109 0.0517578
1 0.238525 0.479492 0.0180664 0.101562
1 0.166992 0.484375 0.0234375 0.117188
1 0.149658 0.48877 0.0200195 0.112305
1 0.128906 0.486816 0.0205078 0.116211
1 0.189453 0.483398 0.0205078 0.119141
5 0.426025 0.490723 0.0102539 0.0400391
2 0.521973 0.491699 0.0673828 0.0986328
