1 0.808838 0.326172 0.0102539 0.0429688
1 0.175781 0.440918 0.0390625 0.12207
1 0.266113 0.430664 0.0136719 0.0820312
1 0.274414 0.42627 0.0185547 0.114258
1 0.253174 0.436523 0.019043 0.0976562
1 0.231445 0.4375 0.0234375 0.09375
1 0.202637 0.440918 0.0292969 0.120117
1 0.796387 0.331055 0.0126953 0.0449219
1 0.503174 0.390137 0.00927734 0.0556641
5 0.521973 0.379883 0.0126953 0.0410156
2 0.839111 0.334961 0.0688477 0.0683594
2 0.579102 0.375488 0.00878906 0.0146484
2 0.540527 0.381348 0.0146484 0.0283203
2 0.560547 0.373535 0.0302734 0.0556641
2 0.539307 0.385254 0.012207 0.0302734
2 0.530518 0.386719 0.0141602 0.0332031
2 0.493408 0.393555 0.0151367 0.0488281
2 0.476318 0.395508 0.034668 0.0566406
2 0.458008 0.405273 0.0380859 0.0566406
2 0.437012 0.411133 0.0214844 0.0625
2 0.410645 0.408691 0.0478516 0.0830078
2 0.388184 0.424316 0.0625 0.0947266
7 0.306152 0.441895 0.0263672 0.0712891
7 0.521973 0.398926 0.0117188 0.0380859
7 0.249512 0.460938 0.0146484 0.0332031
