1 0.811279 0.353516 0.00830078 0.0136719
1 0.820068 0.351074 0.00439453 0.00878906
1 0.799072 0.365234 0.0102539 0.0332031
5 0.869629 0.406738 0.0351562 0.168945
2 0.989014 0.355469 0.00634766 0.0292969
2 0.93335 0.386719 0.0483398 0.0800781
2 0.885742 0.394531 0.0732422 0.0957031
2 0.828125 0.39502 0.0625 0.0849609
2 0.630371 0.425781 0.0859375 0.119141
2 0.754883 0.413574 0.0732422 0.110352
2 0.290039 0.447754 0.0996094 0.125977
2 0.019043 0.503418 0.0322266 0.22168
7 0.869385 0.454102 0.0151367 0.0996094
