1 0.392578 0.431152 0.00292969 0.0322266
1 0.388184 0.429199 0.00878906 0.0439453
1 0.37915 0.429688 0.00439453 0.0410156
1 0.202393 0.439453 0.0219727 0.173828
1 0.610596 0.41748 0.00537109 0.0361328
1 0.681641 0.435059 0.0214844 0.145508
5 0.42749 0.432129 0.00732422 0.0439453
5 0.421875 0.434082 0.0117188 0.0556641
2 0.44458 0.431152 0.00732422 0.0263672
2 0.436035 0.431641 0.015625 0.0332031
2 0.488525 0.431152 0.012207 0.0244141
2 0.473877 0.436523 0.0288086 0.0410156
2 0.211426 0.463379 0.100586 0.12207
7 0.427002 0.446777 0.00537109 0.0361328
7 0.421387 0.450684 0.00683594 0.0380859
