1 0.884033 0.380371 0.00732422 0.0517578
1 0.0769043 0.433105 0.00927734 0.0478516
1 0.0979004 0.40918 0.0151367 0.0996094
1 0.09375 0.42041 0.015625 0.0791016
1 0.111084 0.413574 0.019043 0.0908203
1 0.0620117 0.418457 0.0107422 0.0947266
1 0.0598145 0.400391 0.00537109 0.0332031
1 0.954102 0.666992 0.0351562 0.0644531
1 0.988525 0.359863 0.0180664 0.166992
1 0.906738 0.452148 0.0439453 0.443359
1 0.9375 0.490723 0.111328 0.526367
1 0.927002 0.48584 0.141113 0.616211
1 0.764404 0.483398 0.123535 0.699219
1 0.572021 0.420898 0.10498 0.398438
1 0.578125 0.456055 0.046875 0.355469
1 0.500244 0.467285 0.112793 0.583008
2 0.874756 0.436523 0.0229492 0.0625
2 0.643311 0.393555 0.0375977 0.0527344
2 0.613281 0.410156 0.0351562 0.115234
2 0.413818 0.423828 0.11377 0.150391
2 0.710449 0.412598 0.0371094 0.0810547
2 0.822998 0.37793 0.00537109 0.0195312
7 0.0109863 0.444824 0.0161133 0.0595703
