1 0.566406 0.472168 0.00878906 0.0224609
1 0.572266 0.472168 0.00585938 0.0244141
1 0.594971 0.461426 0.00830078 0.0654297
1 0.602783 0.463867 0.00830078 0.0644531
1 0.23291 0.441895 0.0136719 0.0263672
1 0.14502 0.441895 0.0117188 0.0263672
1 0.0915527 0.442871 0.0112305 0.0244141
5 0.342773 0.443848 0.0117188 0.0302734
5 0.306641 0.444824 0.00683594 0.0244141
5 0.363525 0.449219 0.00732422 0.0253906
2 0.612305 0.470215 0.0146484 0.0771484
2 0.666016 0.426758 0.106445 0.201172
7 0.374756 0.483398 0.0102539 0.0195312
