1 0.736084 0.433105 0.0112305 0.0400391
1 0.74585 0.424316 0.00537109 0.0322266
1 0.769287 0.425781 0.00732422 0.0449219
5 0.759277 0.424805 0.0078125 0.0351562
2 0.579834 0.433594 0.00830078 0.0253906
2 0.5625 0.439453 0.0292969 0.0605469
2 0.522217 0.42627 0.0649414 0.0810547
2 0.474121 0.455078 0.0351562 0.0546875
2 0.395264 0.474609 0.0200195 0.0917969
2 0.404541 0.46875 0.0356445 0.0859375
2 0.350586 0.474609 0.0800781 0.146484
2 0.195312 0.505371 0.21582 0.311523
2 0.0307617 0.645996 0.0556641 0.420898
2 0.515381 0.45166 0.0551758 0.0634766
2 0.585938 0.467285 0.0253906 0.0908203
2 0.607178 0.464355 0.0454102 0.112305
2 0.616699 0.480957 0.0488281 0.141602
2 0.67749 0.493652 0.119629 0.186523
2 0.804932 0.568848 0.143066 0.37207
2 0.921143 0.505371 0.152832 0.799805
