1 0.672119 0.446289 0.019043 0.123047
1 0.698242 0.44043 0.0244141 0.128906
1 0.619141 0.439453 0.0117188 0.0703125
1 0.481445 0.438477 0.00585938 0.0292969
1 0.0820312 0.462891 0.0195312 0.078125
1 0.496338 0.44043 0.00537109 0.0253906
1 0.188477 0.458008 0.0078125 0.0429688
1 0.178467 0.460449 0.00927734 0.0458984
1 0.260498 0.453125 0.00634766 0.0429688
1 0.268066 0.452637 0.00878906 0.0419922
5 0.385986 0.441895 0.0161133 0.0654297
2 0.485107 0.434082 0.0180664 0.0146484
2 0.12793 0.466797 0.0517578 0.0371094
2 0.107666 0.469238 0.0170898 0.0361328
2 0.307861 0.454102 0.0180664 0.0371094
2 0.55542 0.441406 0.0395508 0.0546875
2 0.842773 0.480469 0.220703 0.271484
2 0.432861 0.434082 0.0180664 0.0166016
2 0.501465 0.441406 0.0117188 0.0410156
2 0.511475 0.442383 0.0229492 0.0429688
2 0.428711 0.446777 0.0205078 0.0341797
2 0.40625 0.447266 0.0351562 0.0546875
2 0.457275 0.452148 0.0405273 0.0644531
2 0.526367 0.449219 0.0380859 0.0546875
2 0.348389 0.457031 0.0708008 0.107422
2 0.224609 0.450195 0.0517578 0.0800781
6 0.385742 0.469727 0.0146484 0.0527344
