1 0.581055 0.415527 0.00585938 0.0341797
1 0.586182 0.412109 0.00830078 0.0410156
1 0.841064 0.406738 0.0522461 0.22168
1 0.421143 0.421387 0.00537109 0.0478516
2 0.613281 0.438477 0.0556641 0.0859375
2 0.510498 0.379395 0.012207 0.0126953
2 0.517334 0.382812 0.0102539 0.0117188
2 0.517822 0.390137 0.00732422 0.0107422
2 0.513672 0.39209 0.0126953 0.0107422
2 0.513428 0.400391 0.012207 0.0117188
2 0.51416 0.409668 0.0126953 0.0146484
2 0.516113 0.42041 0.0146484 0.0205078
2 0.496582 0.424805 0.0253906 0.0390625
2 0.470215 0.414551 0.015625 0.0146484
2 0.392822 0.42041 0.0112305 0.0263672
2 0.356445 0.447266 0.0742188 0.0917969
2 0.187988 0.503418 0.181641 0.22168
2 0.0471191 0.54834 0.0883789 0.307617
4 0.495361 0.40918 0.0249023 0.046875
