1 0.709229 0.46582 0.0102539 0.0605469
1 0.450195 0.446777 0.0341797 0.182617
1 0.322021 0.442383 0.050293 0.300781
5 0.766113 0.462402 0.0205078 0.108398
5 0.513428 0.45752 0.0522461 0.227539
2 0.611572 0.460938 0.125488 0.1875
2 0.838135 0.434082 0.100098 0.209961
2 0.812256 0.454102 0.0463867 0.0625
2 0.808594 0.524414 0.0507812 0.195312
2 0.872314 0.543945 0.144043 0.314453
2 0.923828 0.63623 0.147461 0.491211
7 0.686279 0.477539 0.0180664 0.0683594
7 0.764648 0.500488 0.00585938 0.0615234
7 0.509277 0.535645 0.0615234 0.186523
7 0.359863 0.518555 0.0761719 0.232422
