1 0.559082 0.395996 0.00488281 0.0224609
1 0.589111 0.404785 0.00341797 0.00878906
1 0.825684 0.378906 0.0126953 0.0273438
1 0.496338 0.414062 0.00732422 0.0273438
2 0.592773 0.393066 0.0107422 0.0166016
2 0.32666 0.462891 0.0488281 0.0996094
2 0.289551 0.473145 0.0585938 0.133789
2 0.237061 0.483887 0.0844727 0.172852
2 0.111816 0.493652 0.182617 0.260742
2 0.520996 0.435547 0.0341797 0.0488281
6 0.594727 0.439941 0.0458984 0.0771484
6 0.600342 0.44873 0.0327148 0.0673828
6 0.424316 0.425781 0.0195312 0.03125
7 0.6604 0.422363 0.0112305 0.0341797
7 0.640137 0.424316 0.0175781 0.0302734
7 0.704834 0.412109 0.00927734 0.00585938
7 0.692871 0.422852 0.0175781 0.0253906
