2 0.356689 0.44873 0.0141602 0.0205078
2 0.374512 0.443848 0.00488281 0.0224609
2 0.383057 0.442383 0.00732422 0.0195312
2 0.571533 0.431641 0.00830078 0.0175781
2 0.619385 0.422852 0.00830078 0.0117188
2 0.624023 0.427246 0.0107422 0.0185547
2 0.698242 0.425781 0.0429688 0.03125
2 0.656738 0.410156 0.0390625 0.0175781
2 0.594971 0.44873 0.0532227 0.0830078
2 0.652588 0.480957 0.0893555 0.131836
2 0.794434 0.47168 0.0976562 0.146484
2 0.900146 0.476074 0.163574 0.198242
2 0.513916 0.500977 0.13623 0.226562
2 0.390137 0.444336 0.00292969 0.0117188
