5 0.636963 0.384766 0.034668 0.140625
5 0.688965 0.422363 0.0371094 0.202148
2 0.697998 0.392578 0.0610352 0.0351562
2 0.594482 0.430664 0.119629 0.132812
2 0.180908 0.402832 0.019043 0.0341797
2 0.15625 0.406738 0.0419922 0.0498047
2 0.278076 0.397949 0.019043 0.0185547
2 0.239502 0.425781 0.0688477 0.0820312
2 0.341064 0.388184 0.0112305 0.0166016
2 0.358887 0.390625 0.0117188 0.0175781
2 0.392334 0.38623 0.00732422 0.0107422
2 0.458252 0.391113 0.0131836 0.0244141
2 0.450684 0.39209 0.0126953 0.0244141
2 0.444092 0.397461 0.0161133 0.0253906
2 0.417725 0.396484 0.0161133 0.0253906
2 0.435059 0.384766 0.0078125 0.00976562
7 0.625977 0.454102 0.0566406 0.119141
7 0.667236 0.481934 0.0844727 0.0986328
7 0.03125 0.411621 0.0078125 0.0244141
