1 0.0336914 0.29541 0.0615234 0.0966797
1 0.10083 0.342773 0.0258789 0.0292969
2 0.688477 0.432129 0.0283203 0.0322266
2 0.635254 0.442383 0.0224609 0.0507812
2 0.607178 0.443359 0.0444336 0.0761719
2 0.599609 0.45166 0.0361328 0.0712891
2 0.564209 0.45459 0.0532227 0.0947266
2 0.55835 0.466797 0.0415039 0.0976562
2 0.508057 0.470703 0.0864258 0.132812
2 0.269043 0.57666 0.194336 0.391602
2 0.117432 0.663086 0.229004 0.664062
2 0.770996 0.441895 0.167969 0.311523
2 0.789551 0.527832 0.0820312 0.219727
2 0.884033 0.599609 0.227051 0.416016
7 0.36792 0.499512 0.0307617 0.0927734
