2 0.0102539 0.570312 0.0146484 0.166016
2 0.174805 0.429199 0.0117188 0.0146484
2 0.1875 0.427734 0.015625 0.015625
2 0.21875 0.427734 0.00683594 0.015625
2 0.230713 0.428223 0.0258789 0.0283203
2 0.263184 0.416016 0.0380859 0.0429688
2 0.266846 0.429688 0.0239258 0.0390625
2 0.152344 0.441406 0.0332031 0.0546875
2 0.148193 0.447266 0.0229492 0.0585938
2 0.126953 0.453125 0.0527344 0.0683594
2 0.279785 0.43457 0.00878906 0.0449219
2 0.294922 0.431152 0.0292969 0.0576172
2 0.304932 0.436035 0.0258789 0.0556641
2 0.326904 0.437988 0.0415039 0.0634766
2 0.349365 0.432129 0.059082 0.0849609
2 0.525635 0.447266 0.133301 0.203125
2 0.652832 0.493164 0.18457 0.275391
2 0.85083 0.541016 0.293457 0.554688
7 0.392822 0.447754 0.050293 0.0576172
