1 0.432129 0.445801 0.0117188 0.108398
1 0.405518 0.441895 0.0131836 0.112305
1 0.343018 0.464355 0.00927734 0.0732422
1 0.387451 0.436523 0.0131836 0.117188
1 0.421387 0.439453 0.0234375 0.126953
1 0.378662 0.450195 0.0200195 0.15625
1 0.396973 0.442871 0.0214844 0.116211
1 0.351074 0.470215 0.0107422 0.110352
1 0.332031 0.436035 0.0292969 0.170898
1 0.363281 0.441895 0.0380859 0.202148
1 0.321289 0.447754 0.0332031 0.170898
1 0.45874 0.40332 0.012207 0.0507812
1 0.455078 0.449707 0.0234375 0.116211
1 0.503174 0.410156 0.00830078 0.0488281
1 0.494385 0.410156 0.012207 0.0546875
5 0.468506 0.44043 0.0112305 0.0839844
2 0.539795 0.411133 0.00830078 0.0390625
2 0.55127 0.413086 0.0244141 0.0488281
2 0.563965 0.43457 0.0273438 0.0566406
2 0.587646 0.45166 0.0493164 0.0771484
2 0.661621 0.48584 0.112305 0.15332
2 0.861572 0.571289 0.271973 0.388672
7 0.466309 0.458008 0.0117188 0.0566406
