1 0.382568 0.338867 0.00341797 0.015625
1 0.370605 0.34082 0.00488281 0.0136719
1 0.362305 0.343262 0.00488281 0.0185547
1 0.264404 0.344238 0.00634766 0.0302734
1 0.258057 0.337402 0.00537109 0.0244141
1 0.614258 0.338867 0.00585938 0.0351562
1 0.604492 0.337402 0.00585938 0.0341797
1 0.619629 0.338867 0.00488281 0.0351562
1 0.720947 0.376465 0.0180664 0.0830078
1 0.737061 0.379395 0.012207 0.0791016
1 0.753662 0.380859 0.0151367 0.0761719
1 0.937744 0.416992 0.0141602 0.0722656
5 0.394043 0.391602 0.0341797 0.126953
2 0.469971 0.34082 0.00830078 0.015625
2 0.459717 0.341309 0.012207 0.0185547
2 0.399414 0.366211 0.0449219 0.0703125
2 0.341553 0.398926 0.0756836 0.100586
2 0.0222168 0.384277 0.0385742 0.0712891
2 0.159668 0.489258 0.28418 0.396484
2 0.548828 0.358887 0.00976562 0.0458984
2 0.551758 0.367188 0.00488281 0.046875
2 0.572998 0.35791 0.0385742 0.0830078
2 0.580322 0.368164 0.034668 0.0429688
2 0.58252 0.384766 0.0390625 0.0683594
2 0.599121 0.394043 0.0527344 0.0791016
2 0.519531 0.374512 0.0371094 0.0556641
4 0.503418 0.32666 0.0166016 0.0400391
4 0.543701 0.331055 0.0161133 0.0332031
6 0.394043 0.441895 0.0332031 0.0966797
