1 0.174805 0.42334 0.0322266 0.102539
1 0.111572 0.498047 0.0415039 0.226562
1 0.625732 0.421387 0.00634766 0.00878906
1 0.728027 0.405762 0.015625 0.0205078
1 0.817383 0.38916 0.00878906 0.00878906
1 0.84082 0.382324 0.0107422 0.0166016
1 0.852295 0.382812 0.0151367 0.0136719
2 0.460938 0.461426 0.0341797 0.0673828
2 0.447021 0.468262 0.027832 0.0751953
2 0.42627 0.477051 0.0390625 0.114258
2 0.401611 0.481934 0.0600586 0.120117
2 0.370117 0.509766 0.0996094 0.173828
2 0.253662 0.538574 0.213379 0.27832
2 0.516846 0.45166 0.0366211 0.0517578
2 0.567627 0.450684 0.0268555 0.0478516
2 0.583496 0.456543 0.0263672 0.0576172
2 0.599365 0.460449 0.0249023 0.0712891
2 0.609863 0.464355 0.0351562 0.0810547
2 0.624268 0.464355 0.0219727 0.0888672
2 0.643066 0.47168 0.0566406 0.125
2 0.683838 0.487793 0.0952148 0.15332
2 0.773193 0.521484 0.161621 0.214844
