1 0.495605 0.380859 0.00292969 0.0136719
1 0.348145 0.407715 0.0078125 0.0283203
1 0.105469 0.441406 0.0185547 0.0996094
1 0.617432 0.382812 0.00732422 0.0253906
1 0.600098 0.397461 0.0107422 0.046875
1 0.644287 0.38623 0.0102539 0.0341797
1 0.662109 0.374023 0.00976562 0.0390625
1 0.654785 0.406738 0.0244141 0.106445
1 0.707764 0.396484 0.0180664 0.111328
1 0.694824 0.399902 0.0302734 0.108398
5 0.48877 0.408203 0.0136719 0.0507812
2 0.593506 0.371582 0.012207 0.0244141
2 0.504883 0.391602 0.0195312 0.0234375
2 0.482422 0.401855 0.0078125 0.0263672
2 0.50293 0.409668 0.0224609 0.0419922
2 0.473633 0.400391 0.015625 0.0292969
2 0.467041 0.404785 0.019043 0.0302734
2 0.398193 0.446777 0.100098 0.141602
2 0.0283203 0.507812 0.0507812 0.183594
2 0.150146 0.473145 0.0688477 0.145508
2 0.266357 0.506348 0.223145 0.291992
6 0.489014 0.415039 0.00927734 0.0351562
