1 0.133057 0.380859 0.0268555 0.0742188
1 0.0939941 0.401367 0.00830078 0.0332031
1 0.108398 0.375 0.0292969 0.09375
1 0.0383301 0.367188 0.0307617 0.0957031
1 0.549316 0.430664 0.0244141 0.203125
1 0.537109 0.438965 0.0302734 0.196289
1 0.594971 0.42041 0.0375977 0.209961
1 0.296387 0.444336 0.0273438 0.125
2 0.305664 0.416504 0.0136719 0.0205078
2 0.28125 0.400879 0.00878906 0.0126953
2 0.281006 0.416992 0.00732422 0.0195312
2 0.268555 0.412109 0.0175781 0.0351562
2 0.266357 0.421387 0.012207 0.0205078
2 0.154297 0.402832 0.0107422 0.0126953
2 0.0727539 0.411621 0.0380859 0.0185547
2 0.209473 0.470215 0.135742 0.188477
2 0.384033 0.475098 0.131348 0.204102
3 0.312256 0.398438 0.0112305 0.015625
