1 0.299805 0.432617 0.0195312 0.0800781
5 0.0119629 0.423828 0.0180664 0.138672
2 0.546143 0.431152 0.0170898 0.0341797
2 0.587402 0.457031 0.0410156 0.09375
2 0.61499 0.461914 0.0610352 0.126953
2 0.659424 0.481934 0.0874023 0.166992
2 0.739502 0.51416 0.174316 0.22168
2 0.516113 0.431641 0.0175781 0.0195312
2 0.470459 0.430664 0.019043 0.0449219
2 0.454346 0.435547 0.0229492 0.0488281
2 0.44043 0.441895 0.0126953 0.0634766
2 0.416016 0.446777 0.03125 0.0947266
2 0.365479 0.454102 0.0805664 0.119141
7 0.987061 0.478516 0.0209961 0.121094
7 0.0153809 0.578125 0.0249023 0.177734
7 0.280762 0.446289 0.0273438 0.0625
