1 0.56958 0.424316 0.0170898 0.0712891
1 0.558838 0.418945 0.0112305 0.0527344
1 0.365234 0.435059 0.00683594 0.0283203
1 0.421875 0.432617 0.0195312 0.0488281
1 0.445068 0.46875 0.0161133 0.152344
1 0.455322 0.46875 0.0200195 0.15625
5 0.872803 0.471191 0.0463867 0.211914
2 0.195312 0.462891 0.0507812 0.0625
2 0.229736 0.461426 0.0385742 0.0537109
2 0.262207 0.462891 0.0605469 0.0527344
2 0.307129 0.461914 0.0302734 0.0546875
2 0.37085 0.443848 0.0375977 0.0244141
2 0.342041 0.466797 0.059082 0.0683594
2 0.37915 0.467773 0.0268555 0.0644531
2 0.392822 0.466309 0.0200195 0.0693359
2 0.405273 0.456543 0.0224609 0.0751953
2 0.4646 0.474121 0.114746 0.0830078
2 0.455078 0.480957 0.0791016 0.114258
7 0.628662 0.441895 0.0229492 0.0517578
7 0.667236 0.445312 0.0170898 0.0488281
7 0.686523 0.449219 0.0185547 0.0449219
7 0.703369 0.443848 0.0219727 0.0517578
7 0.756592 0.450195 0.0161133 0.0488281
7 0.862793 0.515137 0.107422 0.141602
