1 0.0144043 0.45166 0.0229492 0.12207
1 0.029541 0.458008 0.0180664 0.113281
1 0.0930176 0.453613 0.019043 0.0986328
1 0.076416 0.456055 0.019043 0.113281
1 0.103027 0.458984 0.0234375 0.111328
2 0.474854 0.457031 0.0258789 0.0390625
2 0.425293 0.449707 0.0166016 0.0478516
2 0.410156 0.450684 0.0361328 0.0498047
2 0.414795 0.452637 0.0102539 0.0400391
2 0.397461 0.454102 0.0380859 0.0507812
2 0.369873 0.45752 0.0688477 0.0498047
2 0.511963 0.454102 0.0131836 0.0410156
2 0.522461 0.452637 0.0234375 0.0439453
2 0.54541 0.452637 0.0507812 0.0673828
2 0.580566 0.434082 0.0517578 0.0322266
