1 0.337402 0.424316 0.00390625 0.0126953
1 0.317139 0.425781 0.00830078 0.015625
1 0.218994 0.43457 0.00537109 0.0175781
1 0.213623 0.435547 0.00439453 0.0175781
1 0.203369 0.433594 0.00927734 0.0234375
1 0.195068 0.432129 0.00830078 0.0302734
1 0.161865 0.433594 0.00537109 0.0332031
1 0.155273 0.430176 0.0078125 0.0302734
1 0.165771 0.432617 0.00830078 0.0351562
1 0.0656738 0.428223 0.00732422 0.0400391
1 0.0737305 0.425293 0.0107422 0.0419922
1 0.0595703 0.425293 0.00488281 0.0498047
1 0.0522461 0.42627 0.0078125 0.0478516
2 0.673096 0.475098 0.0297852 0.0185547
2 0.574707 0.461426 0.0273438 0.0380859
2 0.614746 0.456543 0.0634766 0.0771484
2 0.532715 0.461914 0.0332031 0.0449219
2 0.887207 0.641113 0.220703 0.670898
4 0.0654297 0.407227 0.106445 0.078125
