1 0.87915 0.385742 0.00927734 0.0488281
1 0.733154 0.412598 0.012207 0.0712891
2 0.308838 0.382324 0.0161133 0.0185547
2 0.296631 0.384766 0.0170898 0.0175781
2 0.282227 0.386719 0.0146484 0.0136719
2 0.269531 0.385254 0.0136719 0.0166016
2 0.257568 0.384766 0.0112305 0.0234375
2 0.246338 0.379883 0.0161133 0.0253906
2 0.248535 0.38623 0.00683594 0.0244141
2 0.24707 0.388672 0.00976562 0.0292969
2 0.242188 0.394043 0.0117188 0.0419922
2 0.323975 0.384277 0.0102539 0.0244141
2 0.334229 0.384277 0.0161133 0.0341797
2 0.345703 0.388184 0.0214844 0.0400391
2 0.366455 0.390625 0.0336914 0.046875
2 0.810791 0.38623 0.0219727 0.00683594
2 0.776855 0.385254 0.046875 0.0107422
2 0.556152 0.485352 0.15918 0.257812
