1 0.323975 0.473633 0.0209961 0.181641
1 0.303955 0.459473 0.0317383 0.213867
1 0.220703 0.462402 0.0244141 0.194336
1 0.227295 0.497559 0.0219727 0.12793
1 0.256348 0.474609 0.0371094 0.195312
1 0.0249023 0.446777 0.0439453 0.182617
2 0.978516 0.474121 0.0185547 0.0419922
2 0.94458 0.481934 0.0180664 0.0224609
2 0.929443 0.483887 0.0141602 0.0224609
2 0.91333 0.484375 0.0219727 0.0214844
2 0.889893 0.492676 0.0131836 0.0419922
2 0.881836 0.492676 0.0117188 0.0517578
2 0.860596 0.48877 0.0444336 0.0654297
2 0.821777 0.499023 0.0351562 0.0585938
2 0.779053 0.492676 0.0610352 0.0810547
