1 0.528809 0.398926 0.0146484 0.0517578
1 0.544189 0.390625 0.00634766 0.03125
1 0.549561 0.399902 0.00537109 0.0341797
1 0.699463 0.412109 0.0219727 0.138672
1 0.71582 0.408203 0.0302734 0.146484
1 0.488281 0.39502 0.0078125 0.0302734
1 0.483154 0.395996 0.0112305 0.0322266
1 0.461914 0.398926 0.00585938 0.0263672
1 0.452881 0.391602 0.00439453 0.0214844
1 0.39917 0.379395 0.00537109 0.00878906
1 0.393799 0.376953 0.00634766 0.00976562
1 0.375244 0.376953 0.00830078 0.0136719
1 0.362061 0.376953 0.00537109 0.0078125
1 0.117432 0.402832 0.0268555 0.129883
1 0.0830078 0.40332 0.015625 0.125
5 0.524902 0.392578 0.00683594 0.0351562
2 0.540771 0.39209 0.0131836 0.0224609
2 0.515381 0.39502 0.0229492 0.0439453
2 0.554688 0.400391 0.0078125 0.0390625
2 0.595459 0.407715 0.0200195 0.0771484
2 0.627441 0.400391 0.0576172 0.109375
2 0.498047 0.398926 0.00976562 0.0107422
2 0.476318 0.392578 0.00927734 0.0234375
2 0.466064 0.395508 0.0131836 0.0234375
2 0.458252 0.397461 0.00634766 0.0234375
2 0.423584 0.403809 0.0180664 0.0419922
2 0.334229 0.413574 0.0620117 0.104492
2 0.498779 0.392578 0.00830078 0.00390625
2 0.490234 0.398926 0.00683594 0.0107422
6 0.674561 0.441895 0.0366211 0.0263672
6 0.526611 0.40918 0.00537109 0.0234375
6 0.641846 0.418945 0.0336914 0.0820312
7 0.448242 0.40332 0.0166016 0.0234375
