1 0.513428 0.44873 0.00732422 0.0283203
1 0.520264 0.455078 0.00537109 0.0292969
1 0.526123 0.453125 0.00634766 0.0292969
1 0.532959 0.45459 0.00634766 0.0341797
1 0.537598 0.452637 0.0078125 0.0380859
1 0.637939 0.44873 0.012207 0.0927734
1 0.64917 0.445801 0.0180664 0.0947266
1 0.664551 0.447754 0.0175781 0.108398
1 0.279541 0.466309 0.027832 0.12207
1 0.314453 0.469727 0.0273438 0.119141
1 0.609619 0.449219 0.0219727 0.111328
2 0.397705 0.468262 0.0600586 0.0869141
2 0.503662 0.45752 0.0219727 0.0341797
7 0.623779 0.461426 0.0170898 0.0361328
7 0.683105 0.465332 0.0214844 0.0830078
