1 0.656738 0.419922 0.00976562 0.0683594
1 0.746338 0.430176 0.012207 0.100586
1 0.430176 0.41748 0.00585938 0.0283203
1 0.365967 0.425293 0.00927734 0.0458984
1 0.35791 0.426758 0.0078125 0.0429688
5 0.0715332 0.422852 0.019043 0.0761719
5 0.00537109 0.434082 0.00488281 0.0732422
2 0.182861 0.443848 0.00732422 0.0341797
2 0.463379 0.426758 0.0214844 0.0292969
2 0.521973 0.417969 0.0195312 0.0195312
2 0.714111 0.426758 0.0483398 0.0742188
2 0.738281 0.4375 0.0283203 0.078125
2 0.392822 0.431641 0.0288086 0.0390625
2 0.293457 0.436523 0.0517578 0.0546875
2 0.61499 0.442871 0.0532227 0.0810547
2 0.550049 0.416016 0.0102539 0.0214844
2 0.560547 0.415039 0.0195312 0.0234375
7 0.657471 0.432129 0.0209961 0.0400391
7 0.892822 0.473145 0.0327148 0.0869141
7 0.838135 0.471191 0.0209961 0.0947266
7 0.803711 0.483887 0.00878906 0.0458984
7 0.0732422 0.443848 0.0234375 0.0498047
7 0.00732422 0.456543 0.00878906 0.0419922
7 0.772949 0.475098 0.0078125 0.0458984
