1 0.723145 0.464844 0.0458984 0.244141
1 0.484619 0.44873 0.00830078 0.0458984
1 0.474609 0.45166 0.0107422 0.0498047
1 0.438477 0.449219 0.0126953 0.0703125
1 0.394531 0.449707 0.0166016 0.0947266
1 0.212402 0.479004 0.0263672 0.108398
1 0.0405273 0.478027 0.0273438 0.151367
5 0.387939 0.460449 0.019043 0.0849609
2 0.661377 0.419922 0.012207 0.0078125
2 0.823975 0.456055 0.034668 0.111328
2 0.909424 0.436035 0.0600586 0.110352
2 0.92334 0.582031 0.148438 0.507812
2 0.51001 0.456055 0.0366211 0.0566406
7 0.380859 0.473145 0.0332031 0.0673828
