1 0.301758 0.414062 0.00878906 0.046875
1 0.311035 0.41748 0.00878906 0.0419922
1 0.320557 0.420898 0.00634766 0.0332031
1 0.499512 0.398438 0.0078125 0.0292969
1 0.505859 0.392578 0.00683594 0.0253906
1 0.161865 0.432617 0.0112305 0.0683594
1 0.172119 0.433594 0.0131836 0.0664062
5 0.282959 0.427246 0.0180664 0.0810547
5 0.255859 0.431152 0.0234375 0.0810547
2 0.616211 0.371582 0.0234375 0.0166016
2 0.65918 0.379883 0.00488281 0.0136719
2 0.62085 0.380859 0.0200195 0.0175781
2 0.559082 0.377441 0.0126953 0.0185547
2 0.716309 0.373047 0.00390625 0.00585938
2 0.705811 0.381836 0.0239258 0.0117188
2 0.710205 0.380371 0.0151367 0.00683594
2 0.708496 0.388184 0.0205078 0.0126953
2 0.715088 0.400879 0.0268555 0.0283203
2 0.696533 0.403809 0.0493164 0.0341797
2 0.516113 0.40918 0.0273438 0.0410156
2 0.570801 0.415039 0.015625 0.0488281
2 0.548584 0.417969 0.0405273 0.0722656
2 0.479736 0.414062 0.00439453 0.00976562
2 0.433105 0.461426 0.121094 0.194336
7 0.283691 0.452637 0.015625 0.0537109
7 0.256592 0.461914 0.0170898 0.0761719
