1 0.463379 0.408203 0.0117188 0.0917969
1 0.50293 0.41748 0.0214844 0.0927734
1 0.476562 0.416992 0.0244141 0.144531
1 0.449707 0.40625 0.0302734 0.160156
1 0.386719 0.427246 0.0400391 0.202148
5 0.572754 0.41748 0.03125 0.139648
5 0.541504 0.420898 0.0244141 0.140625
2 0.496826 0.39209 0.0131836 0.0263672
2 0.512451 0.408691 0.0415039 0.0537109
2 0.62207 0.416016 0.0439453 0.0664062
2 0.556152 0.416016 0.0078125 0.0644531
2 0.977783 0.409668 0.0395508 0.0126953
2 0.938232 0.516602 0.118652 0.224609
2 0.794922 0.543457 0.227539 0.352539
2 0.384033 0.42041 0.0922852 0.133789
6 0.608643 0.42334 0.0268555 0.0908203
7 0.637451 0.434082 0.0229492 0.0693359
7 0.574463 0.45459 0.0229492 0.0927734
7 0.544678 0.464844 0.0219727 0.0878906
