1 0.845947 0.345703 0.0180664 0.0214844
1 0.812744 0.36084 0.0141602 0.0361328
1 0.794678 0.356445 0.012207 0.0332031
1 0.786133 0.354492 0.0078125 0.0273438
1 0.754883 0.355469 0.0146484 0.0507812
1 0.771729 0.356445 0.0180664 0.0429688
1 0.743408 0.35791 0.0161133 0.0517578
1 0.735596 0.363281 0.00830078 0.0449219
1 0.713379 0.347656 0.00585938 0.0136719
1 0.724121 0.351562 0.0175781 0.0703125
1 0.382568 0.405762 0.0258789 0.161133
1 0.39209 0.413574 0.0380859 0.151367
1 0.257812 0.421875 0.0283203 0.158203
1 0.269775 0.42334 0.0307617 0.137695
1 0.54541 0.422363 0.0175781 0.233398
1 0.531982 0.42041 0.0229492 0.264648
1 0.567871 0.438965 0.0458984 0.250977
1 0.19751 0.486816 0.0151367 0.0419922
1 0.21875 0.431152 0.0605469 0.270508
1 0.138184 0.323242 0.015625 0.0390625
1 0.109863 0.428223 0.0546875 0.301758
1 0.156494 0.449707 0.0688477 0.329102
1 0.0268555 0.459961 0.0478516 0.324219
5 0.310791 0.453125 0.090332 0.328125
2 0.886963 0.368652 0.0463867 0.0771484
2 0.842773 0.411133 0.110352 0.109375
2 0.973389 0.374023 0.0483398 0.103516
7 0.554688 0.460938 0.125977 0.142578
