1 0.612549 0.407715 0.00634766 0.0361328
1 0.632812 0.414062 0.0078125 0.0371094
1 0.651611 0.419922 0.0112305 0.0566406
1 0.426025 0.402832 0.00830078 0.0107422
2 0.557373 0.366699 0.00732422 0.0107422
2 0.681396 0.453613 0.0473633 0.147461
2 0.730713 0.458008 0.0991211 0.212891
2 0.794189 0.484375 0.118652 0.283203
2 0.910889 0.509766 0.17334 0.6875
2 0.529297 0.407227 0.015625 0.0292969
2 0.549072 0.419922 0.0317383 0.0566406
2 0.465332 0.429199 0.0292969 0.0517578
2 0.459961 0.43457 0.0166016 0.0488281
2 0.449463 0.437012 0.0180664 0.0556641
2 0.418457 0.444824 0.0439453 0.0693359
2 0.338135 0.459473 0.0737305 0.12207
2 0.252441 0.473145 0.109375 0.19043
2 0.159668 0.503418 0.15918 0.209961
6 0.0549316 0.561523 0.104004 0.179688
7 0.37207 0.443359 0.00976562 0.0410156
