1 0.458496 0.426758 0.00683594 0.0234375
1 0.453369 0.412109 0.00830078 0.0527344
1 0.440674 0.408691 0.0131836 0.0556641
1 0.415283 0.414551 0.00830078 0.0322266
1 0.387939 0.399902 0.00830078 0.0341797
1 0.334473 0.402832 0.0078125 0.0244141
1 0.334229 0.403809 0.00732422 0.0244141
1 0.247803 0.399414 0.0102539 0.101562
1 0.26123 0.411133 0.0146484 0.173828
1 0.0153809 0.38623 0.00634766 0.0771484
1 0.0319824 0.380859 0.00830078 0.0898438
1 0.201172 0.463867 0.00292969 0.0078125
1 0.465332 0.415039 0.00976562 0.0527344
1 0.21167 0.394531 0.00537109 0.0292969
1 0.0236816 0.37793 0.0200195 0.0957031
1 0.0407715 0.398438 0.027832 0.148438
1 0.0617676 0.400879 0.0258789 0.151367
1 0.0114746 0.475586 0.0170898 0.0800781
1 0.203857 0.405273 0.0209961 0.207031
1 0.231934 0.436035 0.0410156 0.254883
1 0.473633 0.450684 0.0742188 0.301758
1 0.622803 0.449707 0.0444336 0.399414
1 0.63501 0.481934 0.0698242 0.37793
1 0.512939 0.473633 0.0981445 0.501953
1 0.592773 0.532715 0.113281 0.53418
1 0.668945 0.431641 0.0166016 0.0820312
1 0.696777 0.426758 0.00878906 0.0976562
1 0.687988 0.429199 0.0136719 0.108398
1 0.72876 0.434082 0.012207 0.0556641
1 0.143799 0.486816 0.0698242 0.399414
1 0.858643 0.471191 0.10791 0.393555
1 0.834717 0.490723 0.0893555 0.385742
1 0.769043 0.499023 0.0859375 0.673828
1 0.970947 0.496094 0.0532227 0.439453
1 0.961426 0.520508 0.0722656 0.427734
1 0.284912 0.5 0.131348 0.53125
2 0.506836 0.42334 0.0263672 0.0888672
2 0.603271 0.450684 0.097168 0.209961
7 0.387207 0.432129 0.0136719 0.0439453
7 0.716797 0.489258 0.0429688 0.132812
