1 0.40625 0.443359 0.0126953 0.154297
1 0.419434 0.44043 0.0224609 0.166016
1 0.740967 0.42334 0.00634766 0.0458984
1 0.735352 0.412598 0.00683594 0.0302734
1 0.762939 0.4375 0.0161133 0.111328
1 0.844482 0.424316 0.00830078 0.0478516
1 0.836182 0.431152 0.00830078 0.0419922
1 0.828125 0.428711 0.0214844 0.126953
1 0.822266 0.431641 0.0185547 0.128906
1 0.776611 0.431152 0.0170898 0.108398
5 0.918457 0.441895 0.0429688 0.182617
2 0.590332 0.634277 0.412109 0.631836
8 0.189941 0.413574 0.374023 0.817383
7 0.926758 0.501953 0.0498047 0.0898438
