1 0.35791 0.445312 0.0136719 0.0820312
1 0.373291 0.447266 0.0170898 0.0800781
1 0.391357 0.446777 0.0151367 0.0810547
1 0.27417 0.442383 0.0268555 0.150391
1 0.299805 0.443359 0.0273438 0.142578
1 0.327393 0.438965 0.0229492 0.155273
1 0.154053 0.472168 0.0288086 0.147461
1 0.17041 0.443359 0.0634766 0.203125
1 0.168213 0.482422 0.0356445 0.128906
2 0.47876 0.470215 0.00634766 0.0400391
2 0.498047 0.457031 0.015625 0.0625
2 0.450928 0.459961 0.0561523 0.078125
2 0.505859 0.457031 0.0175781 0.0703125
2 0.513916 0.456055 0.0161133 0.078125
2 0.540771 0.447754 0.0532227 0.104492
2 0.544189 0.455566 0.0327148 0.104492
2 0.563721 0.459961 0.050293 0.128906
2 0.599609 0.45459 0.0605469 0.149414
2 0.635254 0.473145 0.0917969 0.200195
2 0.756348 0.485352 0.235352 0.332031
2 0.895752 0.624512 0.203613 0.600586
