1 0.328369 0.442383 0.0102539 0.0546875
1 0.573975 0.438477 0.00830078 0.0332031
1 0.75415 0.458008 0.012207 0.103516
1 0.761963 0.451172 0.0141602 0.113281
1 0.812744 0.443848 0.0151367 0.124023
1 0.841553 0.452637 0.0249023 0.112305
5 0.927734 0.466797 0.0742188 0.308594
2 0.230225 0.491211 0.123535 0.144531
2 0.467529 0.442871 0.00927734 0.0224609
2 0.476074 0.44043 0.0136719 0.0214844
2 0.444092 0.457031 0.0473633 0.0878906
2 0.379395 0.471191 0.0917969 0.161133
2 0.544189 0.460449 0.0209961 0.0791016
2 0.509766 0.478516 0.0820312 0.125
2 0.605957 0.462402 0.0527344 0.102539
2 0.655029 0.489746 0.114746 0.155273
