1 0.329102 0.371094 0.00878906 0.0429688
1 0.318604 0.375 0.00537109 0.0351562
1 0.0244141 0.439453 0.0429688 0.470703
1 0.0771484 0.453613 0.0878906 0.493164
5 0.585449 0.396973 0.0107422 0.100586
5 0.574219 0.383301 0.0205078 0.0927734
5 0.61084 0.397461 0.0175781 0.0878906
5 0.630859 0.396973 0.0195312 0.0888672
2 0.464355 0.371094 0.015625 0.0253906
2 0.472168 0.379395 0.0117188 0.0224609
2 0.462158 0.378418 0.00634766 0.0224609
2 0.439941 0.383301 0.0449219 0.0712891
2 0.401855 0.379395 0.0166016 0.0283203
2 0.385986 0.382812 0.0151367 0.0332031
2 0.251953 0.378418 0.0361328 0.0439453
2 0.213867 0.37793 0.0283203 0.0390625
2 0.1875 0.375488 0.0253906 0.0400391
2 0.175049 0.377441 0.0161133 0.0458984
2 0.153076 0.375977 0.0405273 0.0527344
2 0.13623 0.379883 0.0371094 0.0507812
2 0.127197 0.383789 0.0288086 0.0585938
7 0.485352 0.394531 0.0224609 0.0273438
7 0.55542 0.415527 0.012207 0.0634766
7 0.583984 0.418457 0.0136719 0.0693359
7 0.574463 0.418457 0.0170898 0.0751953
7 0.612305 0.430664 0.0146484 0.0683594
7 0.752441 0.419922 0.0078125 0.0410156
7 0.631104 0.431152 0.0209961 0.0732422
