1 0.775391 0.430176 0.0175781 0.0986328
1 0.801758 0.431641 0.0117188 0.0957031
1 0.790283 0.431152 0.0200195 0.100586
1 0.18457 0.4375 0.0146484 0.0761719
1 0.126465 0.437012 0.0166016 0.0869141
1 0.112549 0.438965 0.0131836 0.0849609
5 0.155273 0.435059 0.015625 0.0986328
2 0.644287 0.455078 0.0336914 0.0878906
2 0.694824 0.478516 0.109375 0.164062
2 0.599854 0.434082 0.027832 0.0478516
2 0.586914 0.425781 0.0136719 0.0410156
2 0.483154 0.418945 0.00732422 0.015625
2 0.443359 0.435059 0.0234375 0.0400391
2 0.465088 0.435059 0.034668 0.0517578
2 0.418457 0.435547 0.03125 0.046875
2 0.386963 0.436035 0.043457 0.0537109
2 0.338867 0.432617 0.0556641 0.0703125
2 0.533691 0.49707 0.135742 0.216797
7 0.915771 0.472168 0.0424805 0.125977
7 0.149902 0.459961 0.0175781 0.0527344
