1 0.0876465 0.378418 0.0415039 0.262695
1 0.0627441 0.397461 0.0454102 0.248047
1 0.0266113 0.381836 0.0473633 0.291016
1 0.139404 0.395508 0.0317383 0.230469
2 0.791992 0.356445 0.151367 0.107422
2 0.279541 0.353516 0.00341797 0.015625
2 0.27124 0.363281 0.0200195 0.0351562
2 0.270996 0.366699 0.0185547 0.0341797
2 0.258789 0.368164 0.0175781 0.046875
2 0.237549 0.370605 0.0336914 0.0498047
2 0.162598 0.366699 0.0185547 0.0322266
2 0.120605 0.372559 0.0126953 0.0380859
2 0.102295 0.374023 0.0141602 0.0390625
2 0.185303 0.365234 0.012207 0.0253906
2 0.28125 0.373047 0.000976562 0.015625
