1 0.49707 0.531738 0.0292969 0.15332
1 0.519043 0.553711 0.0214844 0.109375
1 0.293457 0.491211 0.0205078 0.0625
2 0.247559 0.414551 0.015625 0.0224609
2 0.246094 0.438477 0.0234375 0.0332031
2 0.238281 0.503418 0.0410156 0.0595703
2 0.148926 0.447266 0.0205078 0.0410156
2 0.140381 0.451172 0.0307617 0.0449219
2 0.11377 0.484375 0.0341797 0.0566406
2 0.108154 0.493652 0.0229492 0.0576172
2 0.0842285 0.500977 0.0473633 0.0722656
2 0.299316 0.44873 0.0244141 0.0361328
2 0.308105 0.456543 0.0234375 0.0283203
2 0.314697 0.470703 0.0268555 0.0449219
2 0.323242 0.488281 0.03125 0.0527344
2 0.354248 0.518066 0.0463867 0.0693359
7 0.325439 0.511719 0.0200195 0.0390625
