2 0.594971 0.438477 0.0297852 0.0546875
2 0.623535 0.435547 0.0419922 0.0722656
2 0.629395 0.446289 0.00976562 0.0488281
2 0.46167 0.411621 0.0239258 0.0126953
2 0.479248 0.434082 0.0112305 0.0341797
2 0.468994 0.4375 0.0209961 0.046875
2 0.457764 0.445312 0.0200195 0.0644531
2 0.422607 0.420898 0.0668945 0.144531
2 0.39624 0.470703 0.0483398 0.138672
2 0.327148 0.450195 0.125 0.205078
2 0.317871 0.515137 0.101562 0.213867
2 0.174805 0.538574 0.279297 0.385742
2 0.0722656 0.622559 0.138672 0.583008
2 0.509033 0.435547 0.0258789 0.0429688
6 0.422363 0.481934 0.0185547 0.0654297
