1 0.48877 0.306152 0.00390625 0.0205078
1 0.505615 0.322754 0.00439453 0.0361328
1 0.498291 0.328125 0.00927734 0.046875
1 0.524414 0.350586 0.0166016 0.0761719
1 0.708008 0.378906 0.0263672 0.0683594
1 0.731934 0.407227 0.0292969 0.121094
1 0.780762 0.371582 0.0253906 0.0576172
1 0.776855 0.370117 0.0126953 0.0410156
1 0.841553 0.433594 0.0405273 0.148438
1 0.888428 0.432129 0.0415039 0.15918
1 0.322266 0.397949 0.0517578 0.118164
1 0.276855 0.415527 0.0546875 0.291992
1 0.32666 0.421387 0.0546875 0.268555
1 0.385254 0.427734 0.0605469 0.285156
5 0.437988 0.362305 0.0136719 0.101562
5 0.448242 0.371582 0.03125 0.129883
2 0.444336 0.280762 0.00585938 0.00683594
2 0.452393 0.285156 0.00439453 0.0136719
2 0.455322 0.304199 0.00830078 0.0126953
2 0.559814 0.35498 0.0424805 0.0634766
7 0.447998 0.410645 0.0239258 0.0908203
