1 0.568359 0.411133 0.00488281 0.0136719
1 0.600586 0.414551 0.00488281 0.00488281
1 0.629395 0.40918 0.00488281 0.0078125
2 0.556885 0.397461 0.0141602 0.0175781
2 0.542725 0.400391 0.0151367 0.015625
2 0.512207 0.400391 0.0136719 0.0117188
2 0.526367 0.403809 0.0205078 0.0185547
2 0.506836 0.429199 0.0224609 0.0302734
2 0.502441 0.431152 0.0107422 0.0283203
2 0.498779 0.435547 0.0112305 0.0332031
2 0.480957 0.4375 0.0322266 0.046875
2 0.445312 0.443359 0.00976562 0.0527344
2 0.430176 0.439453 0.0292969 0.0683594
2 0.415527 0.445312 0.0185547 0.0722656
2 0.401123 0.44873 0.0336914 0.0830078
2 0.389893 0.454102 0.0151367 0.0859375
2 0.344238 0.453613 0.0458984 0.118164
2 0.317627 0.466797 0.0708008 0.134766
2 0.270264 0.478516 0.0952148 0.167969
2 0.170898 0.493164 0.146484 0.242188
2 0.0664062 0.522949 0.126953 0.297852
2 0.570801 0.397461 0.00390625 0.0117188
2 0.535645 0.431152 0.0224609 0.0341797
2 0.559326 0.437988 0.0161133 0.0419922
2 0.561768 0.445801 0.012207 0.0478516
2 0.572754 0.444336 0.0234375 0.0703125
2 0.578369 0.450195 0.0229492 0.0664062
2 0.588135 0.455566 0.0209961 0.0791016
2 0.597168 0.458008 0.03125 0.0839844
2 0.619629 0.469727 0.0458984 0.115234
2 0.685547 0.461914 0.120117 0.201172
2 0.737549 0.504395 0.133301 0.243164
2 0.870117 0.541992 0.254883 0.345703
2 0.516357 0.428711 0.00537109 0.0253906
2 0.512207 0.428711 0.0136719 0.0292969
2 0.510742 0.429199 0.0078125 0.0283203
7 0.375488 0.48877 0.0341797 0.110352
