5 0.729492 0.438965 0.0458984 0.141602
5 0.809814 0.458984 0.0375977 0.199219
2 0.417236 0.384277 0.0161133 0.00683594
2 0.404541 0.399414 0.0180664 0.0234375
2 0.385742 0.428223 0.0302734 0.0908203
2 0.51001 0.405273 0.00830078 0.0195312
2 0.48999 0.409668 0.034668 0.0576172
2 0.520996 0.399902 0.0146484 0.0419922
2 0.525391 0.404785 0.00488281 0.0439453
2 0.535156 0.401367 0.0205078 0.0546875
2 0.536865 0.410645 0.0141602 0.0576172
2 0.55249 0.40625 0.0297852 0.0839844
2 0.554932 0.420898 0.0229492 0.0859375
2 0.623291 0.407227 0.127441 0.210938
6 0.793945 0.431641 0.0478516 0.113281
7 0.822021 0.485352 0.118652 0.138672
