1 0.596191 0.401367 0.00976562 0.0800781
1 0.519531 0.412598 0.00390625 0.00878906
1 0.509033 0.40332 0.0112305 0.0527344
1 0.529297 0.403809 0.00976562 0.0517578
1 0.541016 0.408691 0.0107422 0.0419922
1 0.205322 0.374023 0.00830078 0.03125
1 0.0249023 0.391602 0.0439453 0.0410156
2 0.509033 0.397949 0.0141602 0.0244141
2 0.373291 0.398438 0.00439453 0.00976562
2 0.365479 0.405762 0.0141602 0.0419922
2 0.330078 0.422363 0.0664062 0.112305
2 0.402832 0.440918 0.0927734 0.120117
2 0.274658 0.442383 0.0756836 0.130859
2 0.197998 0.472168 0.138184 0.168945
2 0.0693359 0.525391 0.132812 0.238281
7 0.564209 0.418945 0.0102539 0.0429688
7 0.577148 0.416504 0.00976562 0.0478516
7 0.127197 0.435547 0.0307617 0.0683594
