1 0.0712891 0.393555 0.0107422 0.0195312
5 0.333008 0.411621 0.00585938 0.0380859
5 0.294678 0.424316 0.0102539 0.0478516
5 0.314941 0.418457 0.00878906 0.0478516
5 0.305664 0.419434 0.0107422 0.0478516
2 0.406738 0.427246 0.0585938 0.112305
2 0.743652 0.440918 0.0185547 0.110352
2 0.978271 0.47168 0.0385742 0.167969
2 0.672119 0.439941 0.132324 0.219727
2 0.516357 0.520508 0.223145 0.369141
2 0.0769043 0.431641 0.0825195 0.0605469
7 0.919189 0.450684 0.0424805 0.0244141
7 0.293213 0.436523 0.00830078 0.0234375
7 0.30542 0.428223 0.00634766 0.0302734
7 0.314209 0.428223 0.00537109 0.0283203
7 0.333252 0.424805 0.00341797 0.0214844
