5 0.589111 0.445801 0.0239258 0.125977
2 0.403076 0.439453 0.0151367 0.0488281
2 0.392822 0.44043 0.0239258 0.0527344
2 0.382324 0.442871 0.0175781 0.0556641
2 0.375488 0.446289 0.015625 0.0585938
2 0.360352 0.446289 0.0283203 0.0703125
2 0.327637 0.452148 0.0595703 0.078125
2 0.26709 0.459961 0.0654297 0.117188
2 0.191406 0.473633 0.123047 0.150391
2 0.0964355 0.420898 0.187012 0.359375
2 0.506592 0.42041 0.00634766 0.0107422
2 0.530029 0.424805 0.00830078 0.0273438
2 0.539551 0.42041 0.015625 0.0419922
2 0.540039 0.430664 0.00683594 0.0332031
2 0.552979 0.42627 0.0249023 0.0458984
2 0.556885 0.432617 0.0239258 0.0488281
2 0.55957 0.439453 0.0205078 0.0507812
2 0.567871 0.445312 0.0146484 0.0605469
2 0.571289 0.446289 0.0126953 0.0664062
2 0.589111 0.446289 0.0307617 0.0722656
2 0.626465 0.45166 0.0693359 0.114258
2 0.645508 0.464844 0.0654297 0.111328
2 0.785645 0.429688 0.235352 0.421875
2 0.961182 0.628906 0.0727539 0.332031
2 0.435547 0.446289 0.0517578 0.0800781
7 0.588379 0.480469 0.0107422 0.0703125
