1 0.726074 0.478516 0.0175781 0.134766
1 0.803223 0.48584 0.0332031 0.15918
1 0.065918 0.483398 0.0263672 0.130859
1 0.518555 0.475586 0.00976562 0.0527344
2 0.608398 0.460449 0.0585938 0.137695
2 0.620117 0.480469 0.0673828 0.119141
2 0.442871 0.481934 0.0224609 0.0400391
2 0.427734 0.480469 0.015625 0.046875
2 0.414795 0.480469 0.0229492 0.0527344
2 0.393311 0.48291 0.0385742 0.0615234
2 0.320312 0.459473 0.113281 0.155273
2 0.275879 0.498535 0.0673828 0.120117
2 0.19873 0.506348 0.118164 0.147461
