1 0.251953 0.407715 0.00683594 0.0361328
1 0.192871 0.391113 0.00488281 0.00683594
1 0.197998 0.39502 0.00830078 0.0244141
1 0.207764 0.396973 0.0131836 0.0205078
1 0.585693 0.430664 0.0112305 0.105469
1 0.625732 0.422363 0.0112305 0.0947266
1 0.728027 0.416016 0.0224609 0.138672
1 0.708252 0.416992 0.0268555 0.146484
1 0.677734 0.416992 0.0263672 0.15625
2 0.335938 0.410156 0.0195312 0.03125
2 0.0751953 0.50293 0.144531 0.283203
2 0.443359 0.38623 0.0078125 0.00878906
2 0.453613 0.393066 0.0117188 0.0205078
2 0.472168 0.39209 0.0107422 0.0185547
2 0.465576 0.404785 0.0180664 0.0322266
2 0.450928 0.430664 0.0268555 0.0546875
2 0.42041 0.443848 0.0615234 0.0927734
2 0.483154 0.424805 0.0131836 0.046875
2 0.50415 0.433105 0.043457 0.0712891
