1 0.462402 0.393555 0.00488281 0.0195312
1 0.257324 0.411621 0.0195312 0.0810547
1 0.0205078 0.432617 0.0351562 0.166016
1 0.625977 0.388672 0.00878906 0.0332031
1 0.643555 0.386719 0.0107422 0.0390625
1 0.800781 0.342773 0.0175781 0.0429688
2 0.0610352 0.419922 0.0625 0.0742188
2 0.528076 0.38916 0.0102539 0.0185547
2 0.490723 0.38916 0.00878906 0.0146484
2 0.50415 0.400391 0.0239258 0.0410156
2 0.78418 0.442871 0.126953 0.157227
2 0.905518 0.461914 0.165527 0.216797
2 0.960449 0.493164 0.0742188 0.224609
