1 0.225098 0.379395 0.00683594 0.0126953
1 0.0715332 0.421875 0.0209961 0.158203
1 0.0942383 0.428223 0.0175781 0.15332
1 0.273682 0.393066 0.0131836 0.0458984
1 0.287109 0.430176 0.0205078 0.118164
1 0.102783 0.462891 0.0229492 0.09375
1 0.510254 0.435547 0.0146484 0.078125
1 0.496094 0.432617 0.0117188 0.0800781
2 0.484131 0.427246 0.0161133 0.0517578
2 0.374756 0.401367 0.0180664 0.015625
2 0.35498 0.418457 0.0322266 0.0458984
2 0.198486 0.441895 0.172363 0.116211
2 0.384766 0.448242 0.0751953 0.0898438
