1 0.598633 0.523438 0.150391 0.533203
1 0.677246 0.515625 0.15918 0.666016
1 0.830566 0.535156 0.15625 0.574219
2 0.293457 0.387207 0.00878906 0.0126953
2 0.261963 0.393555 0.059082 0.148438
2 0.262451 0.415039 0.0600586 0.0761719
2 0.303467 0.401855 0.012207 0.0322266
2 0.312012 0.415039 0.015625 0.0273438
2 0.314209 0.421875 0.012207 0.0234375
2 0.333984 0.428223 0.0322266 0.0400391
2 0.366699 0.418457 0.0380859 0.0830078
2 0.398682 0.44043 0.0219727 0.0488281
2 0.407715 0.439941 0.0234375 0.0517578
2 0.417236 0.442871 0.0200195 0.0595703
2 0.439209 0.441895 0.0424805 0.0673828
2 0.47168 0.451172 0.0498047 0.0820312
2 0.496338 0.45752 0.034668 0.0947266
2 0.552246 0.447266 0.0878906 0.15625
2 0.602051 0.471191 0.0947266 0.131836
2 0.724121 0.489258 0.167969 0.195312
2 0.773193 0.5 0.0385742 0.0195312
2 0.91748 0.534668 0.160156 0.295898
