1 0.390137 0.381348 0.0117188 0.0576172
1 0.420166 0.379395 0.00927734 0.0458984
1 0.188965 0.42334 0.0361328 0.129883
1 0.2229 0.410156 0.0268555 0.119141
1 0.933105 0.398926 0.0371094 0.125977
1 0.676758 0.351562 0.00878906 0.0175781
1 0.595703 0.368164 0.00390625 0.0273438
5 0.251465 0.441406 0.0390625 0.197266
5 0.486084 0.379883 0.0102539 0.0507812
5 0.475586 0.390625 0.0146484 0.0683594
5 0.540283 0.365234 0.00537109 0.0175781
5 0.585693 0.364746 0.00537109 0.0185547
2 0.946533 0.601562 0.102051 0.277344
2 0.667969 0.400391 0.0546875 0.0800781
2 0.577881 0.367676 0.0112305 0.0185547
2 0.525879 0.371094 0.0078125 0.0195312
2 0.570312 0.369629 0.0126953 0.0185547
2 0.518555 0.370117 0.0107422 0.0214844
2 0.515625 0.37207 0.00683594 0.0195312
2 0.508789 0.371582 0.0146484 0.0205078
2 0.615723 0.38916 0.0380859 0.0556641
7 0.398682 0.390625 0.00830078 0.03125
7 0.143066 0.447754 0.0273438 0.0888672
7 0.253906 0.474121 0.0390625 0.157227
7 0.708496 0.406738 0.0126953 0.0498047
7 0.474854 0.408203 0.0170898 0.046875
7 0.487061 0.393555 0.0102539 0.03125
7 0.541016 0.373047 0.0107422 0.0117188
7 0.585693 0.375 0.00341797 0.0117188
