1 0.40625 0.40332 0.00585938 0.0117188
1 0.759033 0.432129 0.0131836 0.0556641
1 0.779297 0.43457 0.00878906 0.0488281
1 0.790527 0.444336 0.0185547 0.09375
1 0.873291 0.438477 0.0219727 0.117188
1 0.927246 0.413574 0.0302734 0.129883
1 0.952393 0.473145 0.0180664 0.0947266
1 0.975342 0.443359 0.0356445 0.154297
1 0.293945 0.413574 0.0175781 0.106445
5 0.705078 0.428711 0.0283203 0.136719
2 0.88501 0.441406 0.0473633 0.0683594
2 0.811523 0.432617 0.00878906 0.0234375
2 0.823242 0.439941 0.0341797 0.0458984
2 0.835938 0.444824 0.0283203 0.0517578
2 0.726074 0.430176 0.0146484 0.0224609
2 0.734619 0.430664 0.0229492 0.0234375
2 0.746826 0.432129 0.0141602 0.0263672
2 0.501465 0.416016 0.0107422 0.0175781
2 0.516357 0.412598 0.00732422 0.0146484
2 0.490234 0.404297 0.0126953 0.015625
2 0.486084 0.41748 0.0131836 0.0205078
2 0.489502 0.421387 0.0141602 0.0244141
2 0.462891 0.41748 0.0136719 0.0244141
2 0.452148 0.419434 0.0146484 0.0244141
2 0.44043 0.425293 0.0224609 0.0302734
2 0.0212402 0.361328 0.0366211 0.0117188
2 0.408691 0.424316 0.0205078 0.0302734
2 0.383789 0.418457 0.0205078 0.0380859
2 0.372559 0.426758 0.0302734 0.0410156
2 0.319824 0.429199 0.0322266 0.0498047
2 0.113281 0.424805 0.0625 0.078125
2 0.18042 0.392578 0.0893555 0.0488281
2 0.263916 0.42627 0.0854492 0.0830078
2 0.152344 0.427734 0.078125 0.0742188
2 0.0275879 0.412598 0.0493164 0.108398
2 0.905273 0.452637 0.0263672 0.0576172
2 0.478271 0.413086 0.0112305 0.015625
2 0.509277 0.416504 0.00878906 0.0146484
7 0.707031 0.462891 0.0644531 0.0722656
