1 0.518066 0.416016 0.00585938 0.0332031
1 0.563477 0.417969 0.00488281 0.0234375
1 0.668457 0.421875 0.00683594 0.0429688
1 0.263184 0.418945 0.0214844 0.144531
1 0.237061 0.344727 0.0102539 0.0175781
1 0.245361 0.349609 0.00927734 0.0234375
2 0.578613 0.422852 0.0185547 0.03125
2 0.722412 0.460449 0.0874023 0.155273
2 0.853027 0.429199 0.229492 0.385742
2 0.952393 0.530273 0.090332 0.367188
2 0.0935059 0.395508 0.0327148 0.0546875
2 0.330566 0.434082 0.0849609 0.12793
2 0.158936 0.470703 0.20752 0.267578
4 0.540527 0.405273 0.0371094 0.0644531
7 0.0222168 0.400391 0.0180664 0.0566406
