1 0.559326 0.449219 0.00732422 0.0371094
1 0.553467 0.453613 0.00732422 0.0283203
1 0.465576 0.449219 0.0102539 0.0449219
1 0.454346 0.453613 0.0102539 0.0498047
1 0.442139 0.452148 0.0112305 0.0527344
1 0.427246 0.458496 0.0146484 0.0673828
1 0.47583 0.460449 0.012207 0.0693359
1 0.488525 0.453125 0.0161133 0.078125
1 0.360352 0.458008 0.0195312 0.0800781
1 0.376953 0.460449 0.0126953 0.0732422
2 0.807861 0.48877 0.0698242 0.172852
2 0.912598 0.444336 0.169922 0.136719
2 0.974121 0.464355 0.046875 0.104492
