1 0.452637 0.422852 0.00488281 0.0175781
1 0.649414 0.429688 0.0117188 0.046875
2 0.223145 0.441406 0.0615234 0.0898438
2 0.138672 0.448242 0.0947266 0.115234
2 0.0522461 0.509277 0.0986328 0.256836
2 0.362061 0.430176 0.0141602 0.0341797
2 0.348633 0.430176 0.0175781 0.0400391
2 0.329102 0.436035 0.0351562 0.0537109
2 0.381836 0.437012 0.0332031 0.0458984
2 0.412354 0.430664 0.0180664 0.0332031
2 0.501465 0.428223 0.015625 0.0263672
2 0.52124 0.410645 0.0102539 0.0126953
2 0.511963 0.449707 0.0209961 0.0654297
2 0.594238 0.439453 0.0205078 0.0410156
2 0.550781 0.474609 0.0878906 0.146484
2 0.621338 0.455078 0.059082 0.0898438
8 0.463379 0.42041 0.00683594 0.0166016
6 0.272949 0.424316 0.0136719 0.0380859
