1 0.371094 0.211426 0.00390625 0.00292969
1 0.374512 0.211426 0.00292969 0.00292969
1 0.378418 0.210938 0.00390625 0.00390625
1 0.383545 0.211426 0.00341797 0.00488281
1 0.145264 0.381348 0.00439453 0.00683594
1 0.14917 0.382812 0.00439453 0.0136719
1 0.158447 0.380859 0.00537109 0.0175781
1 0.246094 0.171387 0.00195312 0.0126953
1 0.250732 0.168945 0.00244141 0.0117188
1 0.254639 0.168945 0.00537109 0.0117188
1 0.277344 0.229492 0.00488281 0.00976562
1 0.38501 0.306152 0.00439453 0.0166016
1 0.396729 0.295898 0.00439453 0.00976562
1 0.401367 0.295898 0.00488281 0.00976562
1 0.388916 0.306152 0.00439453 0.0107422
1 0.580811 0.273438 0.00439453 0.0078125
1 0.445068 0.297852 0.00244141 0.00585938
1 0.447754 0.294434 0.00292969 0.0107422
1 0.450928 0.29248 0.00439453 0.0146484
1 0.467529 0.291992 0.00537109 0.00976562
1 0.477295 0.290039 0.00341797 0.00976562
1 0.484375 0.290527 0.00390625 0.00683594
1 0.537598 0.280273 0.00585938 0.0136719
1 0.526123 0.287598 0.00439453 0.0224609
1 0.509277 0.28418 0.00488281 0.0117188
1 0.497559 0.286621 0.00390625 0.0107422
1 0.500732 0.287109 0.00341797 0.00976562
1 0.48877 0.289062 0.00390625 0.00976562
1 0.493164 0.289551 0.00292969 0.00683594
1 0.331787 0.378906 0.00537109 0.0371094
1 0.325439 0.377441 0.00439453 0.0361328
1 0.31543 0.370605 0.00292969 0.0185547
1 0.318604 0.379883 0.00537109 0.03125
1 0.305664 0.379883 0.00683594 0.0273438
1 0.290283 0.382324 0.00732422 0.0341797
1 0.286133 0.382812 0.00488281 0.0332031
1 0.281982 0.382812 0.00732422 0.0332031
1 0.277344 0.385742 0.00683594 0.0292969
1 0.212891 0.383301 0.0078125 0.0283203
1 0.240967 0.38916 0.00830078 0.0419922
1 0.25293 0.389648 0.00585938 0.0390625
1 0.257812 0.390625 0.0078125 0.0371094
1 0.246582 0.38916 0.0078125 0.0419922
1 0.230713 0.390137 0.00439453 0.0380859
1 0.205078 0.399414 0.00585938 0.0292969
1 0.198975 0.394043 0.00830078 0.0419922
1 0.191162 0.399414 0.00927734 0.0507812
1 0.182373 0.402344 0.00830078 0.0429688
1 0.109863 0.38916 0.00488281 0.0361328
1 0.119629 0.390625 0.0117188 0.0390625
1 0.236328 0.402832 0.0117188 0.0498047
1 0.0227051 0.445801 0.0268555 0.174805
1 0.0187988 0.458008 0.0317383 0.179688
1 0.59082 0.356934 0.0078125 0.0556641
1 0.598389 0.358398 0.00537109 0.0644531
1 0.689941 0.335938 0.00683594 0.015625
1 0.690674 0.348145 0.00927734 0.0322266
1 0.679932 0.355469 0.00341797 0.046875
1 0.68335 0.354004 0.00732422 0.0498047
1 0.660156 0.335938 0.00195312 0.00585938
1 0.66626 0.345703 0.00537109 0.0292969
1 0.662109 0.341797 0.00585938 0.0195312
1 0.670898 0.345703 0.00585938 0.0273438
1 0.677734 0.361328 0.0117188 0.0585938
1 0.612305 0.355469 0.00878906 0.0292969
1 0.711182 0.401367 0.0200195 0.0371094
1 0.709473 0.374023 0.0263672 0.126953
1 0.739258 0.372559 0.0273438 0.129883
1 0.79541 0.373535 0.0322266 0.200195
1 0.86377 0.369629 0.0400391 0.237305
1 0.825195 0.365723 0.0390625 0.24707
5 0.510986 0.355469 0.00537109 0.0117188
5 0.219238 0.401855 0.0136719 0.0517578
5 0.564697 0.380859 0.012207 0.121094
5 0.550537 0.375 0.0170898 0.0898438
5 0.577637 0.383301 0.0283203 0.143555
2 0.0603027 0.373047 0.019043 0.0175781
2 0.138184 0.401367 0.0361328 0.0332031
2 0.400391 0.368164 0.0253906 0.0136719
2 0.375244 0.383301 0.0268555 0.0361328
2 0.429688 0.359375 0.0117188 0.00390625
2 0.478271 0.364746 0.0131836 0.0185547
2 0.46167 0.367676 0.0200195 0.0263672
2 0.426025 0.360352 0.0151367 0.00390625
2 0.44458 0.379883 0.0249023 0.0429688
2 0.527832 0.358887 0.00878906 0.0166016
2 0.519531 0.360352 0.00390625 0.015625
2 0.513184 0.358887 0.0117188 0.0166016
2 0.493652 0.368652 0.0224609 0.0380859
2 0.508545 0.375 0.0219727 0.0292969
2 0.396973 0.38623 0.0234375 0.0361328
2 0.424072 0.387207 0.0356445 0.0517578
2 0.603271 0.347168 0.0258789 0.0517578
4 0.536133 0.34375 0.0273438 0.0410156
4 0.718262 0.316895 0.0449219 0.170898
4 0.915283 0.283691 0.164551 0.411133
8 0.034668 0.294434 0.0625 0.0341797
6 0.628174 0.372559 0.0415039 0.0400391
7 0.314209 0.391602 0.00732422 0.0234375
7 0.220459 0.412109 0.0229492 0.03125
7 0.551514 0.400391 0.00537109 0.0527344
7 0.573242 0.441406 0.0078125 0.0195312
7 0.580566 0.424316 0.00976562 0.0830078
7 0.69165 0.371094 0.012207 0.0273438
