1 0.0500488 0.489746 0.0180664 0.0244141
1 0.0651855 0.489746 0.00537109 0.0224609
1 0.667236 0.474121 0.0610352 0.313477
1 0.718018 0.51123 0.0737305 0.424805
1 0.359131 0.614258 0.0258789 0.0234375
1 0.581787 0.467773 0.0786133 0.308594
1 0.424561 0.336914 0.027832 0.0703125
1 0.421387 0.456543 0.0390625 0.274414
1 0.409424 0.480469 0.0444336 0.259766
1 0.41748 0.5625 0.0576172 0.189453
1 0.384521 0.478027 0.0571289 0.352539
1 0.358398 0.47168 0.0742188 0.375
1 0.356445 0.491699 0.0595703 0.368164
1 0.312256 0.489746 0.0512695 0.416992
1 0.132324 0.463867 0.0380859 0.357422
1 0.0935059 0.500488 0.097168 0.549805
1 0.0227051 0.567383 0.0249023 0.0976562
1 0.0136719 0.494629 0.0214844 0.290039
1 0.211426 0.447754 0.0888672 0.364258
1 0.199707 0.644531 0.0498047 0.138672
1 0.202881 0.543457 0.0913086 0.530273
1 0.284668 0.558594 0.107422 0.591797
1 0.455322 0.516113 0.090332 0.532227
1 0.935547 0.501953 0.124023 0.541016
1 0.834961 0.460449 0.0400391 0.299805
1 0.841553 0.493164 0.0834961 0.369141
2 0.696289 0.380371 0.0078125 0.0166016
2 0.653564 0.38623 0.0209961 0.0322266
2 0.630859 0.400879 0.0380859 0.0634766
3 0.753174 0.360352 0.0249023 0.0820312
3 0.534668 0.37207 0.0292969 0.0761719
3 0.223877 0.338379 0.441895 0.40918
3 0.98584 0.362793 0.0234375 0.0595703
3 0.918457 0.363281 0.0136719 0.0664062
