1 0.754395 0.379395 0.0185547 0.0283203
1 0.787109 0.365723 0.0253906 0.0439453
2 0.486572 0.443359 0.0112305 0.0234375
2 0.476318 0.443359 0.0161133 0.0273438
2 0.464844 0.442383 0.0244141 0.03125
2 0.404053 0.443359 0.0317383 0.0292969
2 0.502441 0.441895 0.0205078 0.0302734
2 0.549072 0.44043 0.0151367 0.0253906
2 0.566406 0.444336 0.0273438 0.0429688
2 0.638428 0.460449 0.0288086 0.102539
2 0.68457 0.462891 0.0947266 0.173828
2 0.695068 0.498047 0.0532227 0.173828
2 0.743164 0.518066 0.109375 0.262695
2 0.872803 0.553223 0.249512 0.518555
4 0.243408 0.39209 0.270996 0.342773
