1 0.124268 0.358887 0.00439453 0.0107422
1 0.079834 0.350098 0.00537109 0.0244141
1 0.0847168 0.353027 0.00732422 0.0185547
1 0.115723 0.355469 0.00585938 0.0175781
1 0.193115 0.361328 0.00439453 0.0136719
1 0.0930176 0.350586 0.00732422 0.0136719
1 0.50293 0.378418 0.00585938 0.0419922
1 0.500488 0.379883 0.00878906 0.0429688
1 0.395752 0.399902 0.019043 0.133789
1 0.41333 0.398438 0.0249023 0.148438
1 0.284668 0.361328 0.00585938 0.0136719
1 0.756348 0.411133 0.0234375 0.140625
1 0.733887 0.416504 0.0302734 0.139648
2 0.578857 0.395996 0.0180664 0.0400391
2 0.643555 0.383789 0.12793 0.253906
