1 0.534424 0.369141 0.00830078 0.0195312
1 0.525635 0.368652 0.00341797 0.0107422
1 0.498291 0.477051 0.109863 0.479492
5 0.381836 0.44873 0.0849609 0.422852
5 0.63208 0.486328 0.195801 0.314453
2 0.228027 0.415039 0.0136719 0.0273438
2 0.169922 0.427734 0.0244141 0.0390625
2 0.137695 0.430664 0.0400391 0.0488281
2 0.446777 0.405762 0.0244141 0.0419922
2 0.464111 0.40332 0.0200195 0.0546875
2 0.46875 0.407227 0.00976562 0.0527344
6 0.621582 0.389648 0.0234375 0.0664062
7 0.0134277 0.632324 0.0209961 0.15332
7 0.378174 0.537109 0.205566 0.277344
