1 0.812256 0.404297 0.0249023 0.0722656
1 0.894287 0.518555 0.081543 0.376953
2 0.60083 0.422363 0.0268555 0.0419922
2 0.599121 0.444824 0.0146484 0.0341797
2 0.637207 0.430176 0.0644531 0.0751953
2 0.626465 0.431641 0.0332031 0.0605469
2 0.643555 0.437988 0.0507812 0.0771484
2 0.644287 0.44043 0.0356445 0.078125
2 0.705811 0.445312 0.118652 0.0917969
2 0.479004 0.40918 0.0195312 0.0292969
2 0.383789 0.422363 0.0966797 0.192383
2 0.533203 0.491699 0.136719 0.231445
3 0.447754 0.419922 0.0449219 0.150391
7 0.709473 0.484375 0.0322266 0.09375
7 0.736816 0.479492 0.0244141 0.0976562
7 0.768066 0.472656 0.0263672 0.101562
7 0.79541 0.441895 0.0283203 0.0556641
7 0.949951 0.46582 0.0405273 0.115234
7 0.980957 0.474609 0.0332031 0.117188
7 0.839111 0.470215 0.0288086 0.0869141
7 0.821777 0.513672 0.0527344 0.169922
