1 0.618896 0.421387 0.00341797 0.0107422
1 0.281738 0.416992 0.0341797 0.0703125
1 0.284424 0.47168 0.0268555 0.154297
2 0.605469 0.410156 0.0078125 0.0117188
2 0.569092 0.437012 0.0239258 0.0458984
2 0.559814 0.445801 0.0239258 0.0400391
2 0.546143 0.460938 0.019043 0.0566406
2 0.539551 0.464844 0.0126953 0.0683594
2 0.516113 0.47168 0.0517578 0.0878906
2 0.624512 0.404297 0.00488281 0.00585938
2 0.634766 0.440918 0.015625 0.0341797
2 0.63916 0.444336 0.0185547 0.0371094
2 0.644531 0.448242 0.0253906 0.0429688
2 0.747314 0.48584 0.104004 0.211914
2 0.891846 0.591309 0.211426 0.387695
2 0.0637207 0.65625 0.121582 0.537109
2 0.470215 0.491699 0.0566406 0.139648
2 0.398193 0.513184 0.134277 0.213867
