1 0.707031 0.392578 0.0195312 0.0371094
5 0.37207 0.432617 0.0429688 0.222656
5 0.54541 0.417969 0.0107422 0.0488281
2 0.497559 0.424805 0.0107422 0.0332031
2 0.481934 0.430176 0.03125 0.0439453
2 0.446533 0.436523 0.019043 0.0585938
2 0.42749 0.441406 0.0415039 0.0683594
2 0.38501 0.451172 0.0541992 0.111328
2 0.328369 0.463867 0.0698242 0.132812
2 0.174561 0.469238 0.244629 0.352539
2 0.521484 0.430664 0.0283203 0.0449219
7 0.368408 0.485352 0.034668 0.169922
7 0.545654 0.435547 0.00537109 0.0234375
7 0.972656 0.457031 0.0498047 0.111328
