1 0.0275879 0.40332 0.0102539 0.0976562
1 0.341553 0.404297 0.012207 0.0566406
1 0.4375 0.385254 0.0166016 0.0576172
1 0.425293 0.443359 0.0332031 0.169922
1 0.376465 0.432129 0.0683594 0.25293
1 0.960693 0.37207 0.0258789 0.0371094
1 0.145752 0.398926 0.0102539 0.104492
1 0.895752 0.381836 0.0131836 0.0429688
1 0.870117 0.387207 0.0107422 0.0419922
1 0.863281 0.461914 0.0244141 0.179688
1 0.884277 0.479004 0.0253906 0.131836
1 0.912842 0.410156 0.0356445 0.117188
1 0.138428 0.401855 0.0170898 0.108398
1 0.170166 0.393555 0.0170898 0.09375
1 0.1604 0.398926 0.0219727 0.0947266
1 0.664795 0.438477 0.019043 0.107422
1 0.644043 0.439453 0.0302734 0.173828
1 0.618652 0.454102 0.0429688 0.164062
1 0.520752 0.429199 0.019043 0.155273
1 0.508545 0.453125 0.0375977 0.208984
1 0.478516 0.452148 0.0224609 0.236328
1 0.499268 0.456543 0.0473633 0.22168
1 0.468262 0.460938 0.0380859 0.236328
1 0.542725 0.445801 0.0424805 0.208008
1 0.698486 0.38623 0.0131836 0.0517578
1 0.681396 0.453613 0.0395508 0.180664
1 0.715576 0.374023 0.0170898 0.0351562
1 0.588135 0.44043 0.0581055 0.230469
1 0.262451 0.473633 0.0610352 0.291016
1 0.990967 0.376465 0.00732422 0.0126953
1 0.839844 0.38916 0.0322266 0.104492
1 0.200439 0.477051 0.0610352 0.288086
1 0.530518 0.453613 0.0561523 0.239258
1 0.43457 0.460938 0.0175781 0.0917969
1 0.412842 0.450684 0.0473633 0.217773
2 0.0961914 0.405273 0.046875 0.107422
2 0.943115 0.487305 0.108887 0.212891
2 0.769531 0.480469 0.193359 0.273438
3 0.103027 0.379395 0.15332 0.137695
