1 0.476807 0.420898 0.00732422 0.0175781
1 0.397949 0.439453 0.0136719 0.0585938
1 0.394775 0.436035 0.0151367 0.0595703
1 0.375488 0.437988 0.0146484 0.0634766
1 0.383057 0.439941 0.0161133 0.0634766
1 0.423096 0.433105 0.0131836 0.0634766
1 0.413574 0.432129 0.0117188 0.0673828
1 0.466309 0.429199 0.015625 0.0751953
1 0.460693 0.436523 0.0141602 0.0664062
1 0.510498 0.429199 0.00537109 0.0712891
1 0.515381 0.432129 0.012207 0.0673828
1 0.511475 0.431152 0.0170898 0.0693359
1 0.501953 0.435059 0.0175781 0.0654297
1 0.493408 0.437012 0.0170898 0.0634766
1 0.523926 0.433105 0.00878906 0.0654297
1 0.533447 0.432129 0.019043 0.0673828
1 0.541504 0.428223 0.0195312 0.0751953
1 0.600586 0.431641 0.0117188 0.0722656
1 0.61084 0.436035 0.0234375 0.0654297
2 0.575928 0.42334 0.00927734 0.0224609
2 0.562012 0.409668 0.0185547 0.0283203
2 0.562012 0.428223 0.0185547 0.0283203
2 0.0725098 0.420898 0.0112305 0.0234375
2 0.193604 0.533691 0.304199 0.319336
3 0.577881 0.413574 0.0131836 0.0361328
3 0.61084 0.404297 0.0449219 0.0742188
3 0.651611 0.389648 0.0463867 0.113281
3 0.76709 0.368652 0.118164 0.165039
