2 0.63916 0.431641 0.015625 0.0214844
2 0.626465 0.432129 0.00878906 0.0263672
2 0.60791 0.435547 0.0126953 0.0332031
2 0.605225 0.437012 0.00927734 0.0341797
2 0.596924 0.4375 0.0112305 0.0410156
2 0.675049 0.409668 0.0102539 0.00878906
2 0.658447 0.467773 0.0541992 0.111328
2 0.703857 0.487793 0.0766602 0.174805
2 0.761963 0.507324 0.10498 0.245117
2 0.878174 0.5625 0.23877 0.375
2 0.575928 0.428711 0.0336914 0.0742188
2 0.483154 0.459961 0.0444336 0.0917969
2 0.451904 0.473633 0.0454102 0.126953
2 0.405518 0.491699 0.0913086 0.165039
2 0.253662 0.542969 0.289551 0.410156
6 0.63623 0.45166 0.0166016 0.0849609
7 0.557373 0.436523 0.00732422 0.03125
