1 0.606934 0.434082 0.0244141 0.104492
1 0.53833 0.376465 0.012207 0.0185547
1 0.457275 0.456543 0.0463867 0.250977
1 0.362793 0.44043 0.0478516 0.238281
1 0.578857 0.476074 0.0727539 0.297852
1 0.493896 0.430176 0.0249023 0.0478516
5 0.0754395 0.401855 0.0151367 0.0380859
5 0.0766602 0.347656 0.0332031 0.0722656
5 0.50708 0.394043 0.0288086 0.0556641
2 0.671631 0.387207 0.0102539 0.0126953
2 0.635742 0.386719 0.0214844 0.0136719
2 0.725342 0.400391 0.0102539 0.0390625
2 0.719482 0.404785 0.012207 0.0380859
2 0.708252 0.398926 0.012207 0.0419922
2 0.691162 0.405273 0.0327148 0.0703125
2 0.673096 0.414062 0.019043 0.0449219
2 0.62207 0.394043 0.0126953 0.0185547
2 0.605225 0.39502 0.0249023 0.0224609
2 0.597656 0.412109 0.0166016 0.0527344
2 0.592773 0.416016 0.00683594 0.0507812
2 0.640137 0.435547 0.0488281 0.0878906
2 0.561768 0.379883 0.00830078 0.00585938
2 0.552002 0.400879 0.0268555 0.0458984
2 0.543945 0.412109 0.0302734 0.0527344
2 0.515137 0.414551 0.0595703 0.0615234
2 0.131592 0.418457 0.0561523 0.0830078
2 0.0192871 0.397461 0.0327148 0.0957031
7 0.726562 0.443848 0.0166016 0.0556641
7 0.760986 0.469727 0.065918 0.0820312
7 0.482178 0.415527 0.0209961 0.0615234
7 0.367432 0.487793 0.108887 0.15332
7 0.693604 0.437012 0.0151367 0.0595703
7 0.0908203 0.434082 0.0507812 0.12207
7 0.505127 0.443359 0.0571289 0.0722656
