1 0.735107 0.430664 0.0336914 0.181641
2 0.537354 0.405273 0.0307617 0.0429688
2 0.540771 0.410645 0.0239258 0.0498047
2 0.550049 0.408691 0.0258789 0.0458984
2 0.556396 0.414551 0.012207 0.0537109
2 0.562256 0.411621 0.00927734 0.0634766
2 0.583008 0.428711 0.0351562 0.0917969
2 0.635742 0.42334 0.09375 0.12207
2 0.664307 0.428223 0.122559 0.151367
2 0.460693 0.393555 0.00537109 0.00390625
2 0.453125 0.400391 0.0126953 0.015625
2 0.4646 0.402344 0.0170898 0.0195312
2 0.439697 0.404297 0.0268555 0.0214844
7 0.774414 0.463379 0.0458984 0.114258
7 0.425293 0.407715 0.0107422 0.0224609
7 0.104736 0.47998 0.0424805 0.120117
7 0.111084 0.474121 0.0444336 0.137695
7 0.158936 0.494141 0.0668945 0.128906
