1 0.552002 0.417969 0.00439453 0.015625
1 0.536621 0.418457 0.00390625 0.0166016
1 0.526855 0.416504 0.00488281 0.0205078
1 0.523926 0.417969 0.00292969 0.0175781
1 0.513672 0.419922 0.00195312 0.0117188
1 0.257324 0.408203 0.00683594 0.0351562
1 0.237793 0.408203 0.00683594 0.0371094
1 0.959473 0.444336 0.00878906 0.0800781
1 0.979492 0.445312 0.0117188 0.0800781
1 0.991455 0.439941 0.012207 0.0908203
1 0.446777 0.541504 0.117188 0.477539
2 0.604004 0.411133 0.0263672 0.0136719
2 0.621582 0.422852 0.0107422 0.0195312
2 0.610596 0.42627 0.0151367 0.0263672
2 0.633057 0.41748 0.00439453 0.00683594
2 0.578857 0.42627 0.0200195 0.0263672
2 0.597412 0.431641 0.0200195 0.03125
2 0.415039 0.422852 0.015625 0.0351562
2 0.124023 0.381348 0.0683594 0.0537109
2 0.12793 0.427734 0.0449219 0.0585938
2 0.17334 0.438477 0.0800781 0.0898438
2 0.0588379 0.450195 0.111816 0.140625
3 0.502441 0.407227 0.0166016 0.0390625
6 0.392334 0.418945 0.0200195 0.0214844
