1 0.477051 0.360352 0.00585938 0.0136719
1 0.488281 0.381348 0.0078125 0.0458984
1 0.495605 0.380371 0.00683594 0.0400391
1 0.466553 0.381836 0.00927734 0.046875
1 0.440186 0.373535 0.00537109 0.0185547
1 0.446045 0.383789 0.00830078 0.046875
1 0.45459 0.380371 0.00976562 0.0400391
1 0.456787 0.420898 0.0131836 0.0566406
1 0.436035 0.418945 0.0234375 0.117188
1 0.396973 0.404297 0.0166016 0.0703125
1 0.549805 0.416992 0.0146484 0.103516
1 0.562744 0.411621 0.019043 0.133789
1 0.816406 0.441406 0.0429688 0.289062
1 0.594482 0.467773 0.0424805 0.267578
1 0.628418 0.454102 0.0449219 0.314453
1 0.898926 0.422852 0.0742188 0.324219
1 0.900879 0.451172 0.0380859 0.291016
5 0.500488 0.399414 0.0146484 0.0664062
5 0.513428 0.40332 0.0141602 0.0722656
2 0.476074 0.379395 0.0126953 0.0322266
2 0.703369 0.43457 0.13916 0.238281
7 0.503662 0.429199 0.0131836 0.0361328
7 0.513916 0.430664 0.0131836 0.0449219
