1 0.349609 0.390137 0.0126953 0.0595703
1 0.517822 0.388184 0.00439453 0.0283203
1 0.5271 0.387695 0.00439453 0.0175781
1 0.477295 0.382812 0.00537109 0.0214844
1 0.481201 0.388184 0.00830078 0.0302734
1 0.332764 0.385742 0.00830078 0.0664062
1 0.339111 0.384766 0.0131836 0.0703125
1 0.316895 0.38916 0.00976562 0.0732422
1 0.326904 0.393066 0.0151367 0.0615234
1 0.306396 0.387207 0.0141602 0.0732422
1 0.199707 0.375 0.0214844 0.0683594
1 0.172363 0.347656 0.0166016 0.0273438
1 0.154541 0.349609 0.0180664 0.0175781
1 0.11792 0.337891 0.00732422 0.0136719
1 0.110352 0.336426 0.0302734 0.0458984
1 0.0820312 0.341797 0.0146484 0.0371094
1 0.0791016 0.348633 0.00878906 0.0273438
1 0.0666504 0.35498 0.0141602 0.0244141
1 0.281494 0.395996 0.0161133 0.0673828
2 0.440918 0.369141 0.0332031 0.015625
2 0.473389 0.412109 0.0180664 0.0625
2 0.446045 0.414062 0.0629883 0.0800781
2 0.378906 0.399902 0.0634766 0.100586
2 0.158691 0.541504 0.311523 0.368164
4 0.498779 0.384766 0.0385742 0.0253906
6 0.652588 0.418457 0.019043 0.0478516
