1 0.75 0.404785 0.00878906 0.0126953
1 0.774902 0.400879 0.0146484 0.0576172
1 0.592529 0.430176 0.00634766 0.0322266
2 0.0498047 0.512207 0.09375 0.180664
2 0.352539 0.45752 0.0175781 0.0595703
2 0.332275 0.458008 0.0366211 0.0664062
2 0.316895 0.463379 0.0322266 0.0673828
2 0.288818 0.467773 0.050293 0.0800781
2 0.249268 0.472656 0.0571289 0.09375
2 0.188232 0.47998 0.0932617 0.108398
2 0.481689 0.430176 0.00634766 0.0126953
2 0.469482 0.442871 0.0239258 0.0361328
2 0.410889 0.454102 0.0336914 0.0507812
2 0.442871 0.453125 0.0292969 0.0605469
2 0.529541 0.452148 0.0161133 0.0625
2 0.503662 0.460449 0.059082 0.0869141
2 0.605957 0.449707 0.0224609 0.0595703
2 0.626953 0.450684 0.0371094 0.0712891
2 0.639404 0.454102 0.0424805 0.0761719
2 0.663574 0.463379 0.0400391 0.0927734
2 0.702148 0.466309 0.0634766 0.114258
2 0.743652 0.474121 0.0898438 0.125977
2 0.549561 0.445801 0.0268555 0.0478516
