1 0.649658 0.442383 0.00927734 0.0859375
1 0.723145 0.430664 0.0117188 0.0546875
1 0.611816 0.425293 0.0126953 0.0380859
1 0.652832 0.443359 0.0107422 0.0800781
1 0.6604 0.455078 0.0161133 0.0625
5 0.286621 0.49707 0.0371094 0.142578
2 0.45166 0.453613 0.0185547 0.0224609
2 0.877441 0.54248 0.240234 0.325195
2 0.942383 0.63916 0.110352 0.333008
2 0.564941 0.463379 0.106445 0.0947266
2 0.139648 0.473633 0.15332 0.126953
7 0.623291 0.457031 0.0170898 0.0527344
7 0.30249 0.475098 0.027832 0.100586
7 0.651367 0.467773 0.0302734 0.0351562
