1 0.362305 0.479004 0.00585938 0.0166016
1 0.368652 0.478027 0.00683594 0.0185547
1 0.373047 0.48291 0.00585938 0.00878906
1 0.37915 0.477539 0.00830078 0.0214844
1 0.387695 0.47998 0.00585938 0.0185547
1 0.393555 0.47998 0.00585938 0.0185547
1 0.399658 0.480957 0.00634766 0.0185547
1 0.412354 0.483398 0.00732422 0.0175781
1 0.43457 0.48291 0.0078125 0.0166016
1 0.451904 0.483398 0.00830078 0.015625
1 0.465088 0.481934 0.00634766 0.0185547
1 0.352295 0.476074 0.00439453 0.0224609
1 0.333984 0.475098 0.00488281 0.0244141
1 0.385986 0.556641 0.00830078 0.0195312
1 0.346436 0.529297 0.0102539 0.0742188
1 0.35791 0.534668 0.0146484 0.0732422
1 0.322021 0.489258 0.00537109 0.0332031
1 0.299805 0.507324 0.00878906 0.0673828
1 0.292725 0.516602 0.0112305 0.0957031
1 0.284912 0.520508 0.0161133 0.0917969
1 0.270508 0.515137 0.0185547 0.100586
1 0.32666 0.525879 0.0126953 0.0810547
1 0.338379 0.525879 0.0166016 0.0810547
1 0.316406 0.51709 0.0146484 0.102539
1 0.309814 0.515625 0.0209961 0.103516
1 0.12915 0.464844 0.0288086 0.228516
1 0.132568 0.489746 0.0268555 0.204102
1 0.111572 0.483398 0.0620117 0.287109
1 0.0554199 0.45459 0.0493164 0.266602
1 0.020752 0.482422 0.0356445 0.302734
1 0.470215 0.543457 0.0078125 0.0498047
1 0.475342 0.539062 0.00634766 0.0566406
1 0.462891 0.539551 0.0146484 0.0634766
1 0.442871 0.522949 0.0263672 0.100586
1 0.483643 0.536133 0.0112305 0.0703125
1 0.481934 0.53125 0.00976562 0.0761719
1 0.5 0.527344 0.0283203 0.0917969
1 0.513428 0.518555 0.0112305 0.105469
1 0.549561 0.518066 0.00830078 0.102539
1 0.539551 0.497559 0.0166016 0.145508
1 0.528564 0.50293 0.027832 0.146484
1 0.587402 0.494629 0.0263672 0.161133
1 0.854492 0.50293 0.0361328 0.232422
1 0.885498 0.538086 0.0541992 0.164062
1 0.720947 0.50293 0.0766602 0.367188
2 0.41748 0.529785 0.0400391 0.0751953
