1 0.517578 0.401367 0.00976562 0.0546875
1 0.630371 0.363281 0.00390625 0.00390625
1 0.622314 0.37207 0.00537109 0.0136719
1 0.734375 0.380859 0.0195312 0.0996094
1 0.759277 0.384277 0.0214844 0.0888672
1 0.376953 0.398926 0.00683594 0.0322266
1 0.495361 0.399414 0.00634766 0.0390625
1 0.489014 0.400879 0.00634766 0.0380859
1 0.481934 0.401367 0.00488281 0.0351562
5 0.535889 0.396484 0.00830078 0.046875
5 0.544189 0.401367 0.0131836 0.0605469
2 0.523926 0.399414 0.00585938 0.0195312
2 0.598877 0.411621 0.0454102 0.0830078
2 0.655273 0.425781 0.0927734 0.134766
2 0.44165 0.39502 0.0102539 0.0205078
2 0.433838 0.395996 0.0131836 0.0205078
2 0.425049 0.397949 0.019043 0.0205078
2 0.400391 0.397949 0.0166016 0.0244141
2 0.382568 0.401367 0.0268555 0.0253906
2 0.336426 0.400391 0.00683594 0.0273438
2 0.321289 0.398926 0.0273438 0.0419922
2 0.354004 0.40332 0.0302734 0.0449219
2 0.31958 0.404297 0.0131836 0.0332031
2 0.306396 0.400391 0.0200195 0.0410156
2 0.309326 0.404785 0.00927734 0.0380859
2 0.27832 0.403809 0.0410156 0.0478516
2 0.275146 0.407715 0.0258789 0.0400391
2 0.263672 0.40918 0.0361328 0.0410156
2 0.230225 0.400879 0.0541992 0.0654297
2 0.203125 0.405762 0.0380859 0.0634766
2 0.171631 0.409668 0.0581055 0.0634766
2 0.128418 0.416992 0.0341797 0.0644531
2 0.106689 0.415039 0.0268555 0.0742188
2 0.0805664 0.415527 0.0517578 0.0771484
2 0.045166 0.417969 0.0776367 0.0820312
2 0.026123 0.421875 0.0463867 0.0820312
2 0.0065918 0.428223 0.00732422 0.0419922
7 0.537109 0.417969 0.00488281 0.0351562
7 0.544678 0.418457 0.00537109 0.0361328
7 0.518066 0.41748 0.00488281 0.0361328
