1 0.128662 0.381836 0.012207 0.0195312
1 0.988037 0.376953 0.012207 0.0351562
1 0.884033 0.363281 0.00537109 0.0136719
2 0.741211 0.373535 0.0136719 0.0146484
2 0.745361 0.385254 0.0209961 0.0322266
2 0.725098 0.393555 0.0292969 0.0449219
2 0.655273 0.380371 0.00976562 0.0224609
2 0.674561 0.390137 0.0297852 0.0576172
2 0.703125 0.399902 0.0400391 0.0595703
2 0.584473 0.384766 0.125 0.199219
2 0.436035 0.37207 0.0244141 0.0136719
2 0.434814 0.431641 0.10791 0.105469
2 0.112305 0.458984 0.21875 0.171875
2 0.0351562 0.691895 0.0644531 0.450195
3 0.974854 0.36377 0.0454102 0.0615234
3 0.709229 0.355957 0.0327148 0.0400391
3 0.494385 0.384766 0.0512695 0.0839844
3 0.240479 0.382812 0.208496 0.212891
3 0.932617 0.363281 0.0410156 0.0683594
