1 0.076416 0.422363 0.0170898 0.0263672
2 0.305664 0.435547 0.0214844 0.0195312
2 0.727783 0.511719 0.186035 0.228516
2 0.0705566 0.508301 0.135254 0.147461
2 0.382568 0.454102 0.0336914 0.0625
2 0.449463 0.416016 0.0151367 0.0195312
2 0.46875 0.436523 0.00488281 0.0136719
2 0.456543 0.442871 0.0234375 0.0400391
2 0.419922 0.452148 0.0585938 0.09375
2 0.54126 0.427246 0.0161133 0.0166016
2 0.552734 0.441895 0.0283203 0.0439453
2 0.584473 0.426758 0.0322266 0.0292969
2 0.503906 0.463379 0.0751953 0.124023
