1 0.975098 0.378418 0.0341797 0.178711
1 0.934326 0.385254 0.034668 0.172852
1 0.790283 0.38623 0.019043 0.0927734
1 0.572266 0.387695 0.00488281 0.0195312
1 0.636719 0.378418 0.00976562 0.0263672
1 0.548828 0.406738 0.00585938 0.0537109
1 0.54541 0.407227 0.0078125 0.0585938
2 0.57251 0.398438 0.0161133 0.0332031
2 0.586914 0.416016 0.0449219 0.0664062
2 0.672119 0.435547 0.109863 0.142578
2 0.482178 0.412109 0.0229492 0.03125
2 0.495605 0.417969 0.0078125 0.0527344
2 0.516602 0.413574 0.0458984 0.0732422
2 0.421875 0.398926 0.0175781 0.00878906
2 0.415527 0.405273 0.00488281 0.00976562
2 0.422119 0.414062 0.0180664 0.0273438
2 0.399902 0.40332 0.0263672 0.0371094
2 0.387939 0.412598 0.0219727 0.0166016
2 0.446533 0.418945 0.0415039 0.0605469
