1 0.514893 0.354004 0.00830078 0.0322266
1 0.540283 0.349609 0.00341797 0.00976562
1 0.547607 0.365723 0.00439453 0.0498047
1 0.554199 0.366699 0.00683594 0.0458984
1 0.543457 0.375488 0.00878906 0.0654297
1 0.527588 0.394043 0.0268555 0.112305
1 0.518066 0.397461 0.0283203 0.111328
1 0.386963 0.381348 0.0170898 0.0927734
1 0.406006 0.396484 0.0249023 0.105469
1 0.209961 0.483887 0.046875 0.348633
1 0.251465 0.467285 0.0712891 0.426758
1 0.577881 0.353027 0.00732422 0.0244141
1 0.571533 0.375977 0.00830078 0.0605469
1 0.577148 0.364746 0.00878906 0.0341797
1 0.602783 0.371582 0.00732422 0.0673828
1 0.609375 0.374512 0.0107422 0.0615234
1 0.590088 0.375 0.00927734 0.0585938
1 0.597412 0.373047 0.00927734 0.0625
1 0.635986 0.353027 0.00830078 0.0341797
1 0.709229 0.370605 0.0141602 0.0341797
1 0.896973 0.45166 0.0683594 0.295898
5 0.53418 0.373535 0.015625 0.0732422
2 0.665283 0.45166 0.124512 0.18457
7 0.42627 0.391602 0.0185547 0.0605469
7 0.535156 0.397949 0.0136719 0.0498047
