2 0.032959 0.464355 0.0375977 0.0537109
2 0.0112305 0.478027 0.0166016 0.116211
2 0.0065918 0.507812 0.00732422 0.0996094
2 0.0505371 0.46582 0.019043 0.0527344
2 0.148438 0.466797 0.0566406 0.0605469
2 0.0927734 0.474609 0.0820312 0.0957031
2 0.195557 0.468262 0.0649414 0.0615234
2 0.257324 0.464844 0.0673828 0.0722656
2 0.312988 0.469727 0.078125 0.0742188
2 0.742188 0.527344 0.189453 0.263672
2 0.881592 0.580566 0.231934 0.411133
2 0.400146 0.467773 0.0825195 0.0957031
2 0.462646 0.474609 0.0883789 0.107422
2 0.539307 0.485352 0.104004 0.123047
