1 0.682373 0.41748 0.027832 0.145508
1 0.563477 0.436035 0.0341797 0.170898
2 0.453125 0.409668 0.0166016 0.0322266
2 0.444824 0.412598 0.0195312 0.0322266
2 0.4375 0.418945 0.0146484 0.0371094
2 0.429443 0.419434 0.0131836 0.0439453
2 0.422119 0.418457 0.0141602 0.0498047
2 0.406982 0.421387 0.0317383 0.0576172
2 0.394775 0.428711 0.0395508 0.0625
2 0.366943 0.44043 0.0268555 0.078125
2 0.344971 0.447266 0.0444336 0.105469
2 0.32373 0.45752 0.0390625 0.12207
2 0.268311 0.458008 0.0961914 0.173828
2 0.213867 0.5 0.12793 0.201172
2 0.0964355 0.540527 0.162598 0.317383
2 0.544678 0.395508 0.0112305 0.0234375
2 0.027832 0.571289 0.0498047 0.416016
2 0.529297 0.398438 0.00878906 0.0214844
2 0.51001 0.395996 0.0307617 0.0283203
2 0.525635 0.404785 0.00927734 0.0302734
2 0.511719 0.410645 0.0263672 0.0419922
2 0.573975 0.449219 0.0356445 0.115234
2 0.622559 0.453613 0.104492 0.143555
