1 0.719238 0.456543 0.00878906 0.0166016
1 0.742432 0.457031 0.0180664 0.0800781
1 0.573975 0.44873 0.00927734 0.0322266
2 0.720703 0.472168 0.0263672 0.0263672
2 0.24292 0.425293 0.0209961 0.00683594
2 0.2854 0.428223 0.0317383 0.0205078
2 0.523438 0.461914 0.0341797 0.046875
2 0.324219 0.453613 0.0263672 0.0556641
2 0.401855 0.43457 0.00390625 0.0078125
2 0.395752 0.452148 0.0112305 0.0507812
2 0.375732 0.450195 0.0385742 0.0742188
2 0.356201 0.456543 0.0541992 0.0771484
2 0.434814 0.474121 0.0825195 0.141602
