1 0.442383 0.44043 0.0126953 0.0488281
2 0.512939 0.426758 0.00537109 0.015625
2 0.520508 0.425293 0.00976562 0.0185547
2 0.526367 0.429688 0.0166016 0.0253906
2 0.545898 0.429688 0.0175781 0.0292969
2 0.560547 0.436523 0.0166016 0.0527344
2 0.566406 0.4375 0.0136719 0.0507812
2 0.576416 0.441895 0.0229492 0.0712891
2 0.602539 0.443359 0.0498047 0.101562
2 0.607422 0.458984 0.03125 0.119141
2 0.639648 0.45752 0.0644531 0.15332
2 0.649902 0.478027 0.0439453 0.19043
2 0.71167 0.486816 0.127441 0.27832
2 0.849365 0.53418 0.270996 0.419922
2 0.940674 0.611816 0.11377 0.561523
2 0.380859 0.447754 0.0126953 0.0419922
2 0.368164 0.44873 0.0234375 0.0478516
2 0.357178 0.451172 0.027832 0.046875
2 0.329102 0.45166 0.0380859 0.0634766
2 0.306885 0.459473 0.0385742 0.0576172
2 0.27832 0.466797 0.046875 0.0625
2 0.228516 0.469238 0.0556641 0.0908203
2 0.197266 0.476074 0.0458984 0.0927734
2 0.124023 0.473145 0.111328 0.145508
2 0.0500488 0.508789 0.0942383 0.138672
