5 0.488281 0.394531 0.0078125 0.0117188
2 0.434082 0.416016 0.0185547 0.046875
2 0.4104 0.441895 0.0620117 0.0947266
2 0.473877 0.405273 0.0102539 0.0195312
2 0.54541 0.393555 0.0078125 0.015625
2 0.558838 0.399902 0.0249023 0.0380859
2 0.526123 0.416016 0.0405273 0.0683594
2 0.576904 0.416504 0.0209961 0.0751953
2 0.58374 0.419922 0.0161133 0.0839844
2 0.599609 0.429199 0.0185547 0.102539
2 0.63916 0.433105 0.0898438 0.149414
2 0.744385 0.390625 0.0317383 0.0371094
2 0.00634766 0.57373 0.00683594 0.15918
7 0.48877 0.412598 0.00683594 0.0244141
7 0.950195 0.402344 0.0273438 0.0664062
