1 0.539795 0.376465 0.00732422 0.0400391
1 0.449219 0.379883 0.00683594 0.0292969
1 0.462891 0.385254 0.00683594 0.0458984
1 0.455811 0.38623 0.00927734 0.0478516
1 0.288574 0.354004 0.0195312 0.0615234
1 0.272461 0.343262 0.0117188 0.0498047
1 0.244629 0.357422 0.0107422 0.0351562
1 0.215576 0.349121 0.019043 0.0791016
1 0.176514 0.367676 0.0297852 0.172852
1 0.00732422 0.339355 0.00878906 0.106445
1 0.358887 0.395996 0.0244141 0.178711
1 0.331055 0.39209 0.0400391 0.19043
1 0.57666 0.372559 0.00585938 0.0224609
1 0.647705 0.413574 0.0366211 0.170898
1 0.426758 0.381348 0.00683594 0.0458984
5 0.565186 0.39502 0.0219727 0.100586
2 0.519775 0.37207 0.034668 0.0859375
2 0.390137 0.394043 0.0332031 0.0712891
2 0.362305 0.398926 0.0429688 0.0888672
2 0.0170898 0.496582 0.0283203 0.256836
2 0.865723 0.501953 0.263672 0.335938
2 0.5625 0.398926 0.0292969 0.0556641
2 0.664795 0.381836 0.115723 0.222656
2 0.473389 0.383789 0.0170898 0.0253906
3 0.387695 0.359375 0.0419922 0.0761719
7 0.545898 0.397949 0.00390625 0.0205078
7 0.564209 0.432617 0.00732422 0.0566406
7 0.222168 0.419434 0.0839844 0.106445
