2 0.263672 0.425293 0.00976562 0.0146484
2 0.237061 0.450195 0.0512695 0.0625
2 0.140869 0.460938 0.059082 0.0859375
2 0.0632324 0.461914 0.11084 0.111328
2 0.28125 0.462891 0.0644531 0.103516
2 0.414795 0.455566 0.0483398 0.0888672
2 0.339111 0.477539 0.118652 0.154297
2 0.528809 0.424805 0.015625 0.0410156
2 0.522217 0.444824 0.019043 0.0927734
2 0.480713 0.446777 0.0854492 0.143555
2 0.592529 0.379395 0.0483398 0.0224609
2 0.643555 0.431641 0.0175781 0.0488281
2 0.693359 0.44873 0.0605469 0.0986328
2 0.596436 0.469238 0.101074 0.163086
2 0.790527 0.455078 0.146484 0.210938
2 0.918457 0.570312 0.158203 0.517578
4 0.54541 0.416504 0.015625 0.0380859
