2 0.592041 0.432617 0.0141602 0.0175781
2 0.604248 0.456055 0.0288086 0.0644531
2 0.47168 0.443359 0.00878906 0.046875
2 0.455566 0.438477 0.0292969 0.0664062
2 0.441895 0.449219 0.0351562 0.0585938
2 0.417236 0.456055 0.0180664 0.0703125
2 0.407959 0.463379 0.0209961 0.0947266
2 0.37085 0.456543 0.0766602 0.137695
2 0.331543 0.476074 0.0996094 0.133789
2 0.568848 0.457031 0.046875 0.0761719
2 0.608643 0.476562 0.00537109 0.046875
2 0.640625 0.458008 0.0654297 0.113281
2 0.68335 0.478027 0.0600586 0.133789
2 0.751709 0.499512 0.11377 0.186523
2 0.869385 0.537598 0.22998 0.276367
2 0.968506 0.666504 0.0581055 0.260742
8 0.498047 0.422363 0.142578 0.0693359
7 0.435303 0.460938 0.0200195 0.0390625
7 0.205322 0.524902 0.0698242 0.19043
