2 0.557861 0.449707 0.0297852 0.0556641
2 0.557129 0.454102 0.0214844 0.0585938
2 0.56958 0.458008 0.0268555 0.0644531
2 0.594727 0.470215 0.0566406 0.0888672
2 0.444092 0.449707 0.0415039 0.0791016
2 0.448486 0.461914 0.0219727 0.0742188
2 0.432373 0.46875 0.027832 0.09375
2 0.390137 0.463867 0.0810547 0.123047
2 0.390869 0.487305 0.0688477 0.138672
2 0.35791 0.503906 0.0654297 0.167969
2 0.260254 0.525879 0.201172 0.254883
2 0.108887 0.65918 0.211914 0.496094
2 0.639893 0.5 0.0717773 0.166016
2 0.684814 0.505371 0.105957 0.196289
2 0.758057 0.554688 0.164551 0.320312
2 0.879883 0.642578 0.235352 0.623047
7 0.567383 0.470703 0.0078125 0.0273438
