1 0.253174 0.446777 0.00830078 0.0146484
1 0.261719 0.442871 0.00683594 0.0205078
1 0.0517578 0.463379 0.00976562 0.0224609
1 0.438232 0.431641 0.00439453 0.0175781
1 0.421631 0.436035 0.00537109 0.0146484
2 0.0236816 0.447266 0.0415039 0.0644531
2 0.292725 0.447266 0.0219727 0.0078125
2 0.48999 0.422852 0.00732422 0.0195312
2 0.559814 0.390625 0.0131836 0.0136719
2 0.5979 0.394531 0.00927734 0.015625
2 0.594971 0.398438 0.00634766 0.00390625
2 0.604492 0.405273 0.00878906 0.0136719
2 0.595459 0.40625 0.0102539 0.0136719
2 0.580078 0.414062 0.0136719 0.0175781
2 0.57251 0.43457 0.0102539 0.0253906
2 0.579102 0.443848 0.0126953 0.0517578
2 0.60083 0.449707 0.0463867 0.0732422
2 0.559082 0.422852 0.0166016 0.0527344
2 0.451416 0.433594 0.0151367 0.00976562
2 0.42041 0.430176 0.0273438 0.0302734
2 0.388916 0.435059 0.0200195 0.0166016
2 0.526367 0.467285 0.0878906 0.141602
2 0.655762 0.424316 0.0585938 0.112305
2 0.72876 0.411621 0.0932617 0.174805
2 0.922363 0.444336 0.0576172 0.130859
2 0.964844 0.437012 0.0654297 0.19043
2 0.824463 0.507812 0.225098 0.275391
3 0.47583 0.416016 0.0219727 0.0390625
3 0.549072 0.39209 0.00732422 0.0146484
3 0.606689 0.391113 0.0131836 0.0283203
