1 0.52832 0.416504 0.00390625 0.0224609
1 0.574219 0.435059 0.00488281 0.0263672
1 0.579834 0.432129 0.00439453 0.0244141
1 0.603516 0.437988 0.00585938 0.0126953
1 0.590088 0.431152 0.00439453 0.0224609
1 0.608154 0.435547 0.00439453 0.0078125
1 0.625977 0.422852 0.0117188 0.0761719
1 0.646729 0.425781 0.00927734 0.0625
1 0.631592 0.43457 0.00927734 0.0507812
1 0.637451 0.423828 0.0141602 0.0722656
1 0.654297 0.420898 0.0136719 0.0722656
1 0.708252 0.418457 0.00634766 0.0634766
1 0.689209 0.415527 0.0161133 0.0908203
1 0.718018 0.390137 0.00439453 0.0185547
1 0.719971 0.42041 0.00830078 0.0732422
1 0.725342 0.414551 0.012207 0.100586
1 0.73584 0.418945 0.0195312 0.0976562
1 0.986328 0.425293 0.0224609 0.131836
1 0.922363 0.420898 0.0185547 0.134766
1 0.966797 0.44043 0.0283203 0.134766
1 0.942383 0.473145 0.0253906 0.0576172
1 0.945557 0.430664 0.034668 0.167969
1 0.90918 0.440918 0.0283203 0.145508
1 0.455811 0.433594 0.00634766 0.0390625
1 0.459961 0.432129 0.00585938 0.0341797
1 0.445068 0.433594 0.00537109 0.0214844
1 0.468506 0.431641 0.00830078 0.0449219
1 0.450439 0.435059 0.00732422 0.0380859
1 0.440186 0.429688 0.00927734 0.046875
1 0.42749 0.429688 0.0102539 0.0449219
1 0.419922 0.435059 0.00683594 0.0341797
1 0.412842 0.436523 0.00634766 0.0332031
1 0.351318 0.410156 0.0317383 0.255859
1 0.333496 0.415039 0.0458984 0.28125
1 0.0466309 0.387695 0.0229492 0.0644531
1 0.21167 0.427734 0.0932617 0.332031
1 0.703369 0.418457 0.0141602 0.0849609
5 0.668701 0.411621 0.0239258 0.106445
5 0.748535 0.396484 0.0185547 0.09375
5 0.773438 0.396973 0.0185547 0.104492
5 0.821045 0.395508 0.0209961 0.117188
2 0.535156 0.413086 0.00976562 0.015625
2 0.522217 0.427734 0.00537109 0.0195312
2 0.516846 0.429199 0.0112305 0.0224609
2 0.512695 0.441406 0.0126953 0.0292969
2 0.506104 0.442871 0.0161133 0.0283203
6 0.749268 0.429688 0.0170898 0.0703125
6 0.772949 0.432129 0.0253906 0.0732422
6 0.817383 0.432129 0.0322266 0.0810547
7 0.668457 0.436523 0.0244141 0.0664062
7 0.199463 0.481445 0.065918 0.253906
