1 0.515625 0.414551 0.0175781 0.110352
1 0.539551 0.408203 0.0175781 0.105469
1 0.238281 0.442871 0.0224609 0.254883
1 0.247803 0.450195 0.0493164 0.261719
1 0.561035 0.404297 0.0117188 0.0625
1 0.571777 0.405273 0.0117188 0.0644531
1 0.592285 0.380371 0.0078125 0.0263672
1 0.580811 0.40918 0.0102539 0.0878906
1 0.588867 0.413086 0.00976562 0.0878906
1 0.618896 0.380859 0.0112305 0.0449219
1 0.647705 0.408691 0.012207 0.0927734
1 0.626953 0.47168 0.0488281 0.257812
1 0.608398 0.468262 0.0751953 0.301758
1 0.749756 0.416504 0.0297852 0.157227
1 0.84668 0.444824 0.0556641 0.19043
5 0.46167 0.432129 0.050293 0.262695
7 0.287109 0.450195 0.0576172 0.119141
7 0.732422 0.446289 0.0214844 0.0859375
7 0.71875 0.440918 0.0341797 0.0849609
7 0.461426 0.506836 0.0410156 0.173828
7 0.366455 0.43457 0.0336914 0.105469
