1 0.561768 0.388672 0.0112305 0.0800781
1 0.574707 0.396973 0.0107422 0.0693359
1 0.796875 0.445312 0.0185547 0.130859
1 0.0637207 0.376953 0.0151367 0.0585938
5 0.213379 0.414551 0.0205078 0.0810547
2 0.526367 0.402832 0.0380859 0.0478516
2 0.441895 0.406738 0.0458984 0.0478516
2 0.48584 0.40918 0.0449219 0.0429688
2 0.409424 0.400391 0.0219727 0.0566406
2 0.314941 0.39502 0.0410156 0.0634766
2 0.356201 0.369629 0.043457 0.0341797
2 0.338623 0.421875 0.0239258 0.0839844
2 0.376953 0.42627 0.0732422 0.125977
2 0.175537 0.415039 0.0415039 0.078125
2 0.162109 0.423828 0.0527344 0.0839844
2 0.148193 0.439941 0.074707 0.0966797
2 0.281982 0.384277 0.034668 0.0244141
2 0.253174 0.410156 0.0249023 0.0605469
2 0.274902 0.390137 0.0390625 0.0146484
2 0.272949 0.418945 0.0498047 0.0507812
2 0.284912 0.448242 0.0737305 0.103516
2 0.0471191 0.413574 0.0307617 0.0419922
7 0.213623 0.438477 0.019043 0.0566406
