1 0.0126953 0.374512 0.0195312 0.15918
1 0.238281 0.37207 0.0107422 0.0371094
1 0.375488 0.394531 0.0126953 0.03125
1 0.246582 0.384766 0.0146484 0.0253906
1 0.45166 0.414062 0.00683594 0.0351562
1 0.326172 0.423828 0.0283203 0.125
1 0.669678 0.435059 0.0161133 0.0869141
1 0.55127 0.413086 0.00683594 0.0351562
1 0.580566 0.408203 0.00976562 0.0683594
1 0.612305 0.411133 0.00878906 0.0664062
1 0.588867 0.411621 0.00585938 0.0615234
1 0.594482 0.411621 0.00927734 0.0615234
1 0.602051 0.413086 0.0205078 0.0859375
1 0.620117 0.414062 0.0107422 0.0820312
1 0.648193 0.416992 0.0532227 0.244141
1 0.683594 0.408691 0.0195312 0.149414
1 0.730225 0.421875 0.0415039 0.179688
1 0.763428 0.41748 0.0366211 0.18457
1 0.830566 0.393066 0.0371094 0.170898
1 0.827148 0.418457 0.0449219 0.194336
1 0.884521 0.40918 0.0258789 0.152344
5 0.416504 0.401367 0.015625 0.0371094
2 0.496338 0.422852 0.0834961 0.136719
2 0.165527 0.461914 0.31543 0.410156
2 0.0634766 0.641113 0.121094 0.391602
