1 0.855225 0.434082 0.00830078 0.0361328
1 0.77417 0.433105 0.00537109 0.0361328
1 0.708008 0.444336 0.0195312 0.0917969
1 0.925049 0.493164 0.120605 0.488281
1 0.254395 0.420898 0.00390625 0.0253906
1 0.237549 0.418945 0.00439453 0.0234375
1 0.174316 0.417969 0.00585938 0.0351562
1 0.136475 0.412598 0.00732422 0.0419922
1 0.032959 0.415039 0.00830078 0.0527344
1 0.0712891 0.421387 0.00585938 0.0380859
1 0.0490723 0.426758 0.0141602 0.0742188
1 0.103516 0.432129 0.0253906 0.0888672
1 0.108887 0.449219 0.0107422 0.0507812
1 0.328857 0.436523 0.0170898 0.0917969
1 0.520996 0.441406 0.0166016 0.0957031
1 0.499023 0.443848 0.0166016 0.0908203
1 0.484375 0.441895 0.0263672 0.104492
1 0.462402 0.449707 0.0214844 0.0869141
1 0.387451 0.518066 0.0756836 0.448242
2 0.282227 0.425781 0.0322266 0.0429688
2 0.212646 0.41748 0.0366211 0.0283203
2 0.196533 0.416992 0.0405273 0.03125
4 0.582031 0.424805 0.0400391 0.0390625
4 0.549805 0.40918 0.0253906 0.0292969
4 0.830566 0.431152 0.0263672 0.0439453
6 0.260986 0.431641 0.00830078 0.0273438
