1 0.989014 0.243164 0.0170898 0.0644531
1 0.392578 0.381836 0.00390625 0.0078125
1 0.396729 0.385254 0.00537109 0.0244141
1 0.414551 0.386719 0.00488281 0.0292969
1 0.410645 0.388184 0.00488281 0.0322266
1 0.489746 0.357422 0.00585938 0.0136719
1 0.71167 0.377441 0.0131836 0.0693359
1 0.750488 0.337891 0.00976562 0.0820312
1 0.967285 0.256836 0.0078125 0.0371094
1 0.984619 0.317871 0.0219727 0.120117
1 0.828613 0.370605 0.0146484 0.139648
1 0.966064 0.403809 0.00634766 0.0283203
1 0.789795 0.373047 0.0385742 0.152344
1 0.993896 0.354004 0.00732422 0.198242
1 0.952881 0.338867 0.0151367 0.150391
1 0.967773 0.361328 0.0322266 0.189453
1 0.668213 0.345215 0.00634766 0.0224609
1 0.664795 0.37207 0.0102539 0.0722656
1 0.673584 0.347168 0.00732422 0.0263672
1 0.705322 0.370117 0.00634766 0.0742188
1 0.688477 0.358398 0.0117188 0.0546875
1 0.678711 0.347656 0.0117188 0.0253906
1 0.700684 0.371582 0.0136719 0.0771484
1 0.673828 0.388672 0.0195312 0.0585938
1 0.727051 0.350586 0.00976562 0.0449219
1 0.729004 0.358887 0.0136719 0.0712891
1 0.73584 0.35791 0.0107422 0.0830078
1 0.861084 0.361816 0.0229492 0.15918
1 0.842773 0.370605 0.0273438 0.161133
1 0.878662 0.390137 0.050293 0.198242
5 0.814697 0.362793 0.0151367 0.0615234
2 0.388428 0.407227 0.0258789 0.046875
2 0.473145 0.389648 0.0390625 0.0507812
2 0.495605 0.389648 0.0263672 0.0488281
2 0.515869 0.387695 0.034668 0.0546875
4 0.552734 0.346191 0.0507812 0.151367
4 0.615234 0.327148 0.0908203 0.205078
