2 0.572998 0.410156 0.0317383 0.0273438
2 0.545654 0.404297 0.00830078 0.00976562
2 0.534424 0.424316 0.0131836 0.0341797
2 0.530273 0.432129 0.00878906 0.0244141
2 0.525146 0.432617 0.00927734 0.0253906
2 0.507812 0.418457 0.015625 0.00683594
2 0.501709 0.426758 0.0102539 0.00976562
2 0.498047 0.437988 0.0107422 0.0302734
2 0.480713 0.43457 0.0258789 0.0410156
2 0.513672 0.435547 0.0224609 0.0332031
2 0.469238 0.442383 0.0136719 0.0351562
2 0.46167 0.442871 0.0102539 0.0361328
2 0.457764 0.443848 0.0112305 0.0380859
2 0.450195 0.445312 0.015625 0.0449219
2 0.431641 0.445801 0.03125 0.0556641
2 0.405029 0.42334 0.00537109 0.00683594
2 0.412354 0.452637 0.0170898 0.0517578
2 0.335938 0.424805 0.00683594 0.0078125
2 0.320557 0.437012 0.0327148 0.0185547
2 0.292969 0.479492 0.0761719 0.09375
2 0.166016 0.506348 0.139648 0.170898
2 0.0534668 0.547363 0.101074 0.239258
2 0.369873 0.474121 0.090332 0.145508
2 0.568359 0.430664 0.0263672 0.0585938
2 0.565918 0.446289 0.0126953 0.0644531
2 0.57666 0.446289 0.0244141 0.078125
2 0.582275 0.450195 0.0180664 0.0820312
2 0.590576 0.450684 0.0239258 0.0986328
2 0.622803 0.453613 0.0727539 0.124023
2 0.667236 0.468262 0.0737305 0.18457
2 0.755371 0.486328 0.172852 0.271484
2 0.897461 0.54541 0.200195 0.487305
