1 0.295654 0.442383 0.0454102 0.212891
1 0.387451 0.445312 0.0473633 0.253906
1 0.444092 0.439941 0.0649414 0.276367
1 0.417236 0.442383 0.081543 0.304688
1 0.473145 0.412598 0.00390625 0.0185547
1 0.668457 0.395508 0.0136719 0.0820312
1 0.295654 0.450684 0.043457 0.231445
1 0.311279 0.444824 0.0483398 0.239258
1 0.23291 0.422852 0.0126953 0.0625
1 0.22168 0.424316 0.0107422 0.0576172
1 0.210205 0.421875 0.0112305 0.0625
1 0.199463 0.425293 0.0112305 0.0576172
1 0.176758 0.423828 0.0166016 0.078125
1 0.132568 0.425781 0.0249023 0.0878906
1 0.110596 0.422363 0.0297852 0.0927734
1 0.0473633 0.489746 0.0888672 0.274414
1 0.575684 0.435059 0.0527344 0.22168
5 0.464355 0.411133 0.00878906 0.0332031
5 0.163574 0.424805 0.0195312 0.0898438
2 0.358643 0.415527 0.0258789 0.0419922
2 0.378174 0.401367 0.0219727 0.126953
2 0.451172 0.41748 0.00488281 0.0244141
2 0.937012 0.527832 0.121094 0.327148
7 0.464844 0.422363 0.00195312 0.0126953
7 0.163086 0.447754 0.0244141 0.0634766
