1 0.315674 0.447754 0.0327148 0.137695
1 0.602051 0.418457 0.0166016 0.0205078
5 0.546387 0.44043 0.0107422 0.046875
2 0.274658 0.439453 0.00830078 0.0136719
2 0.106689 0.459961 0.0180664 0.00585938
2 0.0065918 0.469727 0.00732422 0.0195312
2 0.5354 0.439453 0.0131836 0.0234375
2 0.523193 0.438965 0.0170898 0.0283203
2 0.505615 0.441406 0.0141602 0.0292969
2 0.499756 0.444336 0.0200195 0.0292969
2 0.553955 0.449219 0.00732422 0.046875
2 0.563721 0.451172 0.0239258 0.0585938
2 0.574951 0.461426 0.0161133 0.0771484
2 0.59375 0.444336 0.0478516 0.125
2 0.598877 0.472656 0.0375977 0.0957031
2 0.625 0.483398 0.0488281 0.140625
2 0.68457 0.493652 0.125977 0.180664
2 0.859619 0.565918 0.275879 0.411133
2 0.945312 0.712402 0.104492 0.489258
7 0.546387 0.458496 0.00488281 0.0224609
