1 0.405518 0.393066 0.00634766 0.0322266
1 0.411621 0.391602 0.00683594 0.0234375
1 0.393311 0.407227 0.0307617 0.130859
1 0.280762 0.393555 0.0117188 0.0605469
2 0.439453 0.399414 0.0253906 0.0410156
2 0.467529 0.400391 0.00341797 0.0195312
2 0.476318 0.399902 0.0161133 0.0244141
2 0.515381 0.405762 0.012207 0.0244141
2 0.533203 0.404785 0.0244141 0.0419922
2 0.529297 0.411133 0.00976562 0.0292969
2 0.542725 0.40918 0.0249023 0.0390625
2 0.890869 0.528809 0.213379 0.354492
7 0.416748 0.410156 0.0209961 0.0351562
7 0.438232 0.41748 0.00439453 0.0205078
