5 0.948486 0.376953 0.00830078 0.0292969
5 0.382324 0.351074 0.00488281 0.00488281
2 0.971924 0.409668 0.0512695 0.0947266
2 0.215576 0.33252 0.0375977 0.0439453
2 0.250244 0.336426 0.0493164 0.0380859
2 0.00537109 0.32959 0.00488281 0.0419922
2 0.0957031 0.331543 0.0234375 0.0458984
2 0.337646 0.331055 0.0112305 0.00585938
2 0.366455 0.353516 0.0561523 0.0507812
2 0.407715 0.342285 0.0136719 0.0126953
2 0.436035 0.342285 0.0537109 0.0263672
2 0.493652 0.335449 0.0253906 0.0419922
2 0.440186 0.368164 0.0561523 0.0625
2 0.307373 0.364746 0.0805664 0.0732422
2 0.388184 0.386719 0.0830078 0.0820312
2 0.46167 0.40332 0.065918 0.121094
2 0.64502 0.384277 0.0888672 0.0888672
2 0.766602 0.402344 0.0683594 0.09375
2 0.705078 0.415527 0.12207 0.116211
2 0.540771 0.421387 0.126465 0.227539
3 0.637451 0.345215 0.0854492 0.0458984
7 0.948242 0.394043 0.00878906 0.0185547
