2 0.61499 0.444824 0.043457 0.0927734
2 0.650879 0.452148 0.0537109 0.126953
2 0.682861 0.461914 0.090332 0.146484
2 0.748047 0.491211 0.112305 0.222656
2 0.875977 0.52832 0.243164 0.349609
2 0.539307 0.411621 0.019043 0.0322266
2 0.520264 0.408691 0.034668 0.0400391
2 0.492432 0.416016 0.0229492 0.0546875
2 0.51709 0.425781 0.0351562 0.0625
2 0.461182 0.395996 0.0258789 0.0126953
2 0.428223 0.442383 0.0332031 0.0878906
2 0.467285 0.448242 0.0537109 0.0957031
2 0.406006 0.449219 0.0375977 0.115234
2 0.391602 0.45166 0.0322266 0.149414
2 0.321289 0.446289 0.136719 0.238281
2 0.291992 0.498047 0.132812 0.240234
2 0.141602 0.523926 0.242188 0.360352
6 0.620117 0.450195 0.0214844 0.0898438
