1 0.272217 0.380859 0.0131836 0.0351562
1 0.494873 0.390625 0.00439453 0.0351562
1 0.501953 0.392578 0.0126953 0.046875
1 0.482178 0.38623 0.0209961 0.0576172
1 0.494385 0.443359 0.0161133 0.105469
1 0.330078 0.432129 0.0195312 0.110352
1 0.600342 0.396973 0.0209961 0.0517578
1 0.57251 0.437012 0.00927734 0.129883
1 0.57666 0.43457 0.0292969 0.134766
1 0.516113 0.434082 0.0185547 0.118164
1 0.532959 0.429688 0.0151367 0.134766
1 0.544678 0.439941 0.0200195 0.116211
1 0.206299 0.422852 0.0180664 0.105469
1 0.182617 0.424805 0.0146484 0.109375
1 0.168701 0.411621 0.0161133 0.0771484
1 0.148193 0.391113 0.027832 0.0556641
1 0.45874 0.40918 0.0239258 0.130859
1 0.42334 0.378418 0.0136719 0.0498047
1 0.434326 0.463379 0.0415039 0.245117
1 0.39209 0.347656 0.0146484 0.0390625
1 0.37793 0.325195 0.00878906 0.0117188
1 0.353027 0.447266 0.0263672 0.246094
1 0.389648 0.449219 0.00683594 0.169922
1 0.40918 0.466797 0.0400391 0.253906
1 0.377441 0.449219 0.0478516 0.25
1 0.30127 0.431641 0.0400391 0.292969
5 0.11377 0.399414 0.0302734 0.0546875
5 0.253662 0.453125 0.0620117 0.210938
2 0.124268 0.402344 0.0307617 0.0410156
2 0.748047 0.45459 0.0556641 0.0849609
2 0.69751 0.455566 0.0581055 0.141602
2 0.644287 0.494141 0.13623 0.21875
2 0.897217 0.532227 0.200684 0.433594
7 0.466309 0.521484 0.0419922 0.0976562
