2 0.398926 0.416016 0.0146484 0.0195312
2 0.398926 0.436035 0.0195312 0.0380859
2 0.384766 0.431641 0.0205078 0.0332031
2 0.462891 0.435547 0.0224609 0.0429688
2 0.434814 0.452148 0.0522461 0.0703125
2 0.562012 0.445312 0.0273438 0.0527344
2 0.593994 0.458496 0.0610352 0.0888672
2 0.506592 0.465332 0.0854492 0.149414
2 0.22168 0.430176 0.0410156 0.0341797
2 0.331787 0.479004 0.124512 0.176758
2 0.0908203 0.611816 0.175781 0.567383
2 0.926514 0.578125 0.14209 0.425781
4 0.429932 0.407227 0.0483398 0.0800781
