1 0.487305 0.414551 0.00976562 0.112305
1 0.416992 0.404297 0.00878906 0.0683594
1 0.559814 0.422852 0.027832 0.111328
2 0.498535 0.390625 0.0126953 0.0117188
2 0.499023 0.407227 0.015625 0.0332031
2 0.505127 0.416504 0.0258789 0.0419922
2 0.57251 0.393066 0.00927734 0.0166016
2 0.0078125 0.461914 0.00976562 0.126953
2 0.280518 0.44873 0.228027 0.15332
2 0.603027 0.395508 0.0117188 0.0195312
2 0.609131 0.396484 0.00830078 0.0214844
2 0.618896 0.39502 0.0131836 0.0283203
2 0.641113 0.401855 0.0195312 0.0283203
2 0.672852 0.412598 0.0166016 0.0322266
2 0.710205 0.40918 0.0249023 0.0234375
2 0.736816 0.41748 0.0380859 0.0517578
4 0.863525 0.344727 0.268066 0.474609
6 0.40625 0.415039 0.0234375 0.0664062
