1 0.386719 0.375488 0.00585938 0.0263672
1 0.380615 0.373535 0.00634766 0.0263672
1 0.373047 0.374023 0.0078125 0.0292969
1 0.447754 0.378418 0.00390625 0.0283203
1 0.442383 0.379395 0.00976562 0.0341797
1 0.51416 0.491211 0.0107422 0.0527344
1 0.602051 0.5 0.0546875 0.255859
1 0.534912 0.499512 0.050293 0.291992
1 0.332275 0.429199 0.0102539 0.0751953
1 0.341553 0.416992 0.0141602 0.0390625
1 0.294922 0.428223 0.0107422 0.0361328
1 0.239258 0.411621 0.015625 0.0498047
1 0.216553 0.418945 0.0141602 0.0332031
1 0.200928 0.417969 0.0141602 0.03125
1 0.252686 0.445312 0.0102539 0.09375
1 0.235596 0.451172 0.0327148 0.0820312
1 0.263916 0.445312 0.019043 0.105469
1 0.206055 0.453613 0.0283203 0.0927734
5 0.427734 0.461914 0.0263672 0.119141
2 0.0258789 0.629883 0.0458984 0.353516
7 0.427002 0.499512 0.00732422 0.0732422
7 0.29834 0.474121 0.0341797 0.0751953
7 0.2771 0.500488 0.0249023 0.0478516
7 0.272705 0.48877 0.0161133 0.0869141
