1 0.598633 0.452148 0.015625 0.0878906
1 0.0246582 0.354492 0.00830078 0.0234375
5 0.0869141 0.450684 0.0205078 0.108398
5 0.0515137 0.448242 0.0239258 0.103516
2 0.254883 0.407715 0.0488281 0.0205078
2 0.930664 0.577637 0.133789 0.46582
2 0.467285 0.474609 0.0664062 0.0976562
2 0.542969 0.486328 0.124023 0.214844
2 0.113525 0.403809 0.0102539 0.0263672
2 0.2771 0.451172 0.043457 0.078125
2 0.346436 0.486816 0.105957 0.170898
7 0.104248 0.382324 0.0151367 0.0302734
7 0.0488281 0.482422 0.0195312 0.0761719
