1 0.304443 0.377441 0.00439453 0.00878906
1 0.31958 0.393066 0.00830078 0.0244141
1 0.388916 0.396484 0.00634766 0.0078125
1 0.381104 0.39209 0.00634766 0.0146484
1 0.51709 0.433594 0.00488281 0.0175781
1 0.51001 0.435547 0.00439453 0.0214844
2 0.366699 0.433594 0.0410156 0.0722656
2 0.334473 0.450684 0.03125 0.0927734
2 0.288818 0.443848 0.0737305 0.133789
2 0.234375 0.460938 0.0888672 0.132812
2 0.142334 0.474609 0.132324 0.169922
2 0.0427246 0.489258 0.0795898 0.207031
2 0.408447 0.455078 0.0864258 0.123047
2 0.689697 0.405273 0.141113 0.126953
2 0.677002 0.43457 0.0551758 0.105469
2 0.71582 0.43457 0.078125 0.113281
2 0.729248 0.433105 0.0610352 0.108398
2 0.759033 0.443848 0.101074 0.15918
2 0.908447 0.379883 0.0200195 0.015625
2 0.935547 0.381348 0.0302734 0.0419922
2 0.83667 0.44873 0.197754 0.178711
2 0.953125 0.41748 0.0888672 0.163086
2 0.956055 0.498535 0.0830078 0.209961
2 0.995605 0.536621 0.00390625 0.0361328
2 0.572998 0.430176 0.0688477 0.0498047
7 0.340332 0.416504 0.0175781 0.0302734
