1 0.594971 0.413574 0.00244141 0.0205078
1 0.610596 0.417969 0.0102539 0.046875
1 0.510498 0.419922 0.00830078 0.0351562
1 0.502197 0.419434 0.00732422 0.0361328
1 0.102783 0.441895 0.0258789 0.12207
1 0.642822 0.429688 0.0161133 0.0605469
1 0.656738 0.415527 0.0136719 0.0869141
1 0.760254 0.419922 0.0283203 0.134766
2 0.533447 0.427246 0.0307617 0.0439453
2 0.342285 0.433594 0.0419922 0.03125
2 0.434814 0.430664 0.0385742 0.0410156
2 0.282227 0.453613 0.0859375 0.120117
2 0.196045 0.462402 0.13916 0.176758
2 0.0524902 0.499023 0.0991211 0.21875
7 0.368652 0.431152 0.0146484 0.0205078
7 0.558838 0.41748 0.0209961 0.0263672
