1 0.156494 0.387695 0.0180664 0.0507812
1 0.401367 0.351562 0.0302734 0.0585938
1 0.612549 0.385254 0.0395508 0.206055
1 0.338867 0.398926 0.0146484 0.108398
1 0.352539 0.385742 0.0263672 0.128906
1 0.236816 0.400879 0.0136719 0.0947266
1 0.255371 0.400879 0.0175781 0.0869141
1 0.200195 0.399902 0.00683594 0.0888672
1 0.203857 0.399414 0.0102539 0.0976562
1 0.212158 0.399414 0.0200195 0.0996094
1 0.170166 0.402832 0.00927734 0.0810547
1 0.304199 0.407227 0.015625 0.09375
1 0.318604 0.395996 0.0229492 0.116211
5 0.835938 0.423828 0.101562 0.328125
5 0.463135 0.388672 0.0600586 0.214844
7 0.834961 0.504883 0.203125 0.228516
7 0.465576 0.471191 0.0629883 0.18457
7 0.0710449 0.584961 0.13623 0.363281
