1 0.120361 0.388672 0.0170898 0.0859375
1 0.192383 0.38916 0.00878906 0.0712891
1 0.229736 0.240723 0.00634766 0.0126953
1 0.310547 0.385742 0.0117188 0.0605469
1 0.322021 0.388672 0.0131836 0.0566406
1 0.371094 0.386719 0.00488281 0.0546875
1 0.444336 0.379883 0.00683594 0.0234375
1 0.450439 0.379395 0.00634766 0.0224609
1 0.457031 0.393555 0.00976562 0.0488281
1 0.496094 0.395996 0.0107422 0.0556641
1 0.504395 0.402832 0.0117188 0.0693359
1 0.537598 0.405762 0.00878906 0.0634766
1 0.526611 0.400879 0.012207 0.0771484
5 0.428223 0.399902 0.0136719 0.0732422
2 0.602783 0.381836 0.0141602 0.015625
2 0.575439 0.415527 0.0561523 0.0849609
7 0.424316 0.41748 0.0390625 0.0498047
