1 0.0410156 0.356934 0.0615234 0.15918
1 0.684326 0.374512 0.0102539 0.0224609
1 0.875 0.394531 0.0195312 0.103516
1 0.914795 0.385254 0.0239258 0.114258
5 0.313232 0.436035 0.081543 0.290039
5 0.671875 0.392578 0.0449219 0.101562
2 0.364258 0.381348 0.0751953 0.102539
2 0.323242 0.415527 0.124023 0.165039
2 0.481445 0.39502 0.0205078 0.0380859
2 0.497803 0.38916 0.0200195 0.0439453
2 0.578857 0.395508 0.043457 0.0625
2 0.524658 0.41748 0.0727539 0.104492
6 0.317383 0.52002 0.102539 0.258789
6 0.728271 0.392578 0.0239258 0.0410156
6 0.674561 0.452637 0.0483398 0.100586
