1 0.783203 0.410645 0.0175781 0.0673828
1 0.985596 0.427734 0.0239258 0.117188
1 0.894775 0.424316 0.019043 0.104492
1 0.952393 0.419922 0.0268555 0.119141
1 0.697998 0.395508 0.00537109 0.0351562
1 0.427734 0.421387 0.0195312 0.114258
1 0.496338 0.404297 0.012207 0.0449219
1 0.465332 0.422852 0.0244141 0.117188
1 0.663086 0.400879 0.00585938 0.0341797
1 0.669434 0.402344 0.00585938 0.0292969
5 0.732422 0.402832 0.0126953 0.0537109
2 0.571045 0.499512 0.189941 0.288086
7 0.732422 0.420898 0.0117188 0.0351562
