1 0.399658 0.478027 0.0698242 0.305664
1 0.352295 0.541992 0.0512695 0.193359
1 0.462158 0.475586 0.0366211 0.261719
1 0.473145 0.489746 0.0546875 0.334961
1 0.556641 0.512207 0.0439453 0.317383
1 0.516602 0.535156 0.0576172 0.3125
2 0.238037 0.430176 0.0229492 0.0576172
2 0.235352 0.438477 0.0136719 0.0546875
2 0.19751 0.430664 0.074707 0.117188
2 0.206299 0.451172 0.0268555 0.0878906
2 0.189453 0.45752 0.0439453 0.112305
2 0.158447 0.479004 0.0668945 0.176758
2 0.0773926 0.484375 0.148926 0.308594
2 0.0236816 0.583496 0.0415039 0.331055
