1 0.117676 0.376465 0.00488281 0.0185547
1 0.175049 0.380371 0.00830078 0.0419922
1 0.295898 0.384766 0.00878906 0.0332031
1 0.317139 0.389648 0.00439453 0.0273438
1 0.3125 0.387207 0.00585938 0.0341797
1 0.328857 0.390625 0.00537109 0.0253906
1 0.552002 0.394043 0.00537109 0.0166016
1 0.573975 0.405762 0.00830078 0.0419922
1 0.56543 0.421875 0.0136719 0.0761719
1 0.555176 0.416504 0.0136719 0.0908203
1 0.00854492 0.374023 0.00537109 0.0273438
1 0.917725 0.42041 0.00732422 0.0478516
1 0.948486 0.425293 0.0112305 0.0439453
1 0.894531 0.401367 0.00292969 0.0136719
1 0.751465 0.42041 0.0078125 0.0615234
1 0.762939 0.442383 0.00341797 0.00976562
1 0.759766 0.422852 0.00976562 0.0585938
1 0.769043 0.425781 0.0117188 0.046875
1 0.899902 0.429199 0.0214844 0.0791016
5 0.199707 0.378906 0.00976562 0.0429688
5 0.302246 0.384766 0.00585938 0.0234375
2 0.155029 0.366211 0.0151367 0.0078125
2 0.1521 0.384766 0.0209961 0.0332031
2 0.381592 0.391113 0.0141602 0.0224609
2 0.0273438 0.368652 0.0214844 0.0517578
2 0.0671387 0.374023 0.00927734 0.0214844
2 0.0891113 0.37207 0.00634766 0.0117188
2 0.100098 0.37793 0.0166016 0.0136719
2 0.0905762 0.383789 0.00830078 0.0136719
2 0.445801 0.47168 0.173828 0.246094
2 0.870361 0.40625 0.0893555 0.0722656
7 0.199463 0.394043 0.0268555 0.0302734
7 0.302979 0.395996 0.0112305 0.0146484
7 0.54834 0.413574 0.0107422 0.0244141
7 0.578125 0.415039 0.015625 0.0253906
