1 0.259766 0.428223 0.00878906 0.0146484
1 0.995605 0.453613 0.00390625 0.0869141
1 0.985596 0.455078 0.0239258 0.113281
1 0.956543 0.454102 0.0292969 0.119141
1 0.944336 0.463867 0.0214844 0.0957031
2 0.251953 0.464355 0.0527344 0.0576172
2 0.361572 0.45459 0.027832 0.0380859
2 0.650146 0.45752 0.019043 0.0712891
2 0.574707 0.448242 0.0419922 0.0761719
2 0.517578 0.404297 0.0605469 0.0859375
2 0.615723 0.461914 0.0742188 0.113281
2 0.507812 0.48877 0.0996094 0.163086
8 0.457031 0.390137 0.0615234 0.186523
