1 0.364502 0.407715 0.00244141 0.0126953
1 0.473877 0.419922 0.027832 0.150391
1 0.583496 0.397461 0.0234375 0.103516
1 0.729492 0.427734 0.0332031 0.175781
5 0.37085 0.403809 0.00634766 0.0322266
2 0.349365 0.412598 0.00537109 0.00878906
2 0.307617 0.411621 0.00878906 0.0107422
2 0.359131 0.408203 0.00634766 0.0136719
2 0.119141 0.420898 0.0703125 0.105469
2 0.212646 0.388184 0.122559 0.229492
2 0.938477 0.361328 0.118164 0.214844
2 0.0498047 0.383789 0.09375 0.248047
3 0.262939 0.370117 0.0581055 0.177734
7 0.371094 0.418457 0.00292969 0.0107422
7 0.814941 0.420898 0.0195312 0.0703125
