1 0.814453 0.414551 0.0146484 0.0712891
1 0.793945 0.401367 0.015625 0.0488281
1 0.718018 0.37793 0.0170898 0.0644531
1 0.706787 0.413574 0.0200195 0.147461
1 0.611328 0.412109 0.00878906 0.0527344
1 0.606445 0.412109 0.0107422 0.0546875
1 0.0932617 0.425781 0.0244141 0.130859
1 0.486328 0.434082 0.0214844 0.125977
1 0.473633 0.431152 0.0214844 0.131836
1 0.31958 0.430664 0.0307617 0.177734
1 0.276611 0.424316 0.0297852 0.211914
5 0.041748 0.390625 0.034668 0.123047
5 0.00634766 0.397461 0.00683594 0.0683594
2 0.527832 0.415527 0.0576172 0.0556641
2 0.437744 0.418945 0.0541992 0.0527344
2 0.270508 0.424316 0.0566406 0.0712891
2 0.198242 0.42627 0.0966797 0.0810547
2 0.117432 0.426758 0.0688477 0.0957031
7 0.00585938 0.464844 0.00585938 0.0683594
7 0.0300293 0.456055 0.0161133 0.109375
