1 0.233643 0.455566 0.0131836 0.0791016
1 0.246826 0.419434 0.00634766 0.0341797
1 0.524658 0.433105 0.019043 0.15918
1 0.643555 0.45166 0.0507812 0.338867
1 0.707275 0.441895 0.059082 0.250977
1 0.753662 0.450684 0.027832 0.286133
1 0.774658 0.45459 0.0571289 0.307617
1 0.592773 0.458496 0.0390625 0.293945
1 0.551025 0.435059 0.0395508 0.176758
1 0.251953 0.420898 0.00585938 0.0351562
5 0.30127 0.419922 0.0107422 0.0488281
2 0.310303 0.414062 0.00927734 0.015625
2 0.339844 0.435547 0.0205078 0.0878906
2 0.357178 0.439453 0.043457 0.111328
2 0.441406 0.436035 0.15625 0.239258
3 0.179199 0.378418 0.117188 0.249023
7 0.0505371 0.487305 0.0864258 0.167969
7 0.301758 0.435547 0.00390625 0.0273438
7 0.104736 0.458496 0.0297852 0.0986328
7 0.00732422 0.532227 0.00878906 0.078125
