1 0.218262 0.458984 0.0117188 0.0605469
5 0.486816 0.447266 0.0126953 0.0957031
5 0.475342 0.444824 0.0200195 0.100586
5 0.713379 0.433105 0.0146484 0.0537109
2 0.182373 0.486328 0.0668945 0.109375
2 0.0986328 0.489258 0.118164 0.15625
2 0.0268555 0.508301 0.0478516 0.163086
2 0.0148926 0.700684 0.0239258 0.317383
2 0.513184 0.433594 0.00878906 0.0175781
2 0.539551 0.43457 0.00976562 0.0195312
2 0.526855 0.448242 0.03125 0.0488281
2 0.545654 0.431641 0.00732422 0.0175781
2 0.552734 0.434082 0.0136719 0.0244141
2 0.553711 0.443848 0.00976562 0.0341797
2 0.570312 0.442383 0.0302734 0.0527344
2 0.589355 0.431152 0.00878906 0.0205078
2 0.59375 0.429199 0.00878906 0.0263672
2 0.603271 0.431152 0.019043 0.0380859
2 0.609375 0.43457 0.0146484 0.0371094
2 0.610596 0.436523 0.0102539 0.0292969
2 0.624023 0.433594 0.0205078 0.046875
2 0.462402 0.442383 0.0107422 0.0273438
2 0.42334 0.44043 0.0244141 0.0429688
2 0.443604 0.449219 0.0229492 0.0371094
2 0.422363 0.447266 0.015625 0.0332031
2 0.402344 0.454102 0.0351562 0.0625
2 0.373779 0.459473 0.0385742 0.0771484
2 0.325195 0.484375 0.0869141 0.136719
2 0.79834 0.44873 0.0449219 0.108398
2 0.861328 0.424805 0.109375 0.179688
2 0.933105 0.458496 0.128906 0.15332
2 0.665039 0.466797 0.09375 0.167969
7 0.720215 0.454102 0.0263672 0.0351562
7 0.484619 0.474609 0.00634766 0.0507812
7 0.475342 0.473145 0.0102539 0.0693359
7 0.233398 0.467773 0.0253906 0.0410156
7 0.719238 0.467773 0.0175781 0.0390625
