1 0.362061 0.558105 0.0131836 0.0654297
1 0.239502 0.554199 0.0327148 0.139648
1 0.797607 0.488281 0.0581055 0.269531
1 0.914307 0.476562 0.065918 0.279297
1 0.863037 0.47998 0.050293 0.276367
2 0.472412 0.538086 0.019043 0.0410156
2 0.489746 0.54834 0.0146484 0.0166016
2 0.500488 0.539551 0.0224609 0.0244141
2 0.377441 0.567383 0.0273438 0.0566406
2 0.418213 0.556641 0.059082 0.0859375
2 0.330566 0.560547 0.0458984 0.0957031
2 0.293457 0.565918 0.0800781 0.0986328
2 0.0476074 0.602539 0.0893555 0.236328
2 0.540527 0.543945 0.0224609 0.078125
2 0.551514 0.541504 0.0258789 0.0927734
2 0.569824 0.533691 0.0400391 0.12207
2 0.589355 0.535156 0.0400391 0.130859
2 0.667725 0.514648 0.132324 0.210938
