1 0.108398 0.429199 0.0146484 0.0595703
1 0.125488 0.430664 0.0136719 0.0625
1 0.588623 0.348145 0.0366211 0.0556641
1 0.516113 0.520508 0.0878906 0.632812
2 0.202637 0.394531 0.119141 0.119141
2 0.100098 0.428711 0.00878906 0.0429688
2 0.0559082 0.413086 0.0844727 0.179688
2 0.013916 0.464844 0.0219727 0.162109
2 0.275146 0.409668 0.0239258 0.0439453
2 0.265381 0.462402 0.059082 0.0751953
2 0.298828 0.437012 0.0429688 0.133789
2 0.361572 0.44043 0.130371 0.15625
2 0.397217 0.414551 0.081543 0.0810547
2 0.414062 0.449219 0.125 0.179688
2 0.641602 0.585449 0.410156 0.436523
2 0.89624 0.780273 0.202637 0.429688
3 0.572021 0.315918 0.0883789 0.133789
3 0.64917 0.282715 0.114746 0.176758
6 0.165527 0.4375 0.0195312 0.0585938
6 0.191406 0.441406 0.0234375 0.0644531
7 0.239258 0.445312 0.0292969 0.0585938
