1 0.934082 0.462891 0.0332031 0.169922
2 0.555908 0.44043 0.00341797 0.00585938
2 0.551758 0.437012 0.00488281 0.0185547
2 0.556641 0.449219 0.00976562 0.0195312
2 0.596924 0.435059 0.0180664 0.0224609
2 0.627197 0.456055 0.0473633 0.0839844
2 0.580811 0.474609 0.0600586 0.0859375
2 0.662354 0.48291 0.0317383 0.108398
2 0.669189 0.498535 0.0219727 0.0947266
2 0.683838 0.510254 0.0307617 0.15332
2 0.526611 0.455566 0.0161133 0.0341797
2 0.507812 0.453613 0.0322266 0.0654297
2 0.478271 0.453125 0.0219727 0.046875
2 0.497559 0.46582 0.0410156 0.0605469
2 0.388184 0.466797 0.0410156 0.0820312
2 0.440186 0.476562 0.081543 0.126953
2 0.358398 0.475586 0.046875 0.0996094
2 0.300537 0.472656 0.102051 0.154297
2 0.234619 0.496582 0.118652 0.166992
2 0.113281 0.522949 0.220703 0.237305
8 0.542236 0.438965 0.0151367 0.0419922
7 0.636475 0.373535 0.0297852 0.0361328
