1 0.474854 0.409668 0.00732422 0.0419922
2 0.52417 0.410645 0.019043 0.0302734
2 0.530029 0.410645 0.0200195 0.0302734
2 0.554932 0.405273 0.0209961 0.0371094
2 0.570068 0.408203 0.0170898 0.0488281
2 0.591553 0.415527 0.0424805 0.0693359
2 0.243652 0.401855 0.0107422 0.0166016
2 0.0300293 0.416016 0.0141602 0.0117188
2 0.468506 0.40918 0.00927734 0.0390625
2 0.465576 0.419922 0.00634766 0.0175781
2 0.445801 0.412109 0.0371094 0.0429688
2 0.434326 0.414062 0.0317383 0.0410156
2 0.388428 0.419434 0.0249023 0.0498047
2 0.370361 0.428711 0.0493164 0.0722656
2 0.373291 0.441895 0.0356445 0.0595703
2 0.330078 0.419434 0.0595703 0.0517578
2 0.279541 0.439453 0.0874023 0.0878906
2 0.23999 0.462891 0.097168 0.144531
2 0.119629 0.445312 0.178711 0.257812
2 0.0622559 0.522949 0.118652 0.245117
8 0.503418 0.39209 0.182617 0.0517578
7 0.678467 0.420898 0.0209961 0.0644531
7 0.42627 0.423828 0.0146484 0.0273438
7 0.41333 0.436523 0.0131836 0.0273438
