2 0.437012 0.431641 0.0126953 0.0195312
2 0.436279 0.439453 0.0112305 0.0234375
2 0.429443 0.444824 0.012207 0.0322266
2 0.418701 0.424316 0.019043 0.0107422
2 0.418701 0.445312 0.0170898 0.0410156
2 0.412354 0.450684 0.0170898 0.0478516
2 0.397217 0.451172 0.0258789 0.0585938
2 0.37793 0.458984 0.03125 0.078125
2 0.359619 0.463379 0.0327148 0.0869141
2 0.317383 0.472168 0.078125 0.108398
2 0.216553 0.50293 0.143066 0.167969
2 0.0732422 0.545898 0.140625 0.3125
2 0.60083 0.436523 0.0200195 0.0429688
2 0.545166 0.472168 0.11084 0.219727
2 0.696289 0.460449 0.0605469 0.161133
2 0.789307 0.456055 0.17627 0.248047
2 0.945068 0.540527 0.10498 0.329102
6 0.177246 0.530273 0.0556641 0.171875
7 0.653076 0.445312 0.0288086 0.0800781
7 0.636963 0.435059 0.00830078 0.0419922
