2 0.323486 0.441895 0.0102539 0.0244141
2 0.315674 0.441895 0.0131836 0.0263672
2 0.305664 0.442871 0.0195312 0.0283203
2 0.295654 0.445312 0.0112305 0.0292969
2 0.287354 0.446777 0.0131836 0.0322266
2 0.276855 0.446777 0.0166016 0.0419922
2 0.256104 0.449219 0.0288086 0.0371094
2 0.239746 0.439941 0.0166016 0.0205078
2 0.203125 0.441895 0.00585938 0.0126953
2 0.175049 0.445312 0.050293 0.0742188
2 0.51416 0.427734 0.0146484 0.0234375
4 0.558838 0.416504 0.0102539 0.0537109
4 0.580322 0.413086 0.0385742 0.0742188
7 0.0646973 0.472656 0.0258789 0.046875
