1 0.178711 0.465332 0.00488281 0.0126953
1 0.184326 0.461426 0.00439453 0.00878906
1 0.225098 0.469238 0.00488281 0.0244141
1 0.245117 0.473145 0.00292969 0.0166016
1 0.324707 0.472168 0.00683594 0.0322266
1 0.328857 0.470703 0.00537109 0.0332031
1 0.359619 0.468262 0.00830078 0.0361328
1 0.373535 0.469238 0.00683594 0.0341797
1 0.110596 0.48584 0.00537109 0.0244141
1 0.12207 0.488281 0.0078125 0.0410156
1 0.115967 0.498535 0.0102539 0.0439453
1 0.0830078 0.486816 0.0107422 0.0341797
1 0.0805664 0.484863 0.00683594 0.0107422
1 0.097168 0.497559 0.0117188 0.0478516
2 0.187988 0.477051 0.015625 0.0244141
2 0.194824 0.485352 0.0205078 0.0273438
2 0.399902 0.468262 0.0419922 0.0478516
2 0.716309 0.461426 0.0849609 0.12793
2 0.57251 0.455078 0.0395508 0.0722656
2 0.632568 0.474121 0.115723 0.161133
2 0.87207 0.493652 0.211914 0.243164
2 0.434814 0.454102 0.0327148 0.09375
2 0.495117 0.489258 0.132812 0.236328
2 0.169434 0.483398 0.0175781 0.0234375
2 0.0268555 0.498047 0.0478516 0.0957031
4 0.276367 0.465332 0.0576172 0.0556641
7 0.139648 0.500977 0.0146484 0.0234375
7 0.155762 0.496094 0.0185547 0.0351562
7 0.161865 0.500977 0.0151367 0.0273438
