1 0.52002 0.40625 0.00488281 0.0253906
1 0.529297 0.414062 0.00585938 0.0332031
1 0.550049 0.421387 0.0112305 0.0576172
1 0.559814 0.42041 0.012207 0.0556641
1 0.581543 0.420898 0.0126953 0.0742188
1 0.638428 0.453125 0.0395508 0.248047
1 0.684326 0.444824 0.043457 0.250977
1 0.265869 0.436035 0.0102539 0.0537109
2 0.452637 0.379883 0.00488281 0.0117188
2 0.456787 0.379883 0.00830078 0.0117188
2 0.465576 0.381348 0.0102539 0.0146484
2 0.476807 0.379883 0.0151367 0.0136719
2 0.498291 0.382324 0.00830078 0.0126953
2 0.513184 0.381836 0.00390625 0.00976562
2 0.507324 0.378418 0.00976562 0.0244141
2 0.397949 0.396973 0.00683594 0.00878906
2 0.350342 0.407715 0.00927734 0.0205078
2 0.345459 0.411133 0.0170898 0.0136719
2 0.335938 0.415039 0.015625 0.0117188
2 0.323242 0.427734 0.0166016 0.0292969
2 0.31665 0.429688 0.0161133 0.03125
2 0.270508 0.437988 0.0195312 0.0400391
2 0.292725 0.436523 0.0336914 0.046875
2 0.236572 0.444824 0.0356445 0.0458984
2 0.341553 0.433594 0.0268555 0.0410156
2 0.127441 0.446289 0.0615234 0.0820312
2 0.097168 0.458496 0.0400391 0.0654297
2 0.0625 0.465332 0.0488281 0.0712891
2 0.0231934 0.443848 0.0405273 0.125977
2 0.455322 0.431152 0.0288086 0.0537109
2 0.414795 0.441895 0.0600586 0.0908203
2 0.494873 0.450684 0.0717773 0.114258
4 0.433594 0.386719 0.0185547 0.0253906
