1 0.0368652 0.340332 0.0229492 0.0322266
1 0.0825195 0.342285 0.0361328 0.0576172
1 0.012207 0.333984 0.015625 0.0351562
2 0.476562 0.399414 0.0078125 0.0253906
2 0.455078 0.390625 0.0380859 0.0371094
2 0.464111 0.388672 0.0112305 0.0117188
2 0.432373 0.398438 0.0532227 0.0429688
2 0.443115 0.405273 0.059082 0.0390625
2 0.381592 0.397949 0.0307617 0.0400391
2 0.370117 0.397949 0.0234375 0.0400391
2 0.365967 0.399902 0.0297852 0.0400391
2 0.338135 0.427734 0.0454102 0.111328
2 0.296143 0.423828 0.0649414 0.146484
2 0.234619 0.438965 0.0952148 0.180664
2 0.159424 0.464844 0.134277 0.228516
2 0.0622559 0.509277 0.118652 0.317383
2 0.511719 0.398926 0.0146484 0.0166016
2 0.522705 0.399414 0.00830078 0.0214844
2 0.532959 0.402832 0.0102539 0.0283203
2 0.539307 0.403809 0.00732422 0.0322266
2 0.54834 0.405762 0.0175781 0.0400391
2 0.549805 0.408203 0.0136719 0.0390625
2 0.561523 0.407715 0.0224609 0.0478516
2 0.575439 0.410645 0.0317383 0.0498047
2 0.663574 0.427246 0.0712891 0.120117
2 0.680908 0.439453 0.0258789 0.111328
2 0.729736 0.442871 0.115723 0.168945
2 0.782715 0.475098 0.110352 0.194336
2 0.88623 0.496094 0.149414 0.363281
2 0.949463 0.547852 0.0961914 0.474609
