1 0.076416 0.464844 0.0571289 0.363281
1 0.516113 0.34082 0.00585938 0.00976562
1 0.522949 0.339355 0.00292969 0.00878906
1 0.528809 0.339844 0.00292969 0.00390625
1 0.564209 0.328125 0.00439453 0.00976562
1 0.551758 0.334473 0.00390625 0.00292969
2 0.400146 0.373535 0.0112305 0.0380859
2 0.145264 0.445801 0.217285 0.178711
2 0.417969 0.37793 0.0341797 0.0546875
2 0.447021 0.390137 0.00830078 0.0205078
2 0.469727 0.384277 0.0380859 0.0615234
4 0.79248 0.270996 0.410156 0.508789
8 0.0773926 0.318848 0.148926 0.0439453
7 0.0361328 0.482422 0.0664062 0.197266
