1 0.341797 0.427246 0.0117188 0.0419922
1 0.2771 0.445801 0.0180664 0.0888672
1 0.561768 0.430176 0.00634766 0.0615234
5 0.527832 0.418457 0.0078125 0.0244141
5 0.397705 0.438477 0.0200195 0.101562
2 0.496338 0.424805 0.00634766 0.0175781
2 0.491943 0.432129 0.00830078 0.0302734
2 0.480957 0.438965 0.0253906 0.0498047
2 0.430908 0.447266 0.00830078 0.0253906
2 0.454346 0.444824 0.043457 0.0673828
2 0.421387 0.44043 0.015625 0.0527344
2 0.414795 0.441895 0.0141602 0.0556641
2 0.408936 0.44873 0.012207 0.0537109
2 0.388184 0.447754 0.0146484 0.0654297
2 0.362549 0.449219 0.0551758 0.0761719
2 0.149658 0.462891 0.0727539 0.0820312
2 0.130371 0.464844 0.0283203 0.0546875
2 0.0698242 0.521973 0.133789 0.276367
2 0.586914 0.432617 0.0410156 0.0761719
2 0.584229 0.44043 0.0239258 0.0664062
2 0.605225 0.442871 0.0522461 0.0732422
2 0.763184 0.476074 0.164062 0.262695
2 0.893311 0.513184 0.208496 0.448242
7 0.527344 0.433105 0.00488281 0.0166016
7 0.396973 0.466309 0.0214844 0.0615234
7 0.553467 0.436523 0.00830078 0.0214844
