1 0.162109 0.429199 0.0078125 0.0478516
1 0.00952148 0.437012 0.0131836 0.0751953
1 0.114502 0.44043 0.00732422 0.0429688
1 0.104736 0.433594 0.0131836 0.0664062
1 0.257568 0.416016 0.00634766 0.0351562
1 0.262939 0.415039 0.00537109 0.0332031
1 0.271484 0.41748 0.00683594 0.0322266
1 0.249756 0.416016 0.00732422 0.0371094
1 0.244873 0.428223 0.00830078 0.0498047
1 0.250977 0.437988 0.00878906 0.0283203
1 0.325928 0.407227 0.00439453 0.0117188
1 0.487061 0.40918 0.00732422 0.0273438
1 0.531982 0.408203 0.00732422 0.03125
1 0.451904 0.407715 0.00634766 0.0283203
1 0.457031 0.408203 0.00488281 0.0234375
1 0.466064 0.410645 0.00537109 0.0302734
1 0.414551 0.417969 0.0166016 0.0585938
1 0.824219 0.401855 0.0146484 0.102539
1 0.742432 0.409668 0.019043 0.120117
1 0.929932 0.407715 0.0229492 0.180664
1 0.961914 0.399414 0.0253906 0.164062
1 0.942627 0.413086 0.0297852 0.177734
1 0.321777 0.415527 0.00390625 0.0263672
5 0.794678 0.383789 0.0151367 0.0625
5 0.350098 0.429199 0.0283203 0.137695
2 0.401367 0.411621 0.0185547 0.0126953
2 0.318848 0.414551 0.0175781 0.0146484
4 0.630371 0.38623 0.151367 0.241211
7 0.791992 0.439941 0.0195312 0.0673828
7 0.349121 0.473633 0.0253906 0.0878906
