1 0.359619 0.498047 0.0112305 0.0527344
1 0.334717 0.496094 0.0688477 0.390625
1 0.122803 0.320312 0.0385742 0.0527344
1 0.887939 0.48877 0.0688477 0.30957
2 0.708496 0.406738 0.0136719 0.00683594
2 0.705811 0.430664 0.012207 0.046875
2 0.685791 0.435547 0.034668 0.0683594
2 0.665039 0.440918 0.0332031 0.0615234
2 0.63623 0.439941 0.0410156 0.0751953
2 0.610596 0.449219 0.0620117 0.0820312
2 0.551758 0.456543 0.0576172 0.110352
2 0.498047 0.466797 0.0957031 0.128906
2 0.137207 0.587891 0.268555 0.492188
2 0.78418 0.437988 0.0341797 0.0576172
2 0.764648 0.443359 0.0263672 0.078125
2 0.733643 0.447754 0.0581055 0.0947266
7 0.287598 0.447266 0.0341797 0.0898438
7 0.950684 0.545898 0.0898438 0.169922
