1 0.119629 0.441406 0.00976562 0.0429688
1 0.128906 0.431641 0.0126953 0.0722656
1 0.105469 0.432617 0.015625 0.0703125
1 0.296875 0.402344 0.00683594 0.0136719
1 0.138916 0.42334 0.0141602 0.0458984
1 0.313232 0.401367 0.0161133 0.0175781
1 0.326416 0.404785 0.0112305 0.0263672
1 0.483887 0.393066 0.0175781 0.0419922
1 0.501221 0.396484 0.0180664 0.0410156
1 0.0756836 0.432129 0.00976562 0.0712891
1 0.766602 0.437988 0.0400391 0.211914
1 0.989746 0.453613 0.015625 0.19043
2 0.164062 0.450684 0.0664062 0.0732422
2 0.219238 0.447754 0.0800781 0.0869141
2 0.285156 0.454102 0.0908203 0.0917969
2 0.346924 0.463867 0.097168 0.0996094
2 0.437256 0.46875 0.11084 0.134766
2 0.561768 0.467773 0.189941 0.203125
