1 0.487061 0.431641 0.00830078 0.0429688
1 0.501465 0.429199 0.00585938 0.0439453
1 0.49707 0.43457 0.00878906 0.0527344
1 0.473633 0.434082 0.0107422 0.0615234
1 0.389404 0.416992 0.00634766 0.015625
1 0.37085 0.421387 0.00732422 0.0302734
1 0.570557 0.432617 0.0102539 0.0371094
1 0.663086 0.415039 0.00976562 0.0292969
1 0.722656 0.404785 0.0146484 0.0302734
1 0.308838 0.425293 0.0170898 0.0400391
2 0.575195 0.428223 0.00390625 0.00683594
2 0.583496 0.436035 0.0205078 0.0322266
7 0.332764 0.457031 0.0170898 0.0585938
7 0.393555 0.46875 0.0117188 0.0664062
7 0.428711 0.469238 0.0117188 0.0595703
