1 0.156738 0.399902 0.00683594 0.0146484
1 0.164062 0.402344 0.00683594 0.0175781
1 0.190918 0.413574 0.00878906 0.0400391
1 0.182617 0.419434 0.00878906 0.0517578
1 0.280518 0.415039 0.00927734 0.0527344
1 0.310059 0.412598 0.00683594 0.0576172
1 0.306152 0.416504 0.0126953 0.0576172
1 0.324463 0.413574 0.00830078 0.0478516
1 0.318359 0.415039 0.00878906 0.0488281
1 0.525146 0.410645 0.0161133 0.0498047
1 0.796631 0.374512 0.0131836 0.0400391
1 0.666748 0.367188 0.012207 0.0175781
1 0.363281 0.412109 0.00878906 0.0625
1 0.375732 0.411621 0.00830078 0.0595703
5 0.22168 0.430176 0.0439453 0.217773
2 0.374756 0.412598 0.0493164 0.0537109
2 0.401855 0.414062 0.0214844 0.0644531
2 0.405762 0.416992 0.0146484 0.0605469
2 0.426025 0.413086 0.027832 0.0820312
2 0.439697 0.416992 0.034668 0.0859375
2 0.473633 0.422363 0.0712891 0.102539
6 0.880859 0.386719 0.0390625 0.0253906
6 0.589355 0.413574 0.0263672 0.0732422
6 0.659668 0.412598 0.0400391 0.0791016
6 0.539551 0.412109 0.0166016 0.0644531
6 0.564453 0.416992 0.0244141 0.0703125
7 0.218994 0.493164 0.0327148 0.171875
