1 0.174561 0.427734 0.0200195 0.140625
1 0.1875 0.446289 0.0322266 0.105469
1 0.483154 0.395996 0.00732422 0.0244141
1 0.257568 0.425781 0.0336914 0.146484
1 0.295898 0.430664 0.0214844 0.128906
1 0.596191 0.393066 0.0126953 0.0634766
1 0.578613 0.372559 0.00683594 0.0146484
1 0.930176 0.382812 0.015625 0.125
5 0.520996 0.40332 0.0214844 0.0683594
2 0.354248 0.427734 0.0297852 0.0546875
2 0.36499 0.429688 0.0229492 0.0546875
2 0.38916 0.424805 0.0429688 0.0683594
2 0.400635 0.428711 0.0405273 0.0683594
2 0.44043 0.431152 0.0712891 0.0830078
2 0.537354 0.38623 0.0639648 0.0908203
2 0.568359 0.40918 0.0585938 0.0585938
6 0.522217 0.427246 0.0327148 0.0498047
7 0.616699 0.405273 0.0107422 0.0527344
7 0.887939 0.405762 0.0249023 0.0517578
7 0.950684 0.407227 0.00390625 0.03125
7 0.98877 0.393555 0.0175781 0.0488281
