1 0.578613 0.405273 0.00585938 0.0175781
1 0.542725 0.403809 0.00634766 0.0205078
1 0.575195 0.404785 0.00390625 0.0166016
1 0.593506 0.397949 0.00927734 0.0439453
1 0.442383 0.399414 0.00585938 0.0429688
1 0.565186 0.404785 0.00341797 0.0166016
1 0.567871 0.404297 0.00390625 0.0195312
1 0.570801 0.404297 0.00585938 0.0195312
2 0.520264 0.400879 0.0102539 0.0400391
2 0.505615 0.402832 0.027832 0.0458984
2 0.477783 0.408203 0.0405273 0.0605469
2 0.613037 0.394531 0.0102539 0.0175781
4 0.346436 0.358398 0.128418 0.214844
4 0.697754 0.291992 0.176758 0.498047
4 0.871338 0.378906 0.252441 0.720703
