2 0.172363 0.361328 0.00390625 0.0078125
2 0.168701 0.359375 0.00537109 0.0117188
2 0.163086 0.361816 0.00390625 0.0146484
2 0.158691 0.361328 0.0078125 0.015625
2 0.147217 0.366211 0.00830078 0.0195312
2 0.144043 0.371094 0.00976562 0.0175781
2 0.0637207 0.36377 0.00634766 0.0126953
2 0.0952148 0.429688 0.120117 0.154297
2 0.253418 0.359375 0.015625 0.0488281
2 0.27124 0.37793 0.0161133 0.0253906
2 0.400635 0.397461 0.0229492 0.0410156
2 0.419922 0.399902 0.0390625 0.0419922
2 0.473877 0.376465 0.0668945 0.104492
6 0.013916 0.380371 0.0131836 0.0400391
