1 0.147949 0.433594 0.0078125 0.0332031
1 0.321533 0.402344 0.00634766 0.0214844
1 0.316895 0.407227 0.0117188 0.0390625
1 0.390381 0.416016 0.0180664 0.0605469
1 0.518799 0.401367 0.00830078 0.0332031
1 0.496826 0.393555 0.0151367 0.0273438
1 0.124268 0.42627 0.012207 0.0576172
5 0.255371 0.428711 0.0224609 0.0839844
5 0.30542 0.428711 0.0180664 0.0761719
5 0.372803 0.418945 0.0229492 0.0761719
5 0.897705 0.469727 0.0307617 0.138672
5 0.724609 0.447266 0.0449219 0.226562
2 0.510986 0.437988 0.0366211 0.0654297
2 0.451416 0.441895 0.135254 0.0908203
7 0.775879 0.459473 0.0175781 0.0380859
7 0.221191 0.442383 0.0136719 0.0390625
7 0.255371 0.458008 0.0175781 0.0703125
7 0.299805 0.458008 0.00488281 0.0332031
7 0.30957 0.449219 0.00976562 0.0566406
7 0.371338 0.44873 0.0219727 0.0615234
7 0.864746 0.439941 0.0361328 0.0712891
7 0.820557 0.439941 0.0424805 0.0673828
7 0.727051 0.510742 0.0263672 0.146484
