1 0.405273 0.384766 0.0078125 0.0292969
1 0.492676 0.402344 0.00390625 0.0253906
1 0.487793 0.393555 0.0078125 0.046875
1 0.263916 0.416992 0.0161133 0.0585938
1 0.118896 0.439453 0.0336914 0.205078
1 0.601318 0.398926 0.00537109 0.0595703
1 0.60498 0.40332 0.00585938 0.0527344
1 0.595459 0.401367 0.00927734 0.0585938
1 0.709717 0.421875 0.0463867 0.179688
1 0.779297 0.426758 0.0380859 0.167969
5 0.439453 0.401855 0.0126953 0.0517578
5 0.571045 0.40918 0.0180664 0.0917969
7 0.556152 0.398926 0.0117188 0.0185547
7 0.455811 0.40625 0.0161133 0.0292969
7 0.439453 0.414062 0.0292969 0.0351562
7 0.570312 0.436035 0.00488281 0.0615234
