1 0.737305 0.38916 0.0078125 0.0361328
1 0.752197 0.390137 0.00634766 0.0322266
1 0.891113 0.415527 0.0205078 0.114258
1 0.515869 0.384766 0.00732422 0.0371094
1 0.425537 0.357422 0.00634766 0.0078125
1 0.106934 0.307129 0.0341797 0.0517578
1 0.379883 0.35498 0.00292969 0.00878906
1 0.0612793 0.287598 0.0297852 0.0595703
1 0.416748 0.357422 0.00439453 0.00585938
5 0.636963 0.377441 0.00830078 0.0205078
5 0.787598 0.415039 0.0400391 0.142578
2 0.573975 0.36377 0.0249023 0.0361328
2 0.583252 0.390625 0.00927734 0.03125
2 0.574707 0.390137 0.0185547 0.0341797
2 0.565674 0.388672 0.0161133 0.0390625
2 0.544922 0.40918 0.00390625 0.00585938
2 0.544189 0.385254 0.0366211 0.0537109
2 0.458496 0.393066 0.0507812 0.0908203
2 0.462402 0.404785 0.0205078 0.0771484
2 0.438232 0.41748 0.0649414 0.114258
2 0.418945 0.433594 0.0488281 0.126953
2 0.396484 0.433594 0.0419922 0.148438
2 0.320068 0.446777 0.160645 0.270508
2 0.193604 0.494141 0.213379 0.339844
2 0.0876465 0.512695 0.169434 0.552734
7 0.636719 0.39209 0.00878906 0.0224609
7 0.781494 0.473633 0.034668 0.113281
