1 0.62793 0.44873 0.0263672 0.165039
1 0.657227 0.439941 0.0351562 0.174805
1 0.700928 0.440918 0.0258789 0.196289
1 0.751953 0.447266 0.0341797 0.226562
1 0.723633 0.450684 0.0537109 0.229492
1 0.859863 0.45752 0.0703125 0.37207
1 0.974609 0.487305 0.0458984 0.53125
1 0.432129 0.431152 0.00683594 0.0380859
1 0.424805 0.430664 0.0107422 0.0410156
1 0.329346 0.429688 0.00927734 0.0488281
1 0.313965 0.4375 0.0117188 0.0605469
1 0.282471 0.430664 0.00634766 0.0605469
1 0.256104 0.439453 0.00732422 0.0566406
1 0.261963 0.442383 0.00927734 0.078125
1 0.270264 0.444824 0.0180664 0.0849609
1 0.226074 0.444824 0.0107422 0.0849609
1 0.217529 0.429688 0.00830078 0.0664062
1 0.193604 0.459473 0.0258789 0.129883
1 0.249268 0.447266 0.0170898 0.09375
1 0.0400391 0.474121 0.0498047 0.225586
1 0.0134277 0.455566 0.0209961 0.233398
1 0.234375 0.44873 0.0146484 0.100586
5 0.341553 0.440918 0.0141602 0.0693359
5 0.293457 0.463379 0.0253906 0.15332
5 0.111816 0.505859 0.0751953 0.310547
2 0.559326 0.426758 0.027832 0.0371094
2 0.341797 0.433594 0.0351562 0.0410156
2 0.372314 0.441895 0.043457 0.0693359
2 0.495361 0.457031 0.090332 0.150391
6 0.317383 0.438477 0.0205078 0.0351562
7 0.341797 0.461914 0.0107422 0.0488281
7 0.220947 0.469727 0.0200195 0.0527344
7 0.290771 0.501465 0.0209961 0.0986328
7 0.106445 0.583984 0.0712891 0.263672
