1 0.561523 0.442871 0.0078125 0.0556641
1 0.664062 0.393066 0.00683594 0.0126953
1 0.434814 0.420898 0.00634766 0.0136719
1 0.36084 0.437988 0.0166016 0.0283203
1 0.303711 0.450684 0.00976562 0.0556641
1 0.311279 0.441406 0.0131836 0.0722656
1 0.292725 0.443359 0.012207 0.0820312
1 0.299316 0.467773 0.00878906 0.0390625
1 0.695557 0.388184 0.00927734 0.0107422
1 0.702637 0.388672 0.00585938 0.0078125
5 0.544922 0.436035 0.00976562 0.0439453
5 0.552979 0.433105 0.00732422 0.0263672
5 0.328369 0.463867 0.0385742 0.154297
2 0.524658 0.437012 0.019043 0.0263672
2 0.557617 0.433105 0.0185547 0.0302734
2 0.570801 0.436035 0.0136719 0.0498047
2 0.581055 0.435547 0.0234375 0.0527344
2 0.591553 0.4375 0.034668 0.0527344
2 0.594482 0.448242 0.0170898 0.0527344
2 0.608887 0.446289 0.0283203 0.0625
2 0.439453 0.432617 0.00390625 0.00976562
2 0.431641 0.433105 0.0126953 0.0244141
2 0.425293 0.441406 0.0136719 0.0390625
2 0.406494 0.452148 0.034668 0.0664062
2 0.392822 0.455078 0.0405273 0.0664062
2 0.637207 0.456055 0.0410156 0.101562
2 0.682373 0.462402 0.0922852 0.147461
2 0.4729 0.469238 0.105957 0.112305
2 0.779053 0.476562 0.116699 0.193359
2 0.158447 0.491699 0.145996 0.217773
2 0.89502 0.49707 0.205078 0.287109
2 0.0678711 0.539062 0.129883 0.275391
6 0.259277 0.492188 0.0332031 0.0976562
7 0.717285 0.473145 0.0410156 0.133789
7 0.546143 0.455566 0.00634766 0.0205078
7 0.553711 0.45459 0.00585938 0.0224609
7 0.392822 0.466797 0.0229492 0.0546875
7 0.375488 0.467285 0.0273438 0.0556641
7 0.334717 0.46582 0.0532227 0.0605469
7 0.32666 0.517578 0.0292969 0.103516
