1 0.10498 0.430176 0.0126953 0.0908203
1 0.128174 0.429199 0.0151367 0.100586
1 0.115234 0.434082 0.0214844 0.0947266
1 0.14502 0.414062 0.0166016 0.0605469
1 0.162109 0.395996 0.0185547 0.0400391
1 0.0187988 0.452148 0.0317383 0.154297
1 0.0439453 0.442383 0.0136719 0.173828
1 0.0935059 0.379395 0.0141602 0.0673828
1 0.081543 0.426758 0.0244141 0.201172
1 0.0605469 0.425293 0.0302734 0.21582
1 0.257568 0.411621 0.012207 0.0654297
1 0.424561 0.451172 0.0209961 0.115234
1 0.432373 0.452637 0.0219727 0.114258
1 0.954346 0.480469 0.0161133 0.0703125
1 0.97583 0.467285 0.0151367 0.0537109
1 0.933594 0.492188 0.0146484 0.0976562
1 0.905518 0.477051 0.027832 0.124023
1 0.321777 0.450195 0.0263672 0.103516
1 0.337402 0.443848 0.0175781 0.112305
1 0.35498 0.449219 0.0341797 0.121094
5 0.512695 0.438477 0.0253906 0.109375
2 0.199707 0.462891 0.132812 0.164062
2 0.978271 0.466309 0.0385742 0.0458984
2 0.980225 0.510254 0.034668 0.0791016
7 0.290771 0.458008 0.0424805 0.0625
7 0.50708 0.47998 0.0610352 0.0712891
