1 0.517578 0.45459 0.00292969 0.0166016
1 0.500488 0.452637 0.00292969 0.0146484
1 0.621582 0.443359 0.00878906 0.0390625
2 0.502197 0.408691 0.00537109 0.00878906
2 0.509521 0.405273 0.00537109 0.00585938
2 0.515625 0.40625 0.00488281 0.00585938
2 0.402344 0.469727 0.0175781 0.0546875
2 0.388672 0.47168 0.0234375 0.0566406
2 0.37085 0.473633 0.0249023 0.0703125
2 0.320068 0.443359 0.0825195 0.144531
2 0.118896 0.468262 0.0932617 0.0869141
2 0.564453 0.449707 0.0400391 0.0771484
2 0.582764 0.461914 0.0366211 0.078125
2 0.593994 0.475586 0.0424805 0.0644531
2 0.630371 0.496094 0.0449219 0.126953
2 0.779297 0.45459 0.0771484 0.0966797
2 0.689453 0.504395 0.12207 0.172852
2 0.969482 0.415039 0.0561523 0.0429688
2 0.863281 0.574219 0.268555 0.347656
2 0.969238 0.706055 0.0566406 0.369141
4 0.0769043 0.417969 0.00927734 0.15625
