1 0.637695 0.434082 0.0107422 0.0810547
1 0.621826 0.433105 0.0102539 0.0830078
1 0.62915 0.432129 0.0161133 0.0869141
2 0.694824 0.40918 0.0371094 0.0253906
2 0.344971 0.415527 0.0258789 0.0263672
2 0.371338 0.416992 0.0317383 0.03125
2 0.150146 0.461914 0.0854492 0.119141
2 0.065918 0.472168 0.125977 0.149414
2 0.0158691 0.500488 0.0258789 0.133789
4 0.419678 0.41748 0.059082 0.114258
6 0.276855 0.447754 0.015625 0.0595703
7 0.234863 0.453125 0.0292969 0.0644531
7 0.224854 0.451172 0.0297852 0.0703125
7 0.265625 0.448242 0.015625 0.0527344
