1 0.383057 0.323242 0.00537109 0.0136719
1 0.37915 0.324707 0.00439453 0.0107422
1 0.375488 0.325195 0.00488281 0.00976562
1 0.351318 0.324219 0.00244141 0.0117188
1 0.345703 0.324707 0.00390625 0.0107422
1 0.339355 0.325684 0.00878906 0.0224609
1 0.318115 0.339844 0.00732422 0.0546875
1 0.321289 0.34082 0.00488281 0.0566406
1 0.308105 0.342285 0.0117188 0.0556641
1 0.292969 0.342285 0.0126953 0.0673828
1 0.282227 0.344727 0.0117188 0.0625
1 0.424316 0.329102 0.00488281 0.0253906
1 0.428955 0.330566 0.00537109 0.0263672
1 0.449951 0.327148 0.00537109 0.0332031
1 0.444092 0.331055 0.00634766 0.0234375
1 0.437744 0.329102 0.00439453 0.03125
1 0.434326 0.328613 0.00830078 0.0341797
1 0.476562 0.331543 0.00292969 0.0224609
1 0.473877 0.332031 0.00439453 0.0234375
1 0.46875 0.328613 0.00683594 0.0322266
1 0.460938 0.333008 0.00683594 0.0273438
1 0.48877 0.331055 0.00488281 0.0253906
1 0.495117 0.327637 0.00683594 0.0322266
1 0.505127 0.322266 0.00341797 0.0175781
1 0.524902 0.331543 0.00585938 0.0341797
1 0.538818 0.33252 0.00439453 0.0419922
1 0.545654 0.317871 0.00341797 0.0107422
1 0.549072 0.316895 0.00439453 0.0146484
1 0.553223 0.320801 0.00390625 0.0185547
1 0.541748 0.334961 0.00830078 0.046875
1 0.681396 0.319824 0.00439453 0.0166016
1 0.677002 0.352051 0.00634766 0.0615234
1 0.670654 0.351074 0.0151367 0.0634766
1 0.557129 0.316895 0.00488281 0.0146484
1 0.570312 0.317383 0.00683594 0.0195312
1 0.581543 0.316406 0.00488281 0.0136719
1 0.585205 0.316895 0.00732422 0.0166016
1 0.594482 0.339844 0.00927734 0.0644531
1 0.588867 0.353027 0.00878906 0.0673828
1 0.620361 0.318848 0.012207 0.0322266
1 0.60791 0.346191 0.0126953 0.0771484
1 0.633301 0.358398 0.0146484 0.0878906
1 0.619385 0.36084 0.0161133 0.0849609
1 0.809814 0.380859 0.0219727 0.183594
1 0.753906 0.388672 0.0244141 0.189453
1 0.724365 0.468262 0.00439453 0.0673828
1 0.781494 0.398926 0.0375977 0.276367
1 0.820068 0.408691 0.0297852 0.245117
1 0.894287 0.414062 0.0561523 0.296875
1 0.857178 0.424316 0.0473633 0.276367
1 0.843506 0.42627 0.0639648 0.291992
1 0.928955 0.42334 0.027832 0.266602
1 0.902588 0.420898 0.0327148 0.279297
1 0.976074 0.422363 0.0429688 0.319336
1 0.917236 0.43457 0.0512695 0.314453
1 0.959961 0.45752 0.0751953 0.383789
1 0.727295 0.407227 0.0541992 0.263672
1 0.519043 0.333496 0.00683594 0.0322266
5 0.0314941 0.382812 0.0239258 0.0761719
5 0.547119 0.354004 0.0112305 0.0634766
5 0.580078 0.362305 0.0195312 0.105469
5 0.563721 0.376953 0.027832 0.132812
2 0.399902 0.34668 0.0146484 0.03125
2 0.377441 0.350098 0.0224609 0.0400391
2 0.351562 0.360352 0.0380859 0.0605469
2 0.719971 0.33252 0.0756836 0.151367
2 0.904785 0.364746 0.155273 0.270508
7 0.0292969 0.40625 0.046875 0.0488281
7 0.549316 0.374023 0.00585938 0.0410156
7 0.580078 0.393066 0.0078125 0.0634766
7 0.561523 0.411133 0.0126953 0.0820312
7 0.504395 0.338379 0.0136719 0.0166016
