1 0.267334 0.421875 0.00634766 0.0078125
1 0.280518 0.415039 0.00634766 0.00976562
1 0.296631 0.414062 0.00537109 0.0117188
1 0.526611 0.474121 0.0375977 0.170898
1 0.574951 0.463379 0.0327148 0.176758
1 0.602295 0.471191 0.027832 0.196289
2 0.12793 0.442383 0.0117188 0.0195312
2 0.136719 0.447754 0.0185547 0.0302734
2 0.145264 0.44873 0.012207 0.0341797
2 0.183105 0.437012 0.0107422 0.0107422
2 0.189697 0.452637 0.0180664 0.0439453
2 0.198242 0.454102 0.0195312 0.0449219
2 0.22998 0.447754 0.0478516 0.0791016
2 0.250732 0.460449 0.0405273 0.0712891
2 0.282715 0.464355 0.0527344 0.0908203
2 0.0991211 0.508301 0.0947266 0.208008
2 0.317871 0.472168 0.0820312 0.100586
2 0.412109 0.480957 0.12207 0.15332
2 0.16333 0.457031 0.043457 0.0625
2 0.0693359 0.541504 0.132812 0.280273
