1 0.361572 0.415527 0.00634766 0.00878906
1 0.729492 0.425781 0.0263672 0.154297
5 0.243164 0.441406 0.0244141 0.0859375
5 0.592041 0.41748 0.0102539 0.0478516
2 0.0214844 0.491211 0.0371094 0.203125
2 0.300537 0.424805 0.0200195 0.0175781
2 0.278809 0.427734 0.046875 0.0332031
2 0.280029 0.435059 0.0375977 0.0322266
2 0.355957 0.435059 0.0185547 0.0302734
2 0.423096 0.433105 0.019043 0.0283203
2 0.375 0.4375 0.03125 0.046875
2 0.320068 0.450684 0.0454102 0.0654297
2 0.548096 0.420898 0.012207 0.0214844
2 0.564209 0.436035 0.0336914 0.0517578
2 0.514893 0.467773 0.0844727 0.134766
6 0.105469 0.461914 0.0576172 0.0664062
6 0.242676 0.469238 0.0234375 0.0771484
7 0.592041 0.438477 0.00439453 0.0214844
7 0.783447 0.459473 0.0581055 0.0927734
7 0.740967 0.453125 0.0102539 0.0664062
