1 0.67749 0.462891 0.0239258 0.185547
1 0.704346 0.449707 0.019043 0.217773
1 0.401611 0.445312 0.00537109 0.0390625
1 0.393799 0.444824 0.00830078 0.0419922
2 0.570312 0.42041 0.0166016 0.0107422
2 0.576172 0.440918 0.0126953 0.0302734
2 0.567871 0.446289 0.0117188 0.0585938
2 0.51001 0.442383 0.00927734 0.0253906
2 0.454102 0.445312 0.0253906 0.0351562
2 0.209717 0.466309 0.0678711 0.0791016
2 0.305664 0.505371 0.15918 0.219727
2 0.0336914 0.487305 0.0615234 0.125
2 0.486816 0.453613 0.0419922 0.0673828
2 0.539062 0.467285 0.0683594 0.12207
