2 0.425537 0.39502 0.0307617 0.0341797
2 0.317627 0.421875 0.0610352 0.0449219
2 0.443604 0.416016 0.0249023 0.0566406
2 0.498779 0.408203 0.0239258 0.0351562
2 0.476807 0.445312 0.0629883 0.0898438
2 0.566895 0.398438 0.0263672 0.0214844
2 0.548096 0.462402 0.0922852 0.137695
2 0.728516 0.405762 0.0175781 0.0224609
2 0.688477 0.464844 0.0898438 0.128906
2 0.0974121 0.434082 0.0385742 0.0517578
2 0.0317383 0.493164 0.0576172 0.154297
2 0.229004 0.416504 0.0498047 0.0419922
2 0.185059 0.429688 0.0449219 0.0410156
2 0.127686 0.444336 0.074707 0.0761719
4 0.63501 0.37793 0.0922852 0.0722656
7 0.163574 0.461426 0.0244141 0.0556641
