1 0.609375 0.390137 0.0078125 0.0244141
1 0.603271 0.398926 0.00927734 0.0361328
1 0.592041 0.398438 0.00830078 0.0292969
1 0.80127 0.366699 0.0292969 0.0849609
1 0.820801 0.401855 0.0292969 0.0791016
5 0.552734 0.402832 0.0351562 0.112305
2 0.465088 0.407227 0.00634766 0.015625
2 0.732178 0.468262 0.17334 0.225586
2 0.895508 0.585449 0.204102 0.557617
2 0.488281 0.424316 0.0107422 0.0908203
2 0.225098 0.44043 0.0263672 0.0644531
2 0.198486 0.432617 0.0424805 0.0878906
2 0.188721 0.455566 0.019043 0.0517578
2 0.0927734 0.443848 0.179688 0.401367
3 0.401611 0.373535 0.125488 0.268555
7 0.562988 0.44873 0.0615234 0.0966797
