1 0.46875 0.424805 0.00878906 0.0488281
1 0.562256 0.441406 0.0112305 0.0820312
1 0.576416 0.44873 0.0297852 0.163086
1 0.693115 0.474609 0.0405273 0.238281
1 0.737061 0.459961 0.050293 0.265625
5 0.397461 0.424805 0.0146484 0.0546875
2 0.378418 0.405273 0.0205078 0.0195312
2 0.359619 0.415039 0.012207 0.0195312
2 0.36377 0.427734 0.0146484 0.0332031
2 0.375488 0.431152 0.015625 0.0341797
2 0.377686 0.44043 0.00537109 0.03125
2 0.395996 0.435059 0.0341797 0.0478516
2 0.473633 0.455078 0.00878906 0.0820312
2 0.514893 0.448242 0.0805664 0.160156
7 0.397217 0.452637 0.00341797 0.0283203
