1 0.451172 0.407227 0.00878906 0.0371094
1 0.404541 0.411133 0.0249023 0.0917969
1 0.405762 0.406738 0.0126953 0.0986328
1 0.331543 0.42041 0.0234375 0.0791016
1 0.322266 0.419922 0.0263672 0.0839844
1 0.0759277 0.538086 0.145996 0.724609
1 0.677246 0.381836 0.0146484 0.0800781
1 0.90918 0.374023 0.00878906 0.0800781
1 0.80542 0.341309 0.00927734 0.0419922
1 0.933838 0.382812 0.0415039 0.160156
1 0.895752 0.376953 0.0317383 0.167969
1 0.780762 0.495117 0.113281 0.580078
1 0.837402 0.542969 0.123047 0.576172
1 0.547119 0.524902 0.143066 0.69043
1 0.637695 0.500977 0.165039 0.769531
2 0.336914 0.425781 0.00390625 0.00585938
2 0.376221 0.419922 0.0151367 0.0136719
2 0.44458 0.414062 0.0219727 0.0136719
2 0.350586 0.42334 0.0136719 0.0185547
2 0.300781 0.428711 0.0166016 0.0273438
2 0.280273 0.429199 0.0283203 0.0380859
2 0.240479 0.431641 0.0463867 0.0566406
2 0.193115 0.436523 0.0512695 0.0605469
2 0.10083 0.42334 0.00537109 0.00683594
2 0.115479 0.442383 0.043457 0.0644531
2 0.154541 0.439941 0.0620117 0.0693359
2 0.0551758 0.477539 0.00488281 0.00390625
2 0.0744629 0.448242 0.0620117 0.0683594
