1 0.122314 0.195801 0.00927734 0.0263672
1 0.653076 0.38623 0.00537109 0.0244141
1 0.697754 0.404785 0.0107422 0.0439453
1 0.532471 0.398438 0.00439453 0.0214844
1 0.457275 0.402344 0.00732422 0.0332031
1 0.438232 0.39502 0.00537109 0.00878906
1 0.424316 0.394043 0.00585938 0.00878906
1 0.161133 0.317383 0.0078125 0.0410156
1 0.20874 0.274902 0.00830078 0.0322266
1 0.221191 0.26416 0.00976562 0.0224609
1 0.231689 0.266602 0.00634766 0.00976562
1 0.239258 0.266113 0.00878906 0.0126953
1 0.247559 0.26416 0.00683594 0.0185547
1 0.212646 0.276367 0.00830078 0.0351562
1 0.21875 0.274902 0.00585938 0.0166016
1 0.203613 0.293457 0.00976562 0.0244141
1 0.192871 0.296875 0.00585938 0.0195312
1 0.705078 0.246582 0.00683594 0.0126953
1 0.710205 0.245605 0.00634766 0.0146484
1 0.676025 0.25 0.00537109 0.0078125
1 0.649658 0.250488 0.00537109 0.00878906
1 0.634033 0.249023 0.00439453 0.0117188
1 0.630127 0.246582 0.00634766 0.0166016
1 0.597412 0.248535 0.00732422 0.0166016
1 0.575928 0.248535 0.00732422 0.0166016
1 0.562744 0.253906 0.00439453 0.0078125
1 0.549316 0.25293 0.00488281 0.00976562
1 0.545654 0.255859 0.00439453 0.00390625
1 0.531738 0.253906 0.00585938 0.00976562
1 0.526123 0.253906 0.00830078 0.00976562
1 0.517334 0.25293 0.00634766 0.0117188
1 0.487305 0.254395 0.00585938 0.0126953
1 0.491211 0.253906 0.00683594 0.0136719
1 0.494873 0.255859 0.00244141 0.0078125
1 0.508301 0.253906 0.00488281 0.0117188
1 0.504395 0.253906 0.00585938 0.0117188
1 0.348389 0.265137 0.00927734 0.0166016
1 0.385254 0.266113 0.00683594 0.00878906
1 0.369629 0.265137 0.00683594 0.0126953
1 0.723877 0.249023 0.00439453 0.00585938
1 0.417236 0.265137 0.00439453 0.00488281
1 0.752197 0.24707 0.00732422 0.00976562
1 0.728516 0.246582 0.00683594 0.0107422
1 0.424316 0.261719 0.00585938 0.00976562
1 0.448242 0.262207 0.00390625 0.00488281
1 0.442627 0.257324 0.00830078 0.0146484
1 0.322754 0.388184 0.0214844 0.0712891
1 0.747314 0.383301 0.00732422 0.0341797
1 0.750977 0.393555 0.00585938 0.0488281
1 0.711182 0.428223 0.0161133 0.110352
1 0.71875 0.428711 0.0126953 0.105469
1 0.899414 0.377441 0.00292969 0.0205078
1 0.893066 0.373047 0.0107422 0.0214844
1 0.896484 0.404785 0.0126953 0.0654297
1 0.867188 0.414062 0.00488281 0.0917969
1 0.815918 0.414551 0.00390625 0.0732422
1 0.803955 0.416504 0.0131836 0.0810547
1 0.835449 0.384277 0.00488281 0.0126953
1 0.820557 0.412109 0.0131836 0.0839844
1 0.811768 0.424805 0.0151367 0.0800781
1 0.839111 0.398926 0.00634766 0.0400391
1 0.830811 0.42041 0.0112305 0.0869141
1 0.836914 0.444336 0.00976562 0.0566406
1 0.888184 0.429199 0.0341797 0.141602
1 0.859375 0.420898 0.0126953 0.103516
1 0.862793 0.42627 0.0263672 0.15332
1 0.770752 0.430664 0.0288086 0.146484
1 0.758057 0.436035 0.0288086 0.137695
2 0.662598 0.401367 0.00878906 0.0175781
2 0.647461 0.401855 0.015625 0.0244141
2 0.633545 0.405762 0.0209961 0.0263672
2 0.578613 0.382324 0.00488281 0.0224609
2 0.680176 0.402344 0.0283203 0.0605469
2 0.549072 0.40332 0.0219727 0.03125
2 0.516357 0.405273 0.0249023 0.0429688
2 0.484375 0.408691 0.0166016 0.0244141
2 0.474854 0.408691 0.0112305 0.0263672
2 0.466553 0.410156 0.012207 0.0292969
2 0.438965 0.414062 0.0205078 0.0292969
2 0.409912 0.419434 0.050293 0.0498047
2 0.579834 0.401855 0.00341797 0.0205078
2 0.123779 0.401367 0.0327148 0.0644531
2 0.0600586 0.467285 0.114258 0.225586
2 0.230713 0.448242 0.246582 0.390625
2 0.703369 0.410156 0.00927734 0.0429688
4 0.715332 0.36084 0.0380859 0.0634766
4 0.498535 0.387207 0.0449219 0.0634766
7 0.705811 0.438965 0.0102539 0.0654297
