1 0.282959 0.414551 0.00732422 0.0498047
1 0.0195312 0.419434 0.0234375 0.0908203
1 0.349854 0.412598 0.012207 0.0830078
1 0.336914 0.410645 0.0244141 0.0869141
2 0.925049 0.38623 0.0483398 0.0341797
2 0.888672 0.384766 0.0224609 0.0351562
2 0.958008 0.368652 0.0195312 0.0615234
2 0.851318 0.373535 0.0649414 0.0732422
2 0.160156 0.423828 0.0126953 0.0273438
2 0.177734 0.423828 0.0322266 0.0332031
2 0.19751 0.42041 0.0102539 0.0380859
2 0.261719 0.419922 0.0214844 0.03125
2 0.289307 0.412109 0.0375977 0.0371094
2 0.356934 0.412109 0.0488281 0.0585938
2 0.586914 0.412598 0.0732422 0.118164
