1 0.453613 0.419922 0.00390625 0.0117188
1 0.320557 0.432617 0.00634766 0.0136719
1 0.302246 0.43457 0.00585938 0.0117188
5 0.469971 0.429688 0.00634766 0.0195312
5 0.417236 0.45459 0.0288086 0.112305
5 0.34375 0.474121 0.0380859 0.165039
2 0.532227 0.418945 0.0107422 0.0175781
2 0.486572 0.426758 0.0112305 0.015625
2 0.49707 0.430664 0.0136719 0.0214844
2 0.517334 0.425781 0.0141602 0.0195312
2 0.508301 0.443359 0.0185547 0.0292969
2 0.469238 0.436523 0.015625 0.0253906
2 0.43042 0.451172 0.0102539 0.0507812
2 0.450439 0.461914 0.0463867 0.0722656
2 0.38208 0.461426 0.043457 0.0810547
2 0.290283 0.494141 0.0649414 0.109375
2 0.076416 0.552734 0.146973 0.257812
6 0.472412 0.456543 0.00830078 0.0361328
6 0.412109 0.491699 0.0351562 0.0888672
6 0.364014 0.533203 0.00439453 0.015625
6 0.333008 0.513672 0.0517578 0.154297
