1 0.166016 0.438477 0.00390625 0.0585938
1 0.199951 0.431152 0.0131836 0.106445
1 0.180908 0.431152 0.0307617 0.110352
1 0.210938 0.431641 0.0224609 0.107422
1 0.303223 0.416016 0.0117188 0.0722656
1 0.555664 0.391113 0.0107422 0.0146484
1 0.582031 0.397461 0.00878906 0.00976562
1 0.597168 0.411621 0.0195312 0.0498047
1 0.662598 0.402832 0.0107422 0.0302734
1 0.653564 0.402344 0.0131836 0.0351562
1 0.707764 0.40625 0.0131836 0.0371094
1 0.754395 0.398438 0.015625 0.0429688
1 0.793213 0.402832 0.0151367 0.0419922
1 0.424072 0.42334 0.0239258 0.0966797
1 0.363037 0.484863 0.0444336 0.21582
1 0.406982 0.53418 0.105957 0.392578
1 0.890137 0.521484 0.0966797 0.527344
5 0.032959 0.475098 0.0600586 0.592773
2 0.558594 0.46875 0.113281 0.140625
7 0.330566 0.483398 0.0566406 0.0683594
7 0.314453 0.492676 0.0546875 0.137695
7 0.229004 0.468262 0.0205078 0.0263672
7 0.269287 0.513672 0.112793 0.130859
7 0.689941 0.473145 0.0302734 0.108398
7 0.711426 0.454102 0.0292969 0.0703125
7 0.717285 0.478516 0.0410156 0.107422
7 0.762695 0.482422 0.0322266 0.103516
7 0.781982 0.497559 0.0170898 0.0908203
7 0.792725 0.491211 0.0209961 0.103516
7 0.813965 0.481934 0.0332031 0.118164
7 0.825195 0.478516 0.03125 0.105469
7 0.836914 0.476074 0.0302734 0.129883
7 0.94873 0.467773 0.0253906 0.111328
7 0.955078 0.470703 0.0126953 0.103516
7 0.200195 0.495605 0.0488281 0.0263672
7 0.154297 0.550293 0.148438 0.25293
7 0.134521 0.557617 0.166504 0.277344
7 0.113037 0.575195 0.101074 0.271484
7 0.0537109 0.743164 0.101562 0.357422
