1 0.69458 0.437988 0.0317383 0.155273
5 0.319092 0.378906 0.0268555 0.0742188
2 0.485107 0.381348 0.0102539 0.0263672
2 0.472412 0.379883 0.0151367 0.0273438
2 0.456787 0.382812 0.0229492 0.0371094
2 0.437988 0.379883 0.00878906 0.03125
2 0.436523 0.382812 0.00488281 0.0175781
2 0.43042 0.396484 0.0170898 0.0234375
2 0.389404 0.369141 0.0893555 0.0859375
2 0.398193 0.39209 0.0288086 0.0458984
2 0.370117 0.393066 0.0458984 0.0576172
2 0.359131 0.391602 0.0229492 0.0527344
2 0.280273 0.397461 0.123047 0.0859375
2 0.238037 0.40625 0.146973 0.0898438
2 0.0959473 0.414551 0.186035 0.163086
2 0.570068 0.385742 0.0180664 0.0371094
2 0.572754 0.388672 0.0126953 0.0410156
2 0.572266 0.392578 0.0126953 0.046875
2 0.589111 0.39209 0.0327148 0.0595703
2 0.595947 0.399414 0.0317383 0.0664062
2 0.601807 0.407715 0.0200195 0.0791016
2 0.629395 0.399902 0.0517578 0.104492
2 0.626953 0.408203 0.0410156 0.0976562
2 0.627686 0.414062 0.0366211 0.103516
2 0.676514 0.403809 0.114746 0.202148
2 0.522949 0.414551 0.0839844 0.124023
7 0.353027 0.418945 0.0126953 0.0253906
7 0.318848 0.42334 0.0224609 0.0751953
7 0.775146 0.450195 0.0307617 0.115234
