1 0.22168 0.430664 0.0078125 0.0449219
1 0.202393 0.424316 0.0307617 0.178711
1 0.237305 0.427734 0.0263672 0.177734
1 0.259766 0.436523 0.00878906 0.03125
1 0.274658 0.4375 0.0170898 0.0859375
1 0.287109 0.436035 0.0146484 0.0966797
1 0.313232 0.437988 0.00830078 0.0439453
1 0.353027 0.443359 0.0078125 0.0410156
2 0.391113 0.460449 0.0742188 0.108398
2 0.662598 0.441895 0.0703125 0.118164
2 0.648193 0.48584 0.0249023 0.0595703
2 0.660645 0.48584 0.0166016 0.0771484
2 0.696777 0.473633 0.0820312 0.1875
2 0.831787 0.529785 0.271973 0.319336
2 0.894287 0.597168 0.206543 0.395508
2 0.973145 0.632324 0.0488281 0.313477
