1 0.159912 0.440918 0.0209961 0.106445
1 0.513916 0.408203 0.00439453 0.0117188
1 0.518555 0.404785 0.00292969 0.00878906
1 0.551758 0.405273 0.0117188 0.0195312
1 0.766846 0.414551 0.027832 0.139648
1 0.42749 0.439453 0.0317383 0.113281
2 0.0505371 0.434082 0.0532227 0.0205078
2 0.110596 0.450195 0.0532227 0.0507812
2 0.0708008 0.470703 0.113281 0.0761719
2 0.227539 0.449707 0.117188 0.0869141
2 0.437256 0.412109 0.00830078 0.0136719
2 0.41333 0.427246 0.0131836 0.0380859
2 0.4375 0.429199 0.00683594 0.0205078
2 0.444824 0.424316 0.0107422 0.0322266
2 0.456055 0.425293 0.0195312 0.0380859
2 0.50708 0.425293 0.012207 0.0283203
2 0.525879 0.425781 0.0322266 0.0371094
2 0.478271 0.424805 0.0532227 0.046875
2 0.564209 0.422852 0.0327148 0.046875
2 0.598145 0.427734 0.0683594 0.0683594
2 0.636475 0.450684 0.0454102 0.124023
2 0.700439 0.451172 0.116699 0.171875
2 0.351318 0.458496 0.0834961 0.149414
6 0.907959 0.404785 0.0424805 0.116211
7 0.853027 0.395996 0.0283203 0.0595703
7 0.807861 0.434082 0.065918 0.141602
7 0.845703 0.441406 0.0722656 0.123047
7 0.961914 0.411621 0.0351562 0.120117
