2 0.502441 0.412109 0.0146484 0.0292969
2 0.588867 0.418945 0.0566406 0.0605469
2 0.593994 0.422852 0.0483398 0.0566406
2 0.521973 0.447266 0.0625 0.0996094
2 0.452393 0.42041 0.0268555 0.0556641
2 0.437744 0.42041 0.0385742 0.0537109
2 0.445801 0.426758 0.00976562 0.0371094
2 0.435547 0.431152 0.0244141 0.0576172
2 0.385742 0.431641 0.0898438 0.0996094
2 0.394043 0.446289 0.0390625 0.078125
2 0.368896 0.44043 0.0385742 0.0917969
2 0.356689 0.450195 0.0424805 0.111328
2 0.293701 0.466309 0.0336914 0.157227
2 0.243164 0.469727 0.128906 0.195312
2 0.16333 0.480957 0.129395 0.239258
2 0.0820312 0.495117 0.158203 0.291016
2 0.645264 0.435547 0.0639648 0.09375
2 0.643066 0.457031 0.0449219 0.111328
2 0.659668 0.461426 0.03125 0.129883
2 0.720947 0.444824 0.123535 0.180664
2 0.766602 0.469727 0.157227 0.222656
2 0.909912 0.473633 0.175293 0.271484
2 0.935303 0.510254 0.124512 0.319336
6 0.621826 0.402832 0.0161133 0.0458984
