1 0.840088 0.376465 0.0200195 0.0341797
1 0.923828 0.358887 0.0166016 0.0400391
1 0.895508 0.358887 0.0166016 0.0341797
5 0.777344 0.419922 0.0625 0.205078
5 0.336182 0.416504 0.0532227 0.170898
5 0.401367 0.39502 0.0498047 0.161133
2 0.644531 0.403809 0.0410156 0.0986328
2 0.688232 0.408203 0.0795898 0.128906
2 0.572754 0.389648 0.0683594 0.146484
2 0.25293 0.417969 0.0146484 0.015625
2 0.467041 0.408691 0.0541992 0.108398
2 0.283447 0.40332 0.0463867 0.0292969
2 0.418213 0.421875 0.0883789 0.125
6 0.778076 0.48291 0.0737305 0.172852
6 0.337158 0.461914 0.0561523 0.140625
6 0.402344 0.45459 0.0517578 0.170898
