1 0.597412 0.395508 0.00537109 0.0488281
1 0.692139 0.385254 0.00732422 0.0244141
1 0.857666 0.380371 0.00830078 0.0693359
2 0.0637207 0.495605 0.121582 0.268555
2 0.37793 0.394531 0.0341797 0.03125
2 0.368652 0.425781 0.0244141 0.0820312
2 0.306396 0.361328 0.0688477 0.0566406
2 0.345459 0.429688 0.0541992 0.0917969
2 0.25708 0.402344 0.019043 0.03125
2 0.299316 0.438477 0.0839844 0.107422
2 0.199707 0.453125 0.140625 0.160156
2 0.456543 0.413086 0.0419922 0.0800781
2 0.448242 0.422363 0.0390625 0.0849609
2 0.414795 0.432129 0.0776367 0.104492
2 0.494873 0.40332 0.00927734 0.0214844
2 0.524902 0.391113 0.0605469 0.129883
2 0.511963 0.42334 0.0288086 0.0927734
2 0.535156 0.436523 0.0625 0.105469
6 0.742188 0.41748 0.0253906 0.0771484
7 0.635986 0.402344 0.0112305 0.0136719
7 0.988525 0.494629 0.0180664 0.145508
7 0.988281 0.405273 0.0185547 0.0175781
