1 0.364746 0.408203 0.00488281 0.0292969
5 0.830078 0.385254 0.0117188 0.0556641
2 0.630371 0.41748 0.0234375 0.0576172
2 0.478027 0.412109 0.00390625 0.0136719
2 0.482422 0.410645 0.00585938 0.0166016
2 0.488525 0.409668 0.0102539 0.0185547
2 0.503174 0.411133 0.0112305 0.0195312
2 0.523193 0.405762 0.0151367 0.0302734
2 0.557617 0.404785 0.0175781 0.0361328
2 0.546387 0.412109 0.0273438 0.0371094
2 0.595947 0.427246 0.0678711 0.0908203
2 0.724121 0.461914 0.160156 0.220703
2 0.422363 0.413086 0.0166016 0.0234375
2 0.435303 0.416016 0.00634766 0.0175781
2 0.448486 0.419922 0.0268555 0.0429688
2 0.393555 0.437012 0.0527344 0.0771484
2 0.310547 0.464355 0.134766 0.155273
2 0.246338 0.418457 0.0288086 0.0322266
7 0.826904 0.407715 0.00537109 0.0458984
