1 0.0273438 0.416992 0.0078125 0.046875
1 0.0322266 0.416504 0.00878906 0.0478516
2 0.379883 0.390625 0.00976562 0.00585938
2 0.387451 0.389648 0.00732422 0.00585938
2 0.395752 0.38916 0.00927734 0.00878906
2 0.408936 0.395996 0.0200195 0.0205078
2 0.431885 0.401855 0.0229492 0.0322266
2 0.548828 0.428223 0.0849609 0.137695
2 0.391602 0.414551 0.0488281 0.0439453
2 0.362549 0.420898 0.019043 0.0585938
2 0.325195 0.428711 0.0839844 0.105469
2 0.098877 0.423828 0.0913086 0.0566406
2 0.236816 0.416016 0.0595703 0.0546875
7 0.213135 0.415039 0.0200195 0.0390625
