2 0.925537 0.398438 0.012207 0.0234375
2 0.957764 0.438477 0.0795898 0.164062
2 0.958496 0.481445 0.078125 0.230469
2 0.817139 0.42334 0.0336914 0.0498047
2 0.793701 0.424805 0.0258789 0.0566406
2 0.790527 0.431152 0.0205078 0.0615234
2 0.76709 0.432129 0.0419922 0.0751953
2 0.751221 0.440918 0.0307617 0.0712891
2 0.714844 0.445801 0.0683594 0.0830078
2 0.662842 0.458984 0.0385742 0.0996094
2 0.621338 0.466309 0.0708008 0.125977
2 0.547607 0.480469 0.11084 0.148438
2 0.414551 0.506836 0.169922 0.185547
