1 0.335693 0.447266 0.0473633 0.363281
1 0.365479 0.457031 0.0727539 0.386719
1 0.514893 0.439941 0.0307617 0.0869141
1 0.43457 0.445312 0.0566406 0.34375
1 0.54126 0.411133 0.00927734 0.0273438
1 0.529541 0.440918 0.0209961 0.0888672
1 0.560059 0.453125 0.0302734 0.123047
1 0.577881 0.413086 0.0200195 0.0410156
1 0.591797 0.417969 0.015625 0.0429688
1 0.606689 0.412598 0.0229492 0.0556641
1 0.657227 0.453125 0.0283203 0.119141
1 0.686768 0.452148 0.0405273 0.144531
1 0.801025 0.393066 0.0151367 0.0517578
1 0.800049 0.452148 0.0307617 0.115234
1 0.782471 0.411133 0.0209961 0.0449219
1 0.62793 0.417969 0.0078125 0.0351562
1 0.773682 0.445801 0.0170898 0.0908203
1 0.728516 0.463379 0.0371094 0.211914
1 0.961914 0.411621 0.0214844 0.102539
1 0.946045 0.41748 0.0151367 0.0888672
1 0.925537 0.425293 0.0307617 0.131836
1 0.229492 0.416992 0.00585938 0.0273438
1 0.223877 0.409668 0.00927734 0.0439453
1 0.47998 0.457031 0.0527344 0.341797
2 0.228027 0.370605 0.00878906 0.0166016
2 0.236816 0.408203 0.0185547 0.03125
2 0.276367 0.397949 0.0166016 0.0283203
2 0.281494 0.40332 0.0161133 0.0273438
2 0.30249 0.414062 0.0141602 0.0429688
2 0.311035 0.415039 0.00585938 0.0546875
2 0.985107 0.413086 0.0249023 0.0820312
