1 0.686523 0.400879 0.0078125 0.0361328
1 0.721191 0.400391 0.0224609 0.119141
2 0.193359 0.412109 0.0654297 0.0703125
2 0.391357 0.405762 0.0151367 0.0341797
2 0.389404 0.40918 0.00927734 0.0332031
2 0.381348 0.40918 0.0146484 0.0371094
2 0.37207 0.410156 0.0146484 0.0390625
2 0.352539 0.411621 0.0341797 0.0478516
2 0.430664 0.384277 0.0185547 0.0244141
2 0.420166 0.416992 0.0493164 0.0683594
2 0.530273 0.397461 0.00976562 0.015625
2 0.549805 0.388184 0.0166016 0.0537109
2 0.559326 0.405273 0.00927734 0.0332031
2 0.562256 0.406738 0.00732422 0.0341797
2 0.575195 0.401855 0.0292969 0.0517578
2 0.581055 0.40918 0.0332031 0.0488281
