5 0.560303 0.382324 0.0229492 0.0478516
5 0.547363 0.41748 0.0390625 0.12207
5 0.471191 0.42334 0.0332031 0.0966797
5 0.614502 0.416016 0.0317383 0.126953
5 0.501221 0.414062 0.0395508 0.199219
2 0.283447 0.421387 0.0415039 0.0654297
2 0.14502 0.421387 0.0166016 0.0419922
2 0.117676 0.413574 0.0400391 0.0615234
2 0.109863 0.431641 0.0517578 0.0878906
2 0.0493164 0.439941 0.0917969 0.139648
2 0.208252 0.385254 0.109863 0.256836
7 0.555908 0.4375 0.0385742 0.0703125
7 0.545166 0.449707 0.0600586 0.0615234
7 0.466797 0.445312 0.0449219 0.0761719
7 0.608154 0.436035 0.0620117 0.0830078
7 0.500244 0.465332 0.043457 0.124023
