1 0.482178 0.441895 0.00634766 0.0302734
1 0.534912 0.438477 0.00537109 0.0214844
1 0.542236 0.437012 0.00537109 0.0224609
2 0.550537 0.4375 0.00732422 0.0195312
2 0.557129 0.435547 0.0078125 0.0253906
2 0.582275 0.431641 0.0444336 0.0390625
2 0.58667 0.436523 0.0288086 0.0351562
2 0.609131 0.435547 0.0541992 0.0449219
2 0.63623 0.432129 0.0556641 0.0498047
2 0.684326 0.432617 0.11377 0.0878906
2 0.794678 0.415039 0.117676 0.107422
2 0.791504 0.433594 0.0869141 0.117188
2 0.863525 0.435059 0.206543 0.178711
6 0.448486 0.447266 0.00830078 0.0234375
6 0.377441 0.458496 0.015625 0.0419922
7 0.306641 0.467285 0.0175781 0.0595703
