1 0.0944824 0.440918 0.00927734 0.0419922
1 0.608887 0.472168 0.0263672 0.174805
1 0.798096 0.466309 0.0473633 0.25293
1 0.75293 0.473633 0.0742188 0.308594
2 0.234619 0.443848 0.0297852 0.0517578
2 0.237061 0.452637 0.0239258 0.0419922
2 0.247803 0.455566 0.0229492 0.0478516
2 0.265625 0.455566 0.03125 0.0556641
2 0.290039 0.45752 0.0371094 0.0673828
2 0.315186 0.459473 0.0424805 0.0732422
2 0.339111 0.464844 0.0375977 0.0820312
2 0.36377 0.466797 0.0439453 0.0996094
2 0.397461 0.472656 0.0722656 0.109375
2 0.428223 0.486328 0.0322266 0.126953
2 0.48584 0.49707 0.130859 0.1875
2 0.188721 0.493652 0.0766602 0.15918
2 0.138184 0.524414 0.147461 0.207031
