1 0.360107 0.450684 0.0512695 0.15332
1 0.407227 0.430664 0.0273438 0.185547
2 0.439453 0.393066 0.0351562 0.0712891
2 0.435059 0.398438 0.0322266 0.0644531
2 0.43335 0.409668 0.0307617 0.0556641
2 0.408447 0.422852 0.0405273 0.0957031
2 0.361816 0.388184 0.0566406 0.0380859
2 0.128662 0.522461 0.251465 0.394531
2 0.52002 0.404785 0.0175781 0.0439453
2 0.543945 0.402832 0.0371094 0.0654297
2 0.587158 0.418945 0.0415039 0.125
2 0.612549 0.425781 0.0522461 0.154297
2 0.682129 0.435547 0.150391 0.214844
2 0.860352 0.54834 0.274414 0.547852
3 0.519287 0.388184 0.0219727 0.0595703
