1 0.66333 0.408691 0.00537109 0.0107422
1 0.647217 0.408203 0.0102539 0.00976562
1 0.630859 0.417969 0.00585938 0.0214844
1 0.63623 0.45752 0.0185547 0.112305
1 0.708008 0.415527 0.00878906 0.0166016
1 0.719238 0.418945 0.0136719 0.0351562
1 0.768555 0.454102 0.0517578 0.130859
1 0.5 0.440918 0.0107422 0.0537109
1 0.390869 0.453613 0.0209961 0.0537109
1 0.369629 0.436035 0.0175781 0.0771484
1 0.354492 0.441406 0.0175781 0.111328
1 0.261963 0.428711 0.0112305 0.0273438
1 0.254395 0.432617 0.0117188 0.0429688
1 0.28418 0.458496 0.0302734 0.0810547
1 0.185303 0.462891 0.0297852 0.121094
1 0.173828 0.461914 0.03125 0.123047
1 0.0319824 0.465332 0.0581055 0.299805
1 0.114258 0.459961 0.0390625 0.257812
1 0.144775 0.439453 0.0668945 0.322266
1 0.656738 0.464844 0.0253906 0.162109
5 0.556885 0.446777 0.0268555 0.135742
5 0.5979 0.475098 0.0629883 0.293945
5 0.4729 0.437012 0.00830078 0.0498047
5 0.321533 0.444336 0.0473633 0.189453
2 0.492432 0.431641 0.0151367 0.0292969
2 0.519287 0.435059 0.0170898 0.0283203
2 0.536865 0.444336 0.0268555 0.0507812
2 0.685547 0.474121 0.0820312 0.116211
2 0.47168 0.426758 0.0175781 0.0507812
2 0.448975 0.437012 0.0200195 0.0595703
2 0.447021 0.443848 0.0112305 0.0537109
6 0.812988 0.537109 0.154297 0.199219
7 0.557617 0.491699 0.00878906 0.0771484
7 0.708496 0.506348 0.0585938 0.15918
7 0.835205 0.45459 0.043457 0.0751953
7 0.831543 0.533203 0.162109 0.226562
7 0.964355 0.496582 0.0664062 0.106445
7 0.595215 0.575195 0.0458984 0.171875
7 0.470947 0.448242 0.00634766 0.0351562
7 0.498047 0.449219 0.0166016 0.0371094
