1 0.105225 0.444336 0.00439453 0.00976562
1 0.116211 0.442383 0.00683594 0.0136719
1 0.194092 0.462402 0.0161133 0.0537109
1 0.39502 0.435547 0.0117188 0.046875
1 0.453613 0.428711 0.0117188 0.0488281
2 0.240479 0.459473 0.0268555 0.0283203
2 0.118164 0.480469 0.0605469 0.0625
2 0.0390625 0.489746 0.0722656 0.0888672
2 0.380615 0.436035 0.0258789 0.0595703
2 0.464844 0.428223 0.0107422 0.0185547
2 0.479736 0.431641 0.0297852 0.125
2 0.480957 0.463867 0.0107422 0.103516
2 0.538574 0.472168 0.136719 0.233398
2 0.425781 0.430664 0.0214844 0.0449219
2 0.373291 0.438965 0.0200195 0.0576172
2 0.351562 0.443359 0.0488281 0.0722656
2 0.300049 0.448242 0.027832 0.0507812
2 0.282471 0.45459 0.0473633 0.0576172
7 0.816162 0.451172 0.0629883 0.146484
7 0.835449 0.452148 0.0878906 0.15625
7 0.855225 0.452637 0.0825195 0.166992
