1 0.0356445 0.435059 0.0195312 0.0439453
1 0.0537109 0.452148 0.0224609 0.0800781
1 0.0673828 0.422852 0.0234375 0.0917969
1 0.0219727 0.460938 0.0214844 0.103516
1 0.0222168 0.463379 0.0385742 0.0966797
1 0.14917 0.458496 0.0131836 0.104492
1 0.175537 0.462402 0.0307617 0.118164
1 0.129883 0.45166 0.0371094 0.211914
1 0.108643 0.458496 0.0463867 0.208008
1 0.5625 0.376953 0.00488281 0.0214844
1 0.553711 0.378418 0.00390625 0.0166016
1 0.556152 0.400391 0.00585938 0.0390625
1 0.55957 0.401855 0.00878906 0.0419922
1 0.580078 0.407227 0.0078125 0.0605469
1 0.591797 0.388184 0.00390625 0.0126953
1 0.605225 0.400391 0.012207 0.0625
1 0.596436 0.415527 0.012207 0.0595703
1 0.58667 0.411621 0.0141602 0.0673828
1 0.569092 0.408691 0.0151367 0.0810547
1 0.547119 0.424805 0.0200195 0.111328
1 0.618408 0.400879 0.00634766 0.0458984
1 0.62915 0.422852 0.0170898 0.0878906
1 0.89917 0.439941 0.0454102 0.120117
2 0.295898 0.475586 0.233398 0.234375
2 0.496582 0.411621 0.0166016 0.0576172
2 0.471436 0.414551 0.0454102 0.0673828
2 0.537598 0.385742 0.00976562 0.0273438
2 0.529785 0.391113 0.0205078 0.0302734
