1 0.479736 0.393066 0.00537109 0.0166016
1 0.45874 0.382812 0.00439453 0.00976562
1 0.453369 0.38623 0.00244141 0.00878906
1 0.402344 0.384277 0.00585938 0.0166016
1 0.393311 0.39209 0.00732422 0.0302734
1 0.39917 0.384766 0.00830078 0.015625
1 0.349609 0.372559 0.00976562 0.0146484
1 0.158203 0.481934 0.0166016 0.0517578
1 0.0222168 0.463379 0.0385742 0.163086
1 0.184326 0.41748 0.0405273 0.178711
1 0.147705 0.428711 0.027832 0.181641
1 0.119873 0.421875 0.0336914 0.185547
1 0.0966797 0.430664 0.0253906 0.177734
1 0.115234 0.44043 0.0292969 0.171875
1 0.16333 0.439453 0.0317383 0.166016
1 0.543701 0.422852 0.043457 0.220703
1 0.609863 0.41748 0.0341797 0.170898
2 0.50415 0.398926 0.0102539 0.0205078
2 0.489258 0.400391 0.0214844 0.0292969
2 0.463379 0.402344 0.0195312 0.0292969
2 0.438721 0.397949 0.0297852 0.0498047
2 0.441162 0.409668 0.0336914 0.0478516
2 0.360352 0.428223 0.0712891 0.0986328
2 0.648926 0.394531 0.0615234 0.136719
2 0.668213 0.418457 0.0795898 0.155273
2 0.768066 0.453613 0.173828 0.225586
2 0.90918 0.562988 0.176758 0.50293
7 0.614502 0.477539 0.019043 0.119141
7 0.547363 0.48584 0.0214844 0.143555
