1 0.254639 0.434082 0.012207 0.0224609
1 0.20874 0.45752 0.00830078 0.0419922
1 0.218262 0.439941 0.00390625 0.0166016
1 0.222412 0.440918 0.00537109 0.0244141
1 0.162109 0.455078 0.0146484 0.09375
1 0.15332 0.473633 0.0146484 0.134766
1 0.147949 0.484375 0.0263672 0.162109
1 0.131592 0.48584 0.0141602 0.161133
1 0.10791 0.483887 0.0078125 0.143555
1 0.124023 0.490234 0.0263672 0.185547
1 0.0849609 0.491211 0.0214844 0.191406
1 0.0292969 0.503906 0.0166016 0.208984
1 0.0217285 0.515625 0.034668 0.251953
1 0.0415039 0.524414 0.0273438 0.248047
1 0.0595703 0.532715 0.0488281 0.260742
1 0.0256348 0.550293 0.0454102 0.303711
1 0.427002 0.412109 0.0131836 0.0507812
1 0.476318 0.420898 0.0112305 0.0351562
1 0.183594 0.467773 0.0322266 0.15625
1 0.626465 0.435059 0.015625 0.168945
1 0.643799 0.445801 0.0219727 0.139648
1 0.102051 0.497559 0.0400391 0.18457
1 0.746338 0.4375 0.050293 0.216797
1 0.662842 0.430664 0.0297852 0.171875
1 0.601562 0.448242 0.0283203 0.140625
5 0.697998 0.385254 0.027832 0.0537109
5 0.459961 0.435059 0.0234375 0.106445
5 0.297852 0.451172 0.0263672 0.119141
7 0.220947 0.475586 0.0170898 0.0546875
7 0.587402 0.433594 0.0107422 0.0839844
7 0.462402 0.462402 0.0146484 0.0771484
7 0.299316 0.480957 0.0126953 0.0830078
