1 0.535889 0.402344 0.00732422 0.0527344
1 0.590088 0.402344 0.00537109 0.0605469
1 0.599609 0.400879 0.00878906 0.0615234
1 0.623779 0.410645 0.0161133 0.0966797
1 0.647949 0.416016 0.00488281 0.0644531
1 0.611816 0.413574 0.0224609 0.0966797
1 0.640137 0.406738 0.0185547 0.104492
1 0.824707 0.437988 0.0712891 0.30957
1 0.929932 0.431641 0.0366211 0.228516
1 0.99292 0.512207 0.00927734 0.286133
1 0.297607 0.427246 0.0336914 0.165039
5 0.527588 0.407715 0.0141602 0.0712891
5 0.547119 0.401855 0.0112305 0.0576172
5 0.580811 0.398926 0.0180664 0.0654297
5 0.888672 0.461426 0.0380859 0.0751953
5 0.46582 0.421875 0.03125 0.142578
5 0.426758 0.418457 0.0410156 0.202148
2 0.331543 0.432129 0.0507812 0.120117
2 0.379639 0.427246 0.0854492 0.15332
2 0.138916 0.49707 0.11377 0.242188
2 0.064209 0.505859 0.122559 0.400391
7 0.259277 0.448242 0.0195312 0.0527344
7 0.531982 0.426758 0.00927734 0.0449219
7 0.545898 0.417969 0.0078125 0.0351562
7 0.575928 0.417969 0.0131836 0.0449219
7 0.46582 0.462402 0.0195312 0.0966797
7 0.427734 0.48291 0.0351562 0.131836
