1 0.620605 0.436035 0.00585938 0.0361328
1 0.647705 0.428711 0.0102539 0.0683594
1 0.635254 0.4375 0.0078125 0.0332031
1 0.709473 0.376465 0.0136719 0.0146484
1 0.847412 0.431641 0.019043 0.117188
1 0.951416 0.435059 0.0317383 0.129883
1 0.825195 0.474609 0.0771484 0.408203
1 0.79126 0.495605 0.106934 0.405273
1 0.0227051 0.453125 0.0102539 0.0761719
1 0.101562 0.449707 0.00683594 0.0693359
1 0.16626 0.442871 0.0151367 0.0712891
1 0.155273 0.448242 0.0136719 0.0800781
1 0.145752 0.446289 0.0102539 0.0859375
1 0.261963 0.439941 0.00732422 0.0634766
1 0.267334 0.441895 0.0131836 0.0751953
1 0.318359 0.418945 0.00976562 0.0273438
1 0.310303 0.420898 0.00927734 0.0234375
1 0.30127 0.432617 0.0107422 0.0488281
1 0.291748 0.438477 0.012207 0.0625
1 0.432129 0.441895 0.0195312 0.0927734
1 0.41748 0.441406 0.0136719 0.0761719
1 0.454102 0.463867 0.00976562 0.0449219
1 0.475342 0.470703 0.0649414 0.347656
1 0.385254 0.465332 0.0751953 0.397461
1 0.685059 0.536621 0.0810547 0.227539
1 0.674316 0.462891 0.0654297 0.431641
1 0.502197 0.506836 0.120605 0.507812
1 0.20166 0.441895 0.00976562 0.0947266
1 0.183594 0.442383 0.0224609 0.0839844
1 0.234375 0.454102 0.0625 0.347656
1 0.283936 0.457031 0.0112305 0.0253906
5 0.575439 0.446777 0.0395508 0.12207
5 0.0446777 0.452148 0.074707 0.357422
5 0.128418 0.449707 0.0615234 0.317383
5 0.890381 0.444336 0.0219727 0.0253906
2 0.628418 0.447754 0.0126953 0.0107422
2 0.735596 0.455078 0.0913086 0.154297
7 0.979492 0.458496 0.0185547 0.0849609
7 0.103516 0.470215 0.0078125 0.0283203
7 0.177979 0.45752 0.0151367 0.0419922
7 0.194824 0.455566 0.00878906 0.0478516
7 0.335449 0.452148 0.0234375 0.0449219
7 0.353516 0.452148 0.0195312 0.046875
7 0.51416 0.564453 0.123047 0.144531
7 0.427979 0.539062 0.150879 0.230469
7 0.0439453 0.563965 0.0634766 0.24707
7 0.130859 0.537598 0.0380859 0.208008
