1 0.196777 0.421387 0.0136719 0.0556641
1 0.211914 0.416504 0.015625 0.0634766
1 0.242188 0.421387 0.0126953 0.0712891
1 0.266113 0.412109 0.00878906 0.0429688
1 0.570557 0.418457 0.00830078 0.0712891
1 0.5979 0.407227 0.0141602 0.0898438
1 0.685791 0.418457 0.0444336 0.149414
1 0.763672 0.442383 0.0488281 0.220703
1 0.139404 0.417969 0.0151367 0.0917969
1 0.124756 0.42334 0.0219727 0.100586
1 0.676758 0.419434 0.0410156 0.145508
5 0.465088 0.415527 0.0297852 0.145508
5 0.509521 0.429199 0.0297852 0.124023
5 0.554688 0.428223 0.0253906 0.125977
2 0.419189 0.383789 0.0327148 0.03125
2 0.436523 0.406738 0.0332031 0.0498047
2 0.353271 0.415039 0.0366211 0.0585938
2 0.218506 0.419922 0.0366211 0.0390625
2 0.563232 0.408691 0.0493164 0.0537109
2 0.476807 0.421875 0.0493164 0.0722656
2 0.518555 0.434082 0.0566406 0.0849609
4 0.349609 0.394531 0.101562 0.078125
7 0.28833 0.422852 0.0161133 0.03125
7 0.237305 0.433105 0.0292969 0.0556641
7 0.4646 0.459473 0.0131836 0.0849609
7 0.509277 0.470215 0.0166016 0.0810547
7 0.554932 0.465332 0.0141602 0.0830078
