1 0.656006 0.362305 0.012207 0.0371094
1 0.682373 0.366699 0.00634766 0.0615234
1 0.67749 0.361816 0.00732422 0.0498047
1 0.692627 0.371094 0.0180664 0.0820312
1 0.916748 0.333984 0.0200195 0.046875
1 0.979248 0.373047 0.0366211 0.236328
1 0.941406 0.375 0.0332031 0.154297
1 0.758301 0.341797 0.0185547 0.0800781
1 0.7854 0.368652 0.0209961 0.118164
1 0.746582 0.378906 0.0322266 0.138672
1 0.727783 0.410156 0.0131836 0.0917969
1 0.869629 0.477539 0.151367 0.607422
1 0.180908 0.394043 0.0307617 0.165039
1 0.139648 0.394043 0.0400391 0.163086
1 0.0551758 0.439941 0.0820312 0.374023
1 0.347656 0.433594 0.0439453 0.404297
1 0.277344 0.446289 0.133789 0.501953
1 0.38916 0.479492 0.0927734 0.453125
1 0.576172 0.275391 0.0322266 0.0898438
1 0.568604 0.488281 0.0883789 0.546875
1 0.628418 0.519043 0.147461 0.618164
5 0.833252 0.337891 0.0668945 0.201172
2 0.516602 0.373047 0.0078125 0.0175781
2 0.508057 0.381836 0.0112305 0.0390625
2 0.498535 0.380859 0.0195312 0.046875
2 0.479492 0.388672 0.0371094 0.0820312
2 0.447754 0.394043 0.0488281 0.12207
2 0.540283 0.373047 0.043457 0.0664062
7 0.852539 0.499023 0.168945 0.152344
