1 0.181885 0.473145 0.012207 0.0986328
1 0.190674 0.475098 0.019043 0.110352
1 0.211914 0.475586 0.0244141 0.109375
1 0.220459 0.480469 0.0249023 0.0996094
1 0.246338 0.480469 0.0239258 0.111328
1 0.284912 0.482422 0.0317383 0.107422
1 0.392822 0.419922 0.0239258 0.0917969
1 0.655273 0.473145 0.0234375 0.139648
2 0.731934 0.462891 0.0126953 0.0234375
2 0.60376 0.435547 0.0795898 0.0722656
2 0.61499 0.454102 0.0473633 0.0351562
2 0.254395 0.475586 0.0732422 0.0898438
2 0.354004 0.458496 0.0996094 0.155273
2 0.792236 0.501465 0.0844727 0.0947266
3 0.901367 0.361328 0.192383 0.712891
