1 0.515137 0.413086 0.00488281 0.0214844
1 0.517822 0.411133 0.00341797 0.0273438
1 0.320801 0.408203 0.0136719 0.0371094
1 0.69043 0.423828 0.0234375 0.175781
1 0.712402 0.42334 0.0292969 0.198242
1 0.888428 0.411133 0.0493164 0.1875
1 0.480225 0.40918 0.00634766 0.0332031
2 0.421387 0.42627 0.0400391 0.0244141
2 0.349854 0.42041 0.0551758 0.0458984
2 0.312744 0.42334 0.0375977 0.0556641
2 0.337402 0.45166 0.0634766 0.0732422
2 0.0905762 0.668457 0.175293 0.545898
2 0.588623 0.416016 0.0336914 0.0234375
2 0.474121 0.409668 0.00683594 0.0185547
6 0.616455 0.429199 0.0229492 0.0654297
