1 0.267822 0.374512 0.00830078 0.0146484
1 0.237793 0.378418 0.00878906 0.0185547
2 0.423096 0.373047 0.00927734 0.0117188
2 0.406982 0.374512 0.00537109 0.0126953
2 0.399658 0.373047 0.0102539 0.0136719
2 0.482178 0.367676 0.00732422 0.0126953
2 0.491699 0.369141 0.015625 0.0292969
2 0.511475 0.364746 0.0131836 0.0244141
2 0.517334 0.369629 0.0112305 0.0302734
2 0.526123 0.371582 0.0180664 0.0322266
2 0.0251465 0.430664 0.0444336 0.078125
2 0.26709 0.397461 0.0224609 0.0371094
2 0.233154 0.408203 0.0385742 0.0410156
2 0.295898 0.408203 0.0517578 0.0800781
2 0.366211 0.376465 0.0390625 0.0810547
2 0.700928 0.408691 0.131348 0.0966797
