1 0.704346 0.400879 0.0317383 0.157227
1 0.73291 0.444336 0.0292969 0.166016
1 0.796631 0.398438 0.0463867 0.248047
1 0.756348 0.403809 0.0732422 0.313477
1 0.628174 0.38916 0.012207 0.0869141
1 0.843994 0.407227 0.0649414 0.271484
1 0.602051 0.387207 0.015625 0.0908203
1 0.616699 0.390625 0.0205078 0.105469
1 0.579834 0.39209 0.00830078 0.0712891
1 0.352051 0.388184 0.00683594 0.0341797
1 0.344238 0.388184 0.00585938 0.0322266
1 0.258301 0.384766 0.00683594 0.046875
1 0.26416 0.399902 0.015625 0.0830078
1 0.24292 0.396484 0.0170898 0.0839844
1 0.207764 0.407227 0.0151367 0.0839844
1 0.119385 0.410645 0.0229492 0.108398
1 0.0981445 0.414551 0.0117188 0.108398
1 0.0715332 0.414062 0.0200195 0.111328
1 0.0883789 0.415527 0.0224609 0.131836
5 0.658691 0.417969 0.0556641 0.261719
5 0.318848 0.393555 0.00683594 0.0429688
5 0.33252 0.398438 0.00976562 0.0371094
5 0.27124 0.385742 0.00732422 0.0332031
2 0.528564 0.374023 0.0170898 0.0136719
2 0.530762 0.391602 0.0195312 0.0292969
2 0.513916 0.39502 0.0317383 0.0380859
4 0.408447 0.371094 0.100098 0.09375
7 0.639893 0.410645 0.00927734 0.0498047
7 0.575928 0.398926 0.0229492 0.0263672
7 0.31958 0.405273 0.0131836 0.0214844
7 0.273193 0.409668 0.00732422 0.0205078
