2 0.707031 0.393066 0.0146484 0.0224609
2 0.701904 0.430176 0.0239258 0.0478516
2 0.678711 0.382324 0.015625 0.0283203
2 0.681641 0.398438 0.015625 0.0234375
2 0.676514 0.404297 0.0170898 0.015625
2 0.704346 0.434082 0.0131836 0.0419922
2 0.699219 0.436035 0.0136719 0.0458984
2 0.686523 0.437012 0.0292969 0.0498047
2 0.682129 0.437988 0.015625 0.0498047
2 0.67749 0.428223 0.0151367 0.0322266
2 0.652588 0.428223 0.0483398 0.0498047
2 0.611572 0.431152 0.0268555 0.0439453
2 0.583496 0.435547 0.0351562 0.0527344
2 0.546387 0.441895 0.0458984 0.0634766
2 0.502441 0.445801 0.0556641 0.0771484
2 0.396484 0.474609 0.108398 0.167969
2 0.020752 0.35498 0.0356445 0.137695
2 0.0996094 0.400879 0.150391 0.188477
6 0.653564 0.473145 0.0766602 0.0849609
