1 0.597656 0.402344 0.015625 0.0546875
1 0.618896 0.385742 0.0112305 0.0253906
2 0.371094 0.454102 0.0126953 0.0332031
2 0.40625 0.454102 0.0234375 0.0449219
2 0.420654 0.453125 0.0219727 0.0429688
2 0.462402 0.454102 0.0273438 0.0527344
2 0.473877 0.452148 0.0209961 0.0566406
2 0.488037 0.45166 0.0336914 0.0634766
2 0.511475 0.44873 0.0415039 0.0654297
2 0.266602 0.453613 0.0224609 0.0537109
2 0.241211 0.456543 0.0419922 0.0791016
2 0.216064 0.437988 0.0541992 0.0439453
2 0.130859 0.439941 0.121094 0.106445
2 0.345947 0.455566 0.050293 0.114258
2 0.31543 0.473633 0.100586 0.146484
2 0.564941 0.436035 0.0673828 0.131836
2 0.635986 0.46875 0.0844727 0.152344
2 0.710693 0.491211 0.144043 0.195312
2 0.864258 0.525391 0.235352 0.318359
2 0.958984 0.628418 0.0771484 0.360352
7 0.135986 0.467285 0.0444336 0.114258
7 0.114502 0.492676 0.0317383 0.0556641
7 0.0915527 0.483887 0.0424805 0.118164
7 0.576172 0.474121 0.0419922 0.0751953
7 0.587158 0.477051 0.019043 0.0673828
