1 0.309814 0.397461 0.00537109 0.0214844
1 0.291504 0.384277 0.00292969 0.00488281
5 0.825195 0.35498 0.0244141 0.100586
5 0.314941 0.391602 0.00683594 0.0195312
2 0.717773 0.363281 0.0234375 0.0195312
2 0.587891 0.407227 0.0292969 0.0820312
2 0.594971 0.413574 0.0395508 0.0947266
2 0.608887 0.422852 0.0390625 0.115234
2 0.665771 0.413574 0.111816 0.15332
2 0.551514 0.385742 0.0317383 0.0195312
2 0.519287 0.38623 0.00732422 0.0244141
2 0.48291 0.395996 0.0703125 0.147461
2 0.341797 0.398438 0.015625 0.0292969
2 0.26001 0.398438 0.0620117 0.0605469
2 0.250488 0.411621 0.0390625 0.0400391
2 0.249023 0.419922 0.0302734 0.046875
2 0.234619 0.420898 0.0170898 0.0488281
2 0.226562 0.41748 0.0136719 0.0419922
2 0.160645 0.40625 0.0888672 0.0742188
2 0.19873 0.427734 0.0615234 0.0839844
2 0.287598 0.418945 0.0351562 0.046875
2 0.059082 0.382324 0.112305 0.0908203
2 0.0876465 0.444336 0.0737305 0.0976562
2 0.0241699 0.485352 0.0424805 0.1875
2 0.359131 0.40332 0.0102539 0.0292969
2 0.378174 0.40332 0.0366211 0.0585938
6 0.575684 0.388184 0.00488281 0.0146484
7 0.827637 0.382324 0.00976562 0.0673828
7 0.314697 0.409668 0.00537109 0.0224609
