1 0.674316 0.415527 0.0126953 0.0595703
1 0.706787 0.425781 0.027832 0.0976562
5 0.630859 0.408203 0.0175781 0.0566406
5 0.641357 0.446289 0.00830078 0.0234375
5 0.62793 0.443359 0.00976562 0.0273438
2 0.590332 0.414551 0.00585938 0.00878906
2 0.581055 0.41748 0.0166016 0.0283203
2 0.561279 0.415039 0.0200195 0.0351562
2 0.551514 0.415039 0.0200195 0.0332031
2 0.523438 0.415039 0.0302734 0.0429688
2 0.606689 0.424316 0.034668 0.0654297
2 0.98999 0.609375 0.0151367 0.144531
7 0.629883 0.444336 0.0234375 0.0683594
7 0.690186 0.445312 0.0141602 0.0585938
