1 0.253906 0.447754 0.00878906 0.0478516
1 0.26123 0.454102 0.0078125 0.0429688
1 0.27002 0.458008 0.0146484 0.0644531
1 0.225586 0.466797 0.0107422 0.0566406
1 0.20752 0.461426 0.0107422 0.0595703
1 0.215332 0.467773 0.0136719 0.0742188
1 0.0996094 0.49707 0.0341797 0.142578
1 0.0166016 0.502441 0.0273438 0.157227
1 0.0432129 0.499023 0.0288086 0.167969
1 0.471191 0.425781 0.0107422 0.0292969
1 0.525879 0.422852 0.0117188 0.0507812
1 0.539062 0.427246 0.0146484 0.0595703
1 0.519043 0.426758 0.0175781 0.0566406
1 0.795654 0.436035 0.0307617 0.188477
1 0.822754 0.431152 0.0507812 0.192383
1 0.661865 0.430176 0.0444336 0.135742
5 0.244385 0.447266 0.0131836 0.0371094
5 0.425781 0.453613 0.0595703 0.166992
2 0.381592 0.435547 0.0170898 0.0195312
2 0.345947 0.444336 0.0541992 0.0976562
7 0.197754 0.475098 0.0117188 0.0400391
7 0.243652 0.467773 0.0146484 0.03125
7 0.291016 0.465332 0.0224609 0.0439453
7 0.429443 0.538086 0.027832 0.107422
