2 0.281982 0.456543 0.0297852 0.0419922
2 0.312744 0.458008 0.0512695 0.0820312
2 0.159668 0.493164 0.114258 0.126953
2 0.714355 0.445312 0.0410156 0.0546875
2 0.67627 0.445801 0.0390625 0.0595703
2 0.94873 0.491211 0.0517578 0.189453
2 0.830078 0.529297 0.260742 0.326172
2 0.505615 0.450684 0.0180664 0.0615234
2 0.580566 0.447754 0.015625 0.0517578
2 0.571045 0.458008 0.0219727 0.0820312
2 0.536133 0.468262 0.0742188 0.110352
7 0.0151367 0.496094 0.0244141 0.0605469
7 0.0327148 0.495117 0.0273438 0.0683594
