1 0.901123 0.435059 0.0112305 0.0654297
1 0.907959 0.447266 0.0161133 0.0742188
1 0.88208 0.442383 0.0151367 0.0800781
1 0.861328 0.440918 0.0126953 0.0771484
1 0.811279 0.433105 0.00830078 0.0517578
1 0.682129 0.441406 0.0146484 0.126953
5 0.0505371 0.388184 0.0258789 0.0791016
5 0.137451 0.38916 0.0161133 0.0498047
2 0.991211 0.473633 0.0126953 0.0800781
2 0.503662 0.446777 0.0844727 0.131836
2 0.694336 0.450195 0.133789 0.0917969
6 0.136963 0.402832 0.0288086 0.0458984
7 0.0698242 0.414062 0.0292969 0.0664062
7 0.0524902 0.416992 0.0483398 0.0625
