1 0.303955 0.412598 0.0131836 0.0537109
5 0.256836 0.415039 0.00878906 0.0273438
5 0.529541 0.431152 0.0297852 0.131836
5 0.0717773 0.437988 0.0244141 0.0908203
2 0.280518 0.416504 0.0141602 0.0166016
2 0.343018 0.410645 0.0209961 0.0400391
2 0.341064 0.415039 0.00634766 0.0292969
2 0.351807 0.415039 0.0209961 0.0371094
2 0.359375 0.419922 0.0234375 0.0429688
2 0.386719 0.425781 0.0390625 0.078125
2 0.446045 0.448242 0.117676 0.1875
2 0.0241699 0.425781 0.0424805 0.111328
8 0.198975 0.357422 0.0981445 0.220703
7 0.256836 0.421387 0.0136719 0.0166016
7 0.527588 0.434082 0.0522461 0.0654297
7 0.532471 0.470703 0.0151367 0.0761719
7 0.0700684 0.454102 0.050293 0.0605469
