1 0.507568 0.407715 0.00244141 0.0107422
1 0.540771 0.414551 0.00537109 0.0205078
1 0.68042 0.431641 0.0297852 0.144531
2 0.416504 0.42041 0.0136719 0.0205078
2 0.403564 0.416504 0.0219727 0.0283203
2 0.390137 0.422852 0.0175781 0.0371094
2 0.374023 0.423828 0.0244141 0.0410156
2 0.369629 0.429688 0.0136719 0.0449219
2 0.350586 0.425293 0.0351562 0.0458984
2 0.322754 0.451172 0.00488281 0.03125
2 0.343262 0.414551 0.0214844 0.0205078
2 0.342285 0.43457 0.0380859 0.0507812
2 0.276855 0.410645 0.0966797 0.112305
2 0.268311 0.443359 0.0317383 0.0742188
2 0.217041 0.438965 0.0922852 0.0849609
2 0.159424 0.449219 0.105957 0.105469
2 0.114014 0.462402 0.10498 0.104492
2 0.442383 0.422852 0.00488281 0.0332031
2 0.473145 0.427246 0.00683594 0.0283203
2 0.47876 0.422852 0.0151367 0.0273438
2 0.456543 0.426758 0.03125 0.0527344
2 0.499268 0.403809 0.00537109 0.00683594
2 0.0334473 0.452637 0.0610352 0.208008
