1 0.374268 0.422363 0.00634766 0.0224609
1 0.365967 0.418945 0.0102539 0.03125
1 0.900391 0.370117 0.0224609 0.0605469
1 0.239502 0.529297 0.0805664 0.525391
5 0.621826 0.412598 0.0209961 0.0810547
2 0.60498 0.412109 0.0146484 0.0175781
2 0.59375 0.421875 0.0136719 0.0332031
2 0.580811 0.425293 0.0268555 0.0361328
2 0.505859 0.410156 0.0244141 0.015625
2 0.521973 0.411133 0.00878906 0.00976562
2 0.425781 0.404785 0.0419922 0.0283203
2 0.396973 0.420898 0.0439453 0.0234375
2 0.464111 0.407227 0.0668945 0.0390625
2 0.736084 0.411133 0.034668 0.0527344
8 0.102539 0.327148 0.199219 0.613281
7 0.54834 0.439453 0.0498047 0.0878906
7 0.618896 0.438477 0.0493164 0.0546875
