2 0.375488 0.436035 0.00878906 0.0146484
2 0.190674 0.472168 0.0737305 0.0947266
2 0.258057 0.523438 0.151855 0.201172
2 0.460449 0.439453 0.0302734 0.0839844
2 0.493164 0.455078 0.0634766 0.0664062
2 0.498047 0.468262 0.046875 0.0849609
2 0.588867 0.434082 0.185547 0.145508
2 0.53418 0.483887 0.0703125 0.102539
2 0.5979 0.439941 0.0727539 0.0654297
2 0.581543 0.496582 0.0986328 0.145508
2 0.595703 0.526855 0.0419922 0.118164
2 0.667725 0.500488 0.125488 0.198242
2 0.682861 0.529785 0.0795898 0.206055
2 0.795654 0.541504 0.187988 0.327148
2 0.910889 0.569824 0.17334 0.458008
6 0.0339355 0.510742 0.0620117 0.125
