1 0.237549 0.411621 0.00634766 0.0263672
1 0.101807 0.437988 0.043457 0.163086
1 0.395752 0.437988 0.0151367 0.102539
1 0.401855 0.436523 0.0253906 0.109375
1 0.415771 0.43457 0.0219727 0.117188
1 0.338623 0.430664 0.0161133 0.117188
1 0.512207 0.373535 0.0078125 0.00878906
1 0.300781 0.439453 0.0253906 0.111328
1 0.34375 0.441406 0.0292969 0.111328
1 0.381592 0.420898 0.0131836 0.0859375
5 0.292725 0.403809 0.0268555 0.0615234
5 0.364258 0.41748 0.0224609 0.0693359
2 0.227295 0.409668 0.00439453 0.0107422
2 0.246338 0.417969 0.012207 0.03125
2 0.260742 0.418945 0.0224609 0.0371094
2 0.2771 0.419922 0.0170898 0.0390625
2 0.313232 0.401855 0.019043 0.0146484
2 0.309082 0.420898 0.0136719 0.0449219
2 0.320557 0.424805 0.0141602 0.0488281
2 0.506836 0.471191 0.119141 0.196289
7 0.295898 0.459473 0.0488281 0.0615234
