1 0.262451 0.39502 0.0112305 0.0263672
1 0.312744 0.388184 0.0180664 0.0439453
1 0.326904 0.398438 0.012207 0.0410156
1 0.502686 0.399414 0.00341797 0.0585938
1 0.522217 0.397461 0.00341797 0.0625
1 0.544434 0.392578 0.0126953 0.0371094
1 0.552246 0.390137 0.0078125 0.0263672
1 0.647461 0.437988 0.0302734 0.131836
1 0.780762 0.387207 0.00976562 0.0224609
1 0.770752 0.391602 0.0151367 0.0449219
1 0.754639 0.405762 0.019043 0.0615234
1 0.854248 0.486816 0.0561523 0.334961
1 0.812988 0.478027 0.0712891 0.364258
1 0.217285 0.393066 0.0195312 0.0400391
1 0.232666 0.404785 0.00927734 0.0126953
1 0.445801 0.387695 0.0146484 0.0507812
1 0.439697 0.395996 0.0180664 0.0478516
2 0.98999 0.359863 0.0151367 0.0439453
2 0.768799 0.446777 0.0297852 0.100586
2 0.775146 0.437988 0.019043 0.0849609
2 0.913818 0.396973 0.100098 0.0869141
2 0.926758 0.499023 0.141602 0.238281
2 0.320557 0.463379 0.140137 0.118164
2 0.273193 0.475098 0.120605 0.12793
2 0.16333 0.484375 0.16748 0.148438
6 0.662598 0.410156 0.0117188 0.0703125
6 0.694092 0.411133 0.0170898 0.0703125
7 0.725098 0.417969 0.0107422 0.0488281
7 0.744873 0.415527 0.00830078 0.0419922
7 0.010498 0.493652 0.0151367 0.0771484
7 0.0305176 0.48291 0.0161133 0.0908203
7 0.189697 0.513672 0.027832 0.128906
7 0.16626 0.513672 0.0327148 0.130859
7 0.133545 0.516113 0.043457 0.129883
7 0.0837402 0.518555 0.0327148 0.121094
