5 0.318604 0.445801 0.0571289 0.204102
5 0.585205 0.429199 0.012207 0.0498047
5 0.596191 0.441406 0.00878906 0.140625
5 0.608154 0.443359 0.0317383 0.160156
2 0.986816 0.455566 0.0136719 0.0517578
2 0.52417 0.430664 0.0151367 0.03125
2 0.491943 0.431152 0.0180664 0.0263672
2 0.476807 0.428223 0.0141602 0.0361328
2 0.474609 0.431152 0.0117188 0.0322266
2 0.471191 0.433105 0.0078125 0.0322266
2 0.463623 0.435547 0.0180664 0.0371094
2 0.448486 0.437988 0.0219727 0.0498047
2 0.424316 0.437988 0.0371094 0.0810547
2 0.41333 0.446289 0.0454102 0.0800781
2 0.384277 0.465332 0.0341797 0.116211
7 0.595947 0.510254 0.00439453 0.0166016
7 0.325684 0.536621 0.0605469 0.165039
7 0.58252 0.441895 0.0195312 0.0302734
7 0.612549 0.501465 0.0327148 0.120117
7 0.618652 0.503906 0.00976562 0.0429688
