2 0.269287 0.476562 0.103027 0.130859
2 0.0454102 0.392578 0.0849609 0.605469
2 0.443604 0.450195 0.012207 0.0292969
2 0.440186 0.452148 0.00830078 0.03125
2 0.418213 0.435547 0.0356445 0.0800781
2 0.415527 0.456543 0.0195312 0.0439453
2 0.385254 0.455566 0.0478516 0.0615234
2 0.55127 0.447266 0.0117188 0.0410156
2 0.571533 0.4375 0.0385742 0.0390625
2 0.569092 0.452148 0.034668 0.0527344
2 0.593994 0.453125 0.0268555 0.0859375
2 0.653076 0.442383 0.106934 0.117188
2 0.717041 0.45166 0.100098 0.125977
2 0.753662 0.472656 0.161621 0.177734
2 0.858643 0.46875 0.277832 0.314453
