1 0.1875 0.500488 0.0644531 0.31543
1 0.26709 0.484375 0.0673828 0.326172
1 0.354492 0.36084 0.00585938 0.0263672
1 0.425293 0.417969 0.0136719 0.0859375
1 0.415283 0.42041 0.0141602 0.0849609
1 0.897461 0.333496 0.0166016 0.0439453
1 0.969482 0.40918 0.0102539 0.138672
5 0.358398 0.380859 0.015625 0.0351562
5 0.921387 0.323242 0.0214844 0.0546875
2 0.570068 0.479004 0.122559 0.202148
2 0.938477 0.370605 0.0517578 0.0361328
2 0.902832 0.374023 0.123047 0.0449219
2 0.92334 0.378906 0.0820312 0.046875
2 0.889648 0.402832 0.165039 0.0966797
2 0.854004 0.422852 0.196289 0.126953
2 0.809082 0.458496 0.230469 0.0849609
2 0.808838 0.458008 0.202637 0.181641
6 0.36084 0.382324 0.0117188 0.0439453
7 0.920166 0.344727 0.0307617 0.0410156
