1 0.513428 0.409668 0.00732422 0.0205078
2 0.300781 0.333496 0.0146484 0.0166016
2 0.312988 0.340332 0.0136719 0.0185547
2 0.28125 0.337402 0.0126953 0.0185547
2 0.279053 0.342285 0.0131836 0.0224609
2 0.302734 0.350098 0.0136719 0.0205078
2 0.308838 0.358887 0.0151367 0.0224609
2 0.304443 0.376465 0.0209961 0.0283203
2 0.519043 0.382812 0.0224609 0.0234375
2 0.532715 0.390625 0.0351562 0.0292969
2 0.33374 0.336914 0.00439453 0.0175781
2 0.558594 0.436035 0.0507812 0.0458984
2 0.509277 0.456055 0.0527344 0.0742188
2 0.309814 0.467285 0.0649414 0.0888672
8 0.0224609 0.375488 0.0390625 0.0517578
8 0.118896 0.358398 0.0541992 0.0429688
8 0.174561 0.358398 0.0209961 0.0429688
7 0.796875 0.473145 0.0625 0.0908203
