1 0.939209 0.408203 0.0161133 0.115234
2 0.415283 0.435059 0.0141602 0.0302734
2 0.511963 0.430664 0.0209961 0.0351562
2 0.63501 0.428711 0.0444336 0.0566406
2 0.859375 0.399414 0.0888672 0.134766
2 0.478271 0.437012 0.012207 0.0400391
2 0.469482 0.441406 0.0161133 0.0527344
2 0.441406 0.444336 0.0507812 0.09375
2 0.353271 0.443359 0.074707 0.0898438
2 0.339111 0.451172 0.0336914 0.0878906
2 0.29248 0.447266 0.0849609 0.0957031
2 0.275879 0.466309 0.0585938 0.114258
2 0.210693 0.470703 0.105957 0.132812
2 0.10498 0.486328 0.202148 0.160156
