1 0.644043 0.425293 0.0224609 0.0751953
2 0.443604 0.440918 0.0268555 0.0400391
2 0.414551 0.452637 0.0195312 0.0556641
2 0.402344 0.456055 0.0273438 0.0664062
2 0.372803 0.459961 0.0571289 0.0820312
2 0.0834961 0.442871 0.0390625 0.0341797
2 0.30542 0.46875 0.0610352 0.113281
2 0.266357 0.482422 0.090332 0.126953
2 0.0412598 0.472656 0.0766602 0.115234
2 0.114014 0.492676 0.0834961 0.147461
2 0.178955 0.503906 0.155762 0.175781
2 0.490234 0.436523 0.0214844 0.0332031
2 0.562988 0.431152 0.0390625 0.0283203
