1 0.587891 0.421875 0.0263672 0.115234
1 0.614746 0.424316 0.0273438 0.112305
1 0.288818 0.387207 0.00634766 0.0283203
2 0.791016 0.443359 0.111328 0.0859375
2 0.467529 0.390625 0.0317383 0.0371094
2 0.356201 0.382812 0.0200195 0.0390625
2 0.41333 0.437988 0.101074 0.161133
2 0.195557 0.389648 0.034668 0.0507812
2 0.194824 0.395508 0.0214844 0.046875
2 0.19165 0.397949 0.00537109 0.0283203
2 0.171143 0.393555 0.0385742 0.0546875
2 0.171387 0.396484 0.0263672 0.046875
2 0.166748 0.399902 0.0219727 0.0517578
2 0.145508 0.399414 0.0380859 0.0605469
2 0.143311 0.402344 0.0258789 0.0585938
2 0.134277 0.40625 0.0244141 0.0605469
2 0.0952148 0.395508 0.0693359 0.0839844
2 0.0744629 0.400879 0.0678711 0.0751953
2 0.285889 0.381836 0.00341797 0.0390625
2 0.257324 0.390137 0.0244141 0.0400391
2 0.223877 0.396973 0.0356445 0.0458984
3 0.27002 0.368164 0.0302734 0.0722656
7 0.472412 0.423828 0.0239258 0.0449219
