1 0.63208 0.394043 0.00537109 0.0126953
1 0.662354 0.399414 0.0131836 0.0410156
1 0.0290527 0.418945 0.0366211 0.197266
1 0.3479 0.448242 0.0170898 0.0976562
2 0.477295 0.43457 0.0112305 0.0175781
2 0.43335 0.432617 0.0141602 0.0234375
2 0.45166 0.424805 0.0146484 0.0117188
2 0.453125 0.4375 0.015625 0.0234375
2 0.512451 0.436523 0.0180664 0.0429688
2 0.542969 0.440918 0.0380859 0.0615234
2 0.548828 0.441895 0.0224609 0.0595703
2 0.55542 0.44043 0.0219727 0.0625
2 0.567139 0.447266 0.0375977 0.0820312
2 0.604492 0.45166 0.0761719 0.100586
2 0.380615 0.424805 0.012207 0.0078125
2 0.373291 0.434082 0.0219727 0.0283203
2 0.362549 0.436035 0.0102539 0.0361328
2 0.357666 0.434082 0.0112305 0.0361328
2 0.400391 0.439453 0.0371094 0.0566406
2 0.287109 0.421387 0.0253906 0.0224609
2 0.269531 0.449707 0.0410156 0.0791016
2 0.313721 0.455078 0.0639648 0.0957031
7 0.626953 0.461426 0.0332031 0.0595703
7 0.654053 0.442383 0.00537109 0.0507812
7 0.688721 0.468262 0.0737305 0.112305
7 0.358398 0.449219 0.00683594 0.0214844
7 0.144287 0.464355 0.0327148 0.0771484
7 0.10498 0.468262 0.0185547 0.0712891
