1 0.598145 0.374512 0.00488281 0.0146484
1 0.515869 0.374512 0.00537109 0.0205078
1 0.701416 0.375488 0.0141602 0.0751953
1 0.760742 0.326172 0.0126953 0.0371094
5 0.766846 0.408203 0.0336914 0.203125
5 0.801514 0.405273 0.0688477 0.212891
2 0.893311 0.375977 0.0825195 0.0644531
2 0.606201 0.366699 0.00537109 0.00878906
2 0.563477 0.367188 0.0146484 0.0332031
2 0.599365 0.365234 0.00927734 0.0175781
2 0.226562 0.357422 0.105469 0.314453
2 0.651611 0.377441 0.0141602 0.0322266
8 0.279541 0.216797 0.211426 0.0429688
7 0.771973 0.467773 0.0117188 0.103516
7 0.795898 0.492188 0.0527344 0.164062
