1 0.158936 0.376465 0.00732422 0.0517578
1 0.00830078 0.366211 0.0107422 0.0605469
1 0.951416 0.0551758 0.0200195 0.0595703
1 0.989746 0.0498047 0.015625 0.0429688
1 0.974854 0.0498047 0.0229492 0.046875
1 0.574951 0.271973 0.00537109 0.0126953
1 0.861816 0.104492 0.0107422 0.0234375
1 0.834229 0.0957031 0.0112305 0.0234375
1 0.891113 0.0668945 0.0185547 0.0478516
1 0.905029 0.0625 0.0200195 0.0449219
1 0.978027 0.35791 0.0390625 0.237305
1 0.804688 0.104492 0.0136719 0.0605469
1 0.818848 0.102539 0.0205078 0.0566406
1 0.793701 0.11084 0.012207 0.0556641
1 0.886475 0.298828 0.0170898 0.0234375
1 0.786865 0.387695 0.0522461 0.195312
1 0.735352 0.441895 0.0664062 0.270508
1 0.67041 0.435059 0.0664062 0.268555
1 0.0629883 0.367188 0.0234375 0.0859375
1 0.0393066 0.357422 0.0444336 0.109375
1 0.184082 0.371094 0.0332031 0.0976562
1 0.200928 0.369141 0.0327148 0.0976562
1 0.109863 0.45459 0.0400391 0.260742
1 0.351318 0.422852 0.0541992 0.283203
1 0.357178 0.442871 0.0385742 0.264648
1 0.362549 0.23584 0.00537109 0.0185547
1 0.367432 0.239746 0.00439453 0.0224609
1 0.443115 0.426758 0.0541992 0.306641
1 0.504883 0.449219 0.0703125 0.253906
5 0.845703 0.352539 0.0703125 0.251953
2 0.531006 0.369629 0.0112305 0.0166016
2 0.481445 0.396484 0.00683594 0.0273438
2 0.553711 0.367676 0.00683594 0.0126953
2 0.486816 0.370117 0.0136719 0.0175781
2 0.486816 0.396484 0.0126953 0.0390625
2 0.522949 0.40332 0.0136719 0.0449219
7 0.874023 0.428223 0.0439453 0.0888672
7 0.841553 0.485352 0.164551 0.214844
7 0.898193 0.501465 0.187988 0.225586
