1 0.494141 0.354004 0.00585938 0.0146484
1 0.503662 0.362793 0.0102539 0.0361328
1 0.535889 0.380371 0.0151367 0.0908203
1 0.547363 0.410645 0.0224609 0.125977
1 0.411377 0.350098 0.00537109 0.0263672
1 0.418457 0.351562 0.00878906 0.0292969
1 0.426758 0.357422 0.0078125 0.0253906
1 0.433838 0.354004 0.00732422 0.0244141
1 0.442627 0.351074 0.00634766 0.0205078
1 0.448242 0.352539 0.00683594 0.0175781
1 0.396729 0.365723 0.00927734 0.0458984
1 0.372314 0.350586 0.00927734 0.0292969
1 0.374756 0.359863 0.012207 0.0283203
1 0.350098 0.40332 0.0273438 0.148438
1 0.340332 0.399902 0.0126953 0.147461
1 0.386475 0.406738 0.0200195 0.141602
1 0.408691 0.414551 0.0283203 0.131836
1 0.513672 0.407715 0.0234375 0.133789
1 0.457275 0.42627 0.0375977 0.15918
1 0.6521 0.419922 0.0356445 0.21875
1 0.624756 0.436523 0.0463867 0.199219
1 0.766846 0.466797 0.0639648 0.335938
1 0.948975 0.471191 0.0844727 0.491211
7 0.465088 0.45752 0.0200195 0.106445
