1 0.892334 0.393066 0.034668 0.110352
2 0.516357 0.419434 0.00732422 0.0107422
2 0.482666 0.424805 0.0112305 0.0507812
2 0.463135 0.422852 0.0307617 0.0644531
2 0.568604 0.404785 0.00634766 0.00878906
2 0.582764 0.439941 0.00341797 0.0263672
2 0.574219 0.424805 0.00976562 0.03125
2 0.549072 0.44043 0.0610352 0.0898438
2 0.444092 0.436523 0.0385742 0.0859375
2 0.430908 0.428223 0.027832 0.0576172
2 0.408447 0.454102 0.0532227 0.115234
2 0.61084 0.457031 0.0302734 0.103516
2 0.630371 0.461914 0.0351562 0.128906
2 0.655762 0.472656 0.0546875 0.166016
2 0.731445 0.483398 0.151367 0.222656
2 0.912354 0.609863 0.17041 0.522461
2 0.357422 0.476562 0.0878906 0.171875
2 0.285156 0.510742 0.120117 0.236328
2 0.134033 0.57373 0.262207 0.40918
7 0.440186 0.470215 0.0131836 0.0400391
