1 0.555908 0.430664 0.0141602 0.105469
1 0.570557 0.433105 0.019043 0.100586
1 0.690186 0.425293 0.034668 0.192383
1 0.766846 0.430664 0.0258789 0.179688
1 0.722168 0.423828 0.0273438 0.183594
2 0.0217285 0.431641 0.0317383 0.00976562
2 0.0471191 0.432129 0.0180664 0.0146484
2 0.0932617 0.43457 0.0195312 0.0195312
2 0.386719 0.457031 0.0263672 0.0957031
2 0.427246 0.450195 0.0644531 0.132812
2 0.484131 0.458496 0.101074 0.145508
2 0.25 0.458008 0.0146484 0.09375
2 0.202393 0.462891 0.117676 0.158203
