1 0.0661621 0.37793 0.0356445 0.0722656
1 0.168213 0.388184 0.0239258 0.0517578
1 0.27832 0.401855 0.00683594 0.0263672
1 0.258789 0.385254 0.0390625 0.0595703
2 0.539307 0.408203 0.00537109 0.0214844
2 0.561279 0.387695 0.00732422 0.0136719
2 0.567139 0.388672 0.00830078 0.0117188
2 0.568115 0.40332 0.0131836 0.0214844
2 0.575928 0.385742 0.00927734 0.0136719
2 0.594727 0.416504 0.0214844 0.0322266
2 0.626465 0.419434 0.03125 0.0478516
2 0.718994 0.432129 0.0307617 0.0947266
2 0.673096 0.437988 0.0620117 0.100586
2 0.746338 0.440918 0.0620117 0.124023
2 0.795166 0.458984 0.0786133 0.154297
2 0.858643 0.473633 0.11377 0.208984
2 0.938965 0.504395 0.117188 0.34082
2 0.437256 0.46582 0.0932617 0.148438
