1 0.644287 0.42334 0.00732422 0.0537109
1 0.62793 0.416504 0.0185547 0.0791016
1 0.662109 0.436035 0.0136719 0.0966797
1 0.706299 0.437012 0.0327148 0.188477
1 0.822266 0.454102 0.0205078 0.212891
1 0.802246 0.450195 0.0429688 0.279297
1 0.849365 0.508301 0.00927734 0.0458984
1 0.850098 0.448242 0.0253906 0.230469
1 0.897949 0.458984 0.0234375 0.162109
1 0.873291 0.453613 0.0395508 0.27832
1 0.280029 0.425293 0.00927734 0.15918
1 0.127441 0.395508 0.0390625 0.09375
1 0.188965 0.411133 0.0292969 0.134766
1 0.956299 0.564453 0.0170898 0.046875
1 0.94165 0.458008 0.111816 0.447266
2 0.297363 0.365723 0.0400391 0.151367
2 0.0537109 0.344238 0.101562 0.155273
6 0.169434 0.436035 0.0458984 0.15332
6 0.256104 0.44043 0.0678711 0.15625
6 0.304688 0.453125 0.0351562 0.103516
6 0.351318 0.465332 0.0883789 0.198242
6 0.406982 0.448242 0.0883789 0.253906
6 0.515381 0.452637 0.211426 0.276367
6 0.962158 0.714844 0.0708008 0.240234
7 0.122559 0.444824 0.0371094 0.12207
