1 0.0991211 0.34375 0.0136719 0.0429688
1 0.555908 0.356934 0.00927734 0.0439453
1 0.746582 0.335938 0.00976562 0.0351562
1 0.681885 0.341797 0.0180664 0.0878906
1 0.707275 0.344727 0.0102539 0.0390625
1 0.720215 0.354004 0.0224609 0.0517578
1 0.753662 0.352051 0.0161133 0.0322266
1 0.782715 0.337402 0.0166016 0.0244141
1 0.748535 0.375977 0.0292969 0.0859375
1 0.769287 0.375 0.0219727 0.0839844
1 0.833252 0.336914 0.0131836 0.0175781
1 0.824463 0.335449 0.00537109 0.0205078
1 0.802734 0.375 0.0253906 0.0859375
1 0.820801 0.358398 0.0234375 0.0605469
1 0.848633 0.351074 0.0214844 0.0224609
1 0.848389 0.361816 0.019043 0.0615234
1 0.887695 0.34668 0.015625 0.0507812
1 0.902344 0.376465 0.015625 0.0849609
1 0.915283 0.355469 0.0229492 0.046875
1 0.986816 0.355469 0.0126953 0.03125
1 0.157959 0.369141 0.00634766 0.0195312
1 0.637695 0.369141 0.0390625 0.136719
1 0.0065918 0.388672 0.00732422 0.144531
1 0.0527344 0.346191 0.00488281 0.0224609
1 0.048584 0.361816 0.012207 0.0517578
1 0.0402832 0.36084 0.0209961 0.0498047
1 0.0803223 0.325684 0.00732422 0.0400391
1 0.147217 0.403809 0.0288086 0.0673828
1 0.0786133 0.371094 0.00976562 0.0625
1 0.133301 0.321289 0.0195312 0.0507812
1 0.136719 0.337402 0.0107422 0.0185547
1 0.127197 0.344727 0.0112305 0.03125
1 0.118164 0.353516 0.0166016 0.0449219
1 0.106689 0.351074 0.0102539 0.0185547
1 0.0166016 0.396973 0.0273438 0.206055
1 0.0905762 0.397949 0.0307617 0.106445
1 0.0661621 0.378906 0.0258789 0.169922
1 0.123535 0.401855 0.0253906 0.0771484
1 0.259033 0.359375 0.00927734 0.0722656
1 0.251221 0.360352 0.0131836 0.0722656
1 0.283447 0.34668 0.0200195 0.107422
1 0.186279 0.370117 0.0249023 0.166016
1 0.146973 0.372559 0.0390625 0.15918
1 0.243652 0.328125 0.0107422 0.0820312
1 0.231445 0.36084 0.03125 0.143555
1 0.271729 0.368652 0.0209961 0.12793
1 0.434326 0.351074 0.0112305 0.0498047
1 0.536133 0.368164 0.0322266 0.142578
1 0.480957 0.369141 0.0283203 0.152344
5 0.529785 0.365723 0.00878906 0.0244141
2 0.459229 0.375 0.0219727 0.00976562
6 0.530518 0.375 0.00341797 0.00585938
