1 0.568115 0.415527 0.00830078 0.0107422
1 0.466309 0.438477 0.00585938 0.0566406
1 0.483398 0.442871 0.015625 0.0654297
1 0.175537 0.429199 0.034668 0.131836
2 0.498779 0.38916 0.00537109 0.00878906
2 0.497559 0.396973 0.00585938 0.00878906
2 0.498047 0.405762 0.00683594 0.0107422
2 0.502441 0.43457 0.0107422 0.0253906
2 0.518066 0.448242 0.0341797 0.0585938
2 0.553955 0.450684 0.0151367 0.0556641
2 0.5625 0.453125 0.0224609 0.0644531
2 0.566406 0.456543 0.0146484 0.0693359
2 0.592041 0.450684 0.0541992 0.100586
2 0.607422 0.463867 0.0585938 0.0996094
2 0.655762 0.487305 0.0839844 0.169922
2 0.715332 0.507812 0.111328 0.222656
2 0.858154 0.549805 0.278809 0.400391
2 0.457031 0.441406 0.0253906 0.0507812
2 0.434082 0.44873 0.0263672 0.0693359
2 0.422607 0.454102 0.0258789 0.0800781
2 0.416992 0.458984 0.0224609 0.0898438
2 0.390137 0.462402 0.0576172 0.106445
2 0.347168 0.476562 0.0517578 0.162109
2 0.280273 0.498047 0.146484 0.203125
2 0.100586 0.608398 0.195312 0.457031
3 0.532959 0.405273 0.0288086 0.0410156
