1 0.531738 0.430664 0.00585938 0.0234375
1 0.331787 0.44873 0.012207 0.0654297
5 0.508301 0.436523 0.00878906 0.0371094
2 0.491943 0.430176 0.00634766 0.0107422
2 0.499756 0.430176 0.00634766 0.00878906
2 0.487061 0.431152 0.00537109 0.0107422
2 0.48291 0.432617 0.00683594 0.00976562
2 0.4729 0.43457 0.0112305 0.0195312
2 0.463867 0.43457 0.0126953 0.0195312
2 0.461426 0.4375 0.00878906 0.0175781
2 0.453369 0.441406 0.012207 0.0292969
2 0.438965 0.438477 0.0234375 0.0410156
2 0.436768 0.443359 0.012207 0.0371094
2 0.426758 0.445801 0.0195312 0.0458984
2 0.40625 0.447266 0.0351562 0.0507812
6 0.55835 0.439453 0.00634766 0.0273438
6 0.495117 0.44043 0.00488281 0.0234375
7 0.509033 0.445312 0.00341797 0.0195312
