1 0.5979 0.391602 0.00830078 0.0195312
1 0.838379 0.398438 0.0224609 0.105469
1 0.855957 0.394531 0.0195312 0.109375
2 0.571289 0.38623 0.0136719 0.0146484
2 0.563721 0.403809 0.019043 0.0283203
2 0.580078 0.405762 0.0244141 0.0302734
2 0.655518 0.418945 0.050293 0.0742188
2 0.722168 0.428711 0.0839844 0.119141
2 0.944336 0.543945 0.106445 0.341797
2 0.527832 0.395996 0.0195312 0.0244141
2 0.512207 0.399414 0.0253906 0.0214844
2 0.367188 0.415527 0.0078125 0.0322266
2 0.287842 0.42627 0.0395508 0.0478516
2 0.242676 0.430664 0.0390625 0.0507812
2 0.216797 0.433105 0.0273438 0.0517578
2 0.196045 0.437012 0.0356445 0.0654297
