1 0.515137 0.438477 0.00976562 0.0332031
2 0.55542 0.441895 0.0161133 0.0244141
2 0.566162 0.445801 0.0161133 0.0400391
2 0.580322 0.446289 0.0229492 0.0527344
2 0.584229 0.454102 0.0249023 0.0585938
2 0.611084 0.460938 0.034668 0.0800781
2 0.616455 0.470215 0.034668 0.0947266
2 0.645996 0.475586 0.0576172 0.125
2 0.69165 0.491699 0.0893555 0.166992
2 0.748047 0.524414 0.115234 0.230469
2 0.871826 0.570312 0.251465 0.376953
2 0.960693 0.722656 0.0737305 0.402344
2 0.472656 0.45166 0.0175781 0.0517578
2 0.457764 0.45752 0.027832 0.0712891
2 0.442383 0.463379 0.0224609 0.0947266
2 0.421631 0.462891 0.0424805 0.117188
2 0.409668 0.472168 0.0351562 0.129883
2 0.359619 0.478027 0.0942383 0.176758
2 0.287598 0.519531 0.148438 0.224609
2 0.0905762 0.656738 0.175293 0.59082
2 0.527588 0.435547 0.0112305 0.0195312
