1 0.283203 0.383301 0.00976562 0.0283203
1 0.871582 0.380371 0.0341797 0.209961
1 0.907715 0.42041 0.0693359 0.331055
1 0.792236 0.419434 0.0756836 0.260742
1 0.0256348 0.410156 0.0170898 0.0644531
1 0.0629883 0.407227 0.0078125 0.0761719
1 0.439697 0.395508 0.0112305 0.0566406
1 0.371826 0.37207 0.00439453 0.00976562
1 0.375 0.374512 0.00976562 0.0283203
1 0.327148 0.398438 0.0117188 0.0664062
1 0.316895 0.397461 0.0166016 0.0664062
1 0.0803223 0.408691 0.0112305 0.0732422
1 0.0695801 0.400879 0.0180664 0.0556641
1 0.122803 0.404297 0.0141602 0.078125
1 0.111084 0.408691 0.0112305 0.0693359
1 0.101074 0.405273 0.0136719 0.09375
1 0.126953 0.406738 0.0185547 0.0751953
1 0.585693 0.375 0.00537109 0.0253906
1 0.180908 0.410645 0.0170898 0.0400391
1 0.220459 0.402344 0.0200195 0.0761719
1 0.22876 0.405273 0.0200195 0.0722656
1 0.541992 0.375 0.00488281 0.0273438
1 0.513428 0.384766 0.00537109 0.0117188
1 0.525391 0.388184 0.00195312 0.00488281
1 0.25 0.404297 0.015625 0.0664062
1 0.5354 0.378906 0.0102539 0.0214844
1 0.256836 0.40332 0.0136719 0.0664062
1 0.618896 0.375977 0.00634766 0.0195312
1 0.54834 0.373047 0.0136719 0.0332031
1 0.559082 0.375977 0.00878906 0.0273438
1 0.57373 0.372559 0.0078125 0.0322266
1 0.581055 0.376465 0.00878906 0.0224609
1 0.576416 0.380859 0.0102539 0.015625
1 0.564453 0.381348 0.00683594 0.0146484
1 0.61377 0.373535 0.0117188 0.0263672
1 0.603516 0.376953 0.00683594 0.0195312
1 0.598145 0.376465 0.0107422 0.0224609
1 0.627197 0.372559 0.00830078 0.0244141
1 0.520508 0.378906 0.00976562 0.0234375
1 0.502686 0.376465 0.00634766 0.0283203
1 0.644531 0.393066 0.0166016 0.112305
1 0.672852 0.39209 0.015625 0.116211
1 0.698975 0.40332 0.0356445 0.177734
1 0.658447 0.408203 0.0307617 0.179688
5 0.388428 0.381836 0.0170898 0.0429688
2 0.360596 0.422363 0.065918 0.0810547
7 0.0268555 0.425781 0.0283203 0.03125
7 0.17041 0.414551 0.0166016 0.0439453
