1 0.661865 0.439453 0.0170898 0.167969
1 0.0734863 0.439453 0.00537109 0.0292969
1 0.0810547 0.437988 0.0078125 0.0283203
1 0.0947266 0.4375 0.00683594 0.03125
1 0.165039 0.416504 0.00585938 0.00683594
1 0.219482 0.438477 0.0102539 0.0585938
1 0.226562 0.438477 0.0146484 0.0585938
1 0.533203 0.439941 0.0175781 0.110352
1 0.515869 0.438477 0.0209961 0.117188
1 0.647217 0.444336 0.034668 0.167969
1 0.361816 0.446777 0.0107422 0.0966797
1 0.866699 0.438477 0.0478516 0.228516
1 0.897461 0.407715 0.0185547 0.12793
1 0.912842 0.410156 0.0336914 0.148438
1 0.937256 0.439941 0.0200195 0.0654297
1 0.281738 0.443848 0.00976562 0.0751953
2 0.117432 0.453613 0.0463867 0.0771484
2 0.149902 0.464844 0.0576172 0.0742188
2 0.165283 0.464355 0.0668945 0.0888672
6 0.728027 0.493164 0.110352 0.140625
7 0.821289 0.497559 0.0976562 0.192383
7 0.433105 0.469727 0.0410156 0.078125
