1 0.221191 0.410645 0.0205078 0.0380859
2 0.508545 0.441895 0.0249023 0.0224609
2 0.487549 0.441406 0.019043 0.0195312
2 0.46167 0.441406 0.0141602 0.0273438
2 0.429443 0.439941 0.0219727 0.0458984
2 0.409912 0.444336 0.0327148 0.0625
2 0.407471 0.45166 0.0288086 0.0517578
2 0.380615 0.45752 0.0258789 0.0673828
2 0.369385 0.464844 0.034668 0.0820312
2 0.334473 0.466309 0.0546875 0.0947266
2 0.284912 0.484863 0.0688477 0.120117
2 0.2229 0.503418 0.14209 0.15332
2 0.548096 0.437988 0.0102539 0.0400391
2 0.563232 0.435547 0.0258789 0.0742188
2 0.567871 0.438477 0.0185547 0.0625
2 0.59668 0.44873 0.0410156 0.0888672
2 0.622314 0.436035 0.050293 0.0654297
2 0.630127 0.465332 0.0424805 0.124023
2 0.73291 0.489746 0.0751953 0.229492
2 0.834717 0.474609 0.189941 0.240234
2 0.908447 0.540527 0.178223 0.481445
