1 0.844727 0.415527 0.0175781 0.0712891
1 0.473145 0.37207 0.00390625 0.015625
1 0.467773 0.37207 0.00683594 0.0136719
1 0.570068 0.435059 0.0102539 0.00683594
1 0.589844 0.401367 0.0214844 0.09375
1 0.773926 0.411133 0.00878906 0.0605469
1 0.810303 0.414062 0.0151367 0.0761719
1 0.857666 0.412598 0.0141602 0.0810547
2 0.251465 0.389648 0.0556641 0.0449219
2 0.183105 0.414062 0.09375 0.09375
2 0.119873 0.408691 0.0737305 0.12207
2 0.0224609 0.42041 0.0390625 0.125977
2 0.344971 0.391602 0.0366211 0.0546875
2 0.571777 0.407715 0.0439453 0.0673828
2 0.635254 0.383789 0.0117188 0.015625
2 0.634033 0.398438 0.0131836 0.0214844
8 0.591064 0.372559 0.0473633 0.0732422
