1 0.504883 0.404785 0.00488281 0.0244141
1 0.510498 0.406738 0.00830078 0.0283203
1 0.55835 0.405762 0.00244141 0.0361328
1 0.565918 0.404785 0.00488281 0.0400391
1 0.595215 0.408691 0.0117188 0.0537109
1 0.615967 0.390625 0.00732422 0.0253906
1 0.664795 0.362793 0.00927734 0.0205078
1 0.736084 0.399414 0.0268555 0.125
1 0.379639 0.414062 0.00537109 0.0351562
1 0.296143 0.435059 0.0131836 0.0283203
1 0.278564 0.434082 0.0131836 0.0634766
1 0.265381 0.435547 0.00927734 0.0644531
5 0.484863 0.404785 0.00585938 0.0224609
5 0.470703 0.402832 0.00488281 0.0205078
2 0.474121 0.405273 0.0166016 0.0214844
2 0.551514 0.405762 0.012207 0.0166016
2 0.668945 0.441895 0.107422 0.143555
2 0.112305 0.428223 0.0175781 0.0146484
4 0.406738 0.399414 0.046875 0.0742188
7 0.0153809 0.520508 0.0249023 0.0859375
7 0.484619 0.411133 0.012207 0.0117188
7 0.469482 0.411133 0.0102539 0.0117188
7 0.900635 0.433105 0.0883789 0.200195
7 0.58667 0.416504 0.00830078 0.0302734
7 0.606445 0.443359 0.015625 0.0390625
7 0.330078 0.433594 0.0107422 0.0292969
