2 0.687988 0.477539 0.0673828 0.107422
2 0.416016 0.469238 0.00976562 0.0185547
2 0.367676 0.469727 0.0214844 0.0351562
2 0.358887 0.470703 0.015625 0.0351562
2 0.328613 0.476562 0.0244141 0.0585938
2 0.296631 0.489258 0.0307617 0.0800781
2 0.278564 0.491699 0.0268555 0.0947266
2 0.242188 0.495605 0.0742188 0.108398
2 0.168701 0.513184 0.0883789 0.151367
2 0.0744629 0.533203 0.143066 0.189453
2 0.437744 0.467285 0.034668 0.0654297
2 0.440186 0.478027 0.0317383 0.0537109
2 0.537109 0.477051 0.0712891 0.116211
7 0.834229 0.58252 0.11377 0.223633
7 0.491699 0.492188 0.0234375 0.0507812
