1 0.391846 0.395996 0.00634766 0.0380859
1 0.4375 0.399902 0.00585938 0.0341797
1 0.477539 0.398926 0.00585938 0.0322266
1 0.453613 0.398926 0.0078125 0.0322266
1 0.428223 0.393555 0.00585938 0.0214844
1 0.419922 0.394531 0.00976562 0.0449219
1 0.513916 0.397461 0.00732422 0.0332031
1 0.483643 0.40332 0.00732422 0.0292969
1 0.526855 0.399902 0.00878906 0.0341797
1 0.552002 0.39209 0.0161133 0.0673828
1 0.570801 0.395996 0.0214844 0.0595703
1 0.568115 0.393066 0.0141602 0.0693359
1 0.675781 0.389648 0.0214844 0.107422
1 0.765381 0.395508 0.0385742 0.199219
1 0.995605 0.422363 0.00390625 0.0908203
1 0.374512 0.39209 0.0078125 0.0341797
1 0.297607 0.387695 0.00732422 0.0253906
1 0.291016 0.402344 0.00488281 0.0507812
1 0.287354 0.402832 0.00634766 0.0400391
1 0.282227 0.401855 0.00585938 0.0478516
1 0.275146 0.391113 0.00439453 0.0263672
1 0.27832 0.398926 0.00585938 0.0478516
1 0.272217 0.400391 0.0102539 0.0410156
1 0.259766 0.399902 0.00878906 0.0400391
1 0.256348 0.402832 0.0117188 0.0458984
1 0.24585 0.385742 0.00439453 0.015625
1 0.241455 0.384766 0.00537109 0.0195312
1 0.235107 0.386719 0.00927734 0.0175781
1 0.22583 0.386719 0.00634766 0.0195312
1 0.221924 0.388184 0.00634766 0.0205078
1 0.141357 0.405762 0.00830078 0.0517578
1 0.182617 0.404297 0.0117188 0.0527344
1 0.197266 0.399414 0.0107422 0.0585938
1 0.152344 0.413574 0.0078125 0.0341797
1 0.120117 0.410645 0.00390625 0.0458984
1 0.123291 0.396973 0.00927734 0.0263672
2 0.335449 0.437012 0.0957031 0.157227
2 0.159912 0.408691 0.0131836 0.0361328
2 0.125977 0.414062 0.0263672 0.0351562
2 0.0437012 0.421387 0.034668 0.0615234
2 0.0178223 0.40625 0.0297852 0.0957031
4 0.389404 0.395996 0.0444336 0.0322266
6 0.748291 0.404297 0.0170898 0.0527344
7 0.661133 0.40918 0.00488281 0.0253906
7 0.896729 0.407227 0.0209961 0.0683594
