1 0.856934 0.466309 0.00878906 0.106445
1 0.861328 0.427734 0.0146484 0.181641
1 0.800293 0.432129 0.0302734 0.200195
1 0.825684 0.42041 0.0371094 0.223633
5 0.768066 0.417969 0.0126953 0.0488281
2 0.0563965 0.438477 0.0444336 0.0175781
2 0.0422363 0.444336 0.0375977 0.0195312
2 0.00952148 0.444824 0.0131836 0.0126953
2 0.0109863 0.448242 0.0102539 0.0117188
2 0.00952148 0.465332 0.0131836 0.0283203
2 0.032959 0.459961 0.0180664 0.015625
2 0.195557 0.444824 0.0112305 0.0107422
2 0.176514 0.466309 0.0415039 0.0615234
2 0.25415 0.459473 0.0375977 0.0419922
2 0.11499 0.47998 0.0522461 0.0732422
2 0.0585938 0.489258 0.0859375 0.0859375
2 0.446045 0.444824 0.0639648 0.0771484
2 0.523682 0.435059 0.0366211 0.0341797
2 0.642578 0.42627 0.0234375 0.0498047
2 0.630127 0.429688 0.0356445 0.0507812
2 0.61792 0.430664 0.0385742 0.0566406
2 0.76416 0.435547 0.0126953 0.015625
7 0.76709 0.431641 0.00488281 0.0234375
