1 0.323486 0.381836 0.0151367 0.0429688
1 0.407227 0.40625 0.00683594 0.0585938
1 0.440674 0.402832 0.0102539 0.0439453
1 0.429199 0.402344 0.00976562 0.0429688
1 0.598877 0.399902 0.0102539 0.0576172
1 0.618896 0.383301 0.00927734 0.0361328
1 0.612305 0.391602 0.00976562 0.0507812
5 0.297363 0.414062 0.0390625 0.201172
2 0.0620117 0.368652 0.0332031 0.0498047
2 0.31958 0.417969 0.0795898 0.09375
2 0.254639 0.438477 0.0727539 0.152344
2 0.154053 0.446777 0.159668 0.219727
2 0.0668945 0.506836 0.12793 0.253906
2 0.544678 0.408203 0.0581055 0.103516
2 0.637939 0.434082 0.065918 0.108398
2 0.688232 0.459473 0.0922852 0.204102
2 0.832764 0.447266 0.253418 0.408203
2 0.903076 0.565918 0.188965 0.500977
7 0.295166 0.469238 0.0327148 0.133789
