1 0.474365 0.429688 0.00732422 0.0234375
1 0.5271 0.42627 0.0112305 0.0361328
5 0.72998 0.46875 0.0634766 0.214844
5 0.876953 0.474609 0.0625 0.226562
2 0.276611 0.4375 0.0131836 0.0214844
2 0.138184 0.541016 0.270508 0.328125
2 0.325439 0.437012 0.0131836 0.0361328
2 0.335938 0.437012 0.015625 0.0419922
2 0.346436 0.4375 0.019043 0.0449219
2 0.356934 0.442383 0.0263672 0.0527344
2 0.376465 0.445312 0.0253906 0.0761719
2 0.409912 0.463379 0.0795898 0.116211
2 0.302002 0.436523 0.0307617 0.0527344
7 0.864258 0.513672 0.132812 0.162109
