1 0.179932 0.41748 0.0356445 0.0810547
5 0.367676 0.456055 0.0361328 0.152344
2 0.509521 0.418945 0.0102539 0.0234375
2 0.511475 0.425781 0.00927734 0.0234375
2 0.469971 0.426758 0.012207 0.0273438
2 0.460205 0.433105 0.00830078 0.0302734
2 0.455322 0.43457 0.0112305 0.0351562
2 0.44751 0.432129 0.012207 0.0322266
2 0.442627 0.4375 0.012207 0.0429688
2 0.439697 0.439453 0.012207 0.046875
2 0.431152 0.441406 0.0185547 0.0507812
2 0.423828 0.446289 0.0166016 0.0605469
2 0.409912 0.448242 0.027832 0.0683594
2 0.533203 0.417969 0.0351562 0.0722656
2 0.528076 0.4375 0.0200195 0.0605469
2 0.542236 0.416992 0.0141602 0.0214844
2 0.487305 0.438965 0.0351562 0.0576172
2 0.530273 0.442871 0.0136719 0.0576172
2 0.542236 0.44873 0.0209961 0.0830078
2 0.557373 0.454102 0.0375977 0.101562
2 0.609375 0.454102 0.0986328 0.216797
2 0.37207 0.480469 0.0410156 0.0625
2 0.393066 0.452637 0.0224609 0.0869141
2 0.30542 0.449707 0.100098 0.166992
2 0.273926 0.493164 0.101562 0.152344
7 0.8125 0.455566 0.0449219 0.12793
7 0.217773 0.506348 0.0517578 0.145508
7 0.733154 0.442383 0.0317383 0.09375
7 0.70166 0.447266 0.0292969 0.0800781
7 0.68457 0.442871 0.0302734 0.0888672
7 0.841797 0.46582 0.0419922 0.136719
7 0.367676 0.492188 0.0351562 0.115234
7 0.0739746 0.552246 0.10498 0.192383
7 0.181152 0.530762 0.0664062 0.147461
