1 0.481934 0.497559 0.0078125 0.0478516
1 0.492188 0.505371 0.0166016 0.0517578
1 0.637939 0.517578 0.0151367 0.078125
1 0.651123 0.506348 0.00927734 0.0771484
1 0.677979 0.525879 0.0180664 0.0771484
1 0.628418 0.53418 0.0664062 0.277344
1 0.591797 0.537598 0.0380859 0.276367
1 0.545654 0.550781 0.0512695 0.320312
1 0.455811 0.509766 0.0385742 0.242188
1 0.426514 0.532227 0.0493164 0.207031
1 0.411865 0.540039 0.0415039 0.355469
1 0.36499 0.524414 0.0561523 0.302734
1 0.418457 0.556641 0.0595703 0.353516
1 0.299805 0.524414 0.0537109 0.236328
1 0.330322 0.541016 0.0561523 0.285156
1 0.707275 0.538086 0.0444336 0.263672
1 0.26416 0.506836 0.03125 0.205078
1 0.207764 0.525391 0.0668945 0.251953
1 0.126953 0.542969 0.0712891 0.314453
1 0.0646973 0.552734 0.0786133 0.339844
1 0.0275879 0.54248 0.0493164 0.422852
1 0.871582 0.543945 0.0537109 0.349609
1 0.852051 0.557617 0.0712891 0.34375
1 0.954834 0.538574 0.0288086 0.336914
1 0.931396 0.577148 0.0405273 0.341797
1 0.953857 0.549316 0.0620117 0.426758
2 0.549561 0.515625 0.0678711 0.173828
2 0.441162 0.51709 0.0874023 0.131836
7 0.658936 0.556152 0.0366211 0.112305
7 0.766113 0.54248 0.0224609 0.116211
7 0.753174 0.540039 0.0297852 0.126953
7 0.927734 0.582031 0.107422 0.136719
7 0.985596 0.601562 0.0239258 0.15625
7 0.990479 0.631348 0.0141602 0.0927734
