1 0.679688 0.476074 0.00878906 0.0224609
1 0.735352 0.465332 0.0107422 0.0302734
1 0.753662 0.46875 0.00830078 0.0292969
1 0.851074 0.457031 0.0185547 0.0507812
2 0.474365 0.481445 0.027832 0.0625
2 0.473145 0.494629 0.0107422 0.0380859
2 0.405762 0.446777 0.0400391 0.0380859
2 0.440918 0.491211 0.0576172 0.0976562
2 0.291504 0.504883 0.0673828 0.09375
2 0.228271 0.497559 0.10791 0.145508
2 0.107666 0.524414 0.140137 0.152344
2 0.0192871 0.55127 0.0327148 0.137695
2 0.515869 0.5 0.0668945 0.107422
2 0.369629 0.510254 0.113281 0.151367
