2 0.386475 0.413086 0.00537109 0.0234375
2 0.39209 0.412109 0.0126953 0.0253906
2 0.397705 0.414551 0.0141602 0.0263672
2 0.4104 0.416016 0.0180664 0.0273438
2 0.432617 0.419922 0.0244141 0.03125
2 0.457764 0.423828 0.0141602 0.0351562
2 0.469238 0.424316 0.0253906 0.0380859
2 0.486816 0.42627 0.03125 0.0419922
2 0.506836 0.432617 0.0234375 0.0488281
2 0.520996 0.43457 0.0224609 0.0585938
2 0.549072 0.446289 0.0239258 0.0664062
2 0.57251 0.447266 0.0473633 0.0820312
2 0.585205 0.456055 0.0424805 0.0898438
2 0.62085 0.46582 0.0668945 0.117188
2 0.656494 0.478027 0.0805664 0.149414
2 0.731934 0.500488 0.146484 0.192383
2 0.888184 0.566895 0.21875 0.360352
2 0.955322 0.655762 0.0844727 0.368164
