5 0.334473 0.393066 0.0205078 0.0458984
5 0.370117 0.400879 0.0146484 0.0400391
2 0.593018 0.382324 0.0180664 0.0185547
2 0.492188 0.397461 0.0244141 0.0253906
2 0.428711 0.382324 0.0292969 0.0419922
2 0.446533 0.398438 0.0327148 0.0351562
2 0.41626 0.401367 0.0317383 0.0390625
2 0.321045 0.385742 0.027832 0.0253906
2 0.369385 0.404297 0.0297852 0.0371094
2 0.208252 0.426758 0.0717773 0.0839844
2 0.11084 0.425293 0.0849609 0.0830078
2 0.5271 0.399902 0.0209961 0.0458984
2 0.539795 0.41748 0.0327148 0.0537109
6 0.369141 0.413574 0.0166016 0.0341797
6 0.33667 0.419434 0.0161133 0.0322266
