1 0.0297852 0.425293 0.0234375 0.112305
1 0.684814 0.395508 0.00927734 0.0488281
1 0.698242 0.39502 0.00585938 0.0458984
1 0.763184 0.390137 0.015625 0.12207
2 0.649658 0.395996 0.00927734 0.0322266
2 0.379883 0.415527 0.0527344 0.0654297
2 0.651123 0.397949 0.00927734 0.0380859
2 0.516602 0.40625 0.0078125 0.0234375
2 0.50415 0.405762 0.0229492 0.0302734
2 0.527344 0.401367 0.00390625 0.0273438
2 0.542725 0.397949 0.027832 0.0556641
2 0.570801 0.400391 0.00878906 0.0292969
2 0.587646 0.402832 0.0317383 0.0498047
2 0.616699 0.397949 0.00878906 0.0126953
2 0.63916 0.395996 0.00488281 0.0224609
2 0.632812 0.396973 0.0136719 0.0224609
2 0.660889 0.398926 0.0219727 0.0400391
2 0.665039 0.401855 0.0244141 0.0400391
2 0.761719 0.392578 0.0322266 0.0683594
2 0.76416 0.407227 0.0234375 0.0410156
2 0.831299 0.389648 0.124512 0.0917969
3 0.625 0.391602 0.00195312 0.0234375
3 0.618164 0.390625 0.0117188 0.0253906
8 0.611572 0.340332 0.11377 0.0263672
7 0.177002 0.430176 0.027832 0.0439453
