5 0.315918 0.455566 0.0292969 0.147461
5 0.283203 0.45459 0.0439453 0.22168
2 0.0942383 0.496094 0.182617 0.189453
2 0.0400391 0.513184 0.0742188 0.188477
2 0.0302734 0.620117 0.0546875 0.15625
2 0.485596 0.414062 0.012207 0.0136719
2 0.361084 0.455078 0.127441 0.125
2 0.537109 0.426758 0.0126953 0.0566406
2 0.555176 0.424805 0.0361328 0.0664062
2 0.57251 0.438477 0.0356445 0.0820312
2 0.589844 0.449219 0.0273438 0.109375
2 0.631836 0.443359 0.0888672 0.166016
2 0.663086 0.461914 0.0625 0.189453
2 0.75415 0.458008 0.179199 0.300781
2 0.865234 0.539551 0.264648 0.397461
2 0.968018 0.679688 0.059082 0.419922
7 0.313477 0.492188 0.0234375 0.115234
7 0.279053 0.513184 0.0395508 0.145508
