1 0.0483398 0.409668 0.0107422 0.0517578
1 0.787354 0.364258 0.0102539 0.0644531
1 0.783203 0.362793 0.0166016 0.0751953
1 0.748535 0.368164 0.00585938 0.0546875
1 0.767822 0.368164 0.0131836 0.0566406
1 0.728271 0.372559 0.012207 0.0576172
1 0.75415 0.36377 0.0151367 0.0595703
1 0.741211 0.362305 0.0175781 0.0683594
1 0.797607 0.37207 0.00341797 0.0410156
2 0.220459 0.40918 0.0356445 0.0488281
2 0.460693 0.399902 0.0258789 0.0419922
2 0.475098 0.410156 0.00976562 0.0585938
2 0.374023 0.376465 0.0126953 0.00488281
2 0.388916 0.423828 0.0385742 0.0957031
2 0.424805 0.425781 0.0732422 0.105469
2 0.237793 0.416992 0.0302734 0.0703125
2 0.312012 0.447266 0.165039 0.25
4 0.534912 0.366211 0.109863 0.240234
