1 0.755859 0.420898 0.015625 0.0800781
1 0.770752 0.427246 0.0151367 0.0771484
1 0.79541 0.42041 0.0253906 0.0888672
1 0.718262 0.422363 0.00878906 0.0712891
1 0.726318 0.416992 0.0161133 0.107422
1 0.494141 0.423828 0.00878906 0.0605469
1 0.575439 0.422363 0.00830078 0.0341797
2 0.848877 0.421387 0.0356445 0.0771484
2 0.918945 0.425293 0.157227 0.254883
2 0.587646 0.420898 0.019043 0.0292969
2 0.594238 0.429688 0.0175781 0.0410156
2 0.619385 0.425293 0.034668 0.0673828
2 0.529785 0.446777 0.0712891 0.100586
2 0.355469 0.461914 0.0966797 0.125
4 0.676025 0.395996 0.0795898 0.174805
7 0.839844 0.445312 0.0107422 0.0585938
7 0.251465 0.375488 0.0244141 0.0595703
