1 0.756592 0.400391 0.0180664 0.109375
1 0.717773 0.402344 0.0195312 0.119141
1 0.801758 0.383789 0.0117188 0.0957031
1 0.786377 0.34668 0.00634766 0.0195312
1 0.791016 0.39502 0.0263672 0.118164
1 0.31665 0.39502 0.012207 0.0361328
1 0.306396 0.394531 0.00732422 0.0410156
1 0.334473 0.39209 0.0117188 0.0361328
5 0.698486 0.404785 0.027832 0.129883
5 0.591309 0.422852 0.0839844 0.28125
5 0.299072 0.395996 0.0151367 0.0400391
5 0.250488 0.409668 0.015625 0.0771484
2 0.792236 0.427734 0.000488281 0.00390625
2 0.520264 0.352539 0.0239258 0.015625
2 0.493896 0.352539 0.00732422 0.0351562
2 0.610107 0.379883 0.0112305 0.0214844
2 0.608887 0.359375 0.0107422 0.0214844
2 0.637207 0.360352 0.0078125 0.0234375
2 0.653809 0.369629 0.0263672 0.0419922
2 0.658691 0.371094 0.0185547 0.0390625
2 0.661865 0.371582 0.00146484 0.00292969
2 0.686279 0.388184 0.00927734 0.0419922
2 0.500244 0.351074 0.00927734 0.0126953
2 0.548096 0.365723 0.0102539 0.0205078
2 0.48584 0.36377 0.0205078 0.0419922
2 0.48291 0.376465 0.015625 0.0302734
2 0.481201 0.380371 0.0112305 0.0283203
2 0.4646 0.379395 0.0229492 0.0478516
2 0.457764 0.383301 0.0249023 0.0478516
2 0.518555 0.370117 0.00585938 0.0234375
2 0.506592 0.37793 0.0239258 0.0429688
2 0.540771 0.373047 0.0180664 0.0253906
6 0.013916 0.466797 0.0219727 0.0898438
7 0.697754 0.45166 0.0126953 0.0634766
7 0.344971 0.413086 0.0112305 0.015625
7 0.299316 0.412598 0.0078125 0.00683594
7 0.252441 0.444336 0.0117188 0.0410156
