1 0.364258 0.361816 0.00878906 0.0634766
1 0.494385 0.412598 0.0141602 0.0458984
1 0.505615 0.416504 0.0219727 0.0537109
1 0.330566 0.380371 0.015625 0.0791016
1 0.968506 0.435547 0.0209961 0.0761719
1 0.947754 0.445312 0.0488281 0.09375
1 0.986084 0.466797 0.0229492 0.175781
1 0.162109 0.436035 0.0292969 0.180664
1 0.274658 0.463867 0.0288086 0.238281
1 0.236816 0.456055 0.0478516 0.28125
1 0.303467 0.462402 0.0493164 0.297852
1 0.593262 0.478027 0.0478516 0.231445
1 0.552979 0.46875 0.0454102 0.253906
2 0.876465 0.475586 0.205078 0.167969
7 0.107422 0.431152 0.0185547 0.0810547
7 0.200195 0.445312 0.0185547 0.0683594
7 0.171143 0.454102 0.0385742 0.0585938
7 0.432129 0.465332 0.0224609 0.0712891
7 0.263916 0.500488 0.00927734 0.0810547
