1 0.989258 0.312988 0.0117188 0.0576172
1 0.872314 0.370605 0.00341797 0.0537109
1 0.861328 0.374023 0.00683594 0.0507812
1 0.917236 0.362793 0.0141602 0.0927734
1 0.149414 0.421875 0.0117188 0.0722656
1 0.506836 0.400391 0.00878906 0.0390625
2 0.412109 0.40625 0.0351562 0.0429688
2 0.496094 0.404297 0.0195312 0.0332031
2 0.72168 0.370117 0.0146484 0.0195312
2 0.713379 0.368652 0.0253906 0.0224609
2 0.485596 0.405762 0.0209961 0.0361328
2 0.472168 0.403809 0.0302734 0.0341797
2 0.441162 0.407227 0.0385742 0.0429688
2 0.263184 0.405762 0.237305 0.188477
2 0.616699 0.526855 0.232422 0.37207
7 0.802002 0.37793 0.019043 0.0253906
7 0.384033 0.419922 0.0112305 0.0371094
