2 0.452148 0.395508 0.00585938 0.0078125
2 0.439453 0.397949 0.00390625 0.0126953
2 0.450195 0.401367 0.00683594 0.015625
2 0.445068 0.403809 0.012207 0.0166016
2 0.475342 0.392578 0.00732422 0.0078125
2 0.515381 0.415527 0.00732422 0.0244141
2 0.744629 0.392578 0.0302734 0.0566406
2 0.522705 0.415039 0.0131836 0.0273438
2 0.531494 0.416992 0.0200195 0.0292969
2 0.560791 0.422363 0.027832 0.0478516
2 0.582764 0.425781 0.0297852 0.0703125
2 0.354248 0.431152 0.0288086 0.0419922
2 0.617188 0.429688 0.0615234 0.0820312
2 0.777832 0.387207 0.015625 0.0361328
2 0.293701 0.430176 0.0209961 0.0478516
2 0.937988 0.371094 0.015625 0.0195312
2 0.976807 0.380371 0.0415039 0.0634766
2 0.852783 0.45459 0.199707 0.229492
2 0.486572 0.429688 0.0522461 0.0722656
2 0.43335 0.41748 0.0151367 0.0205078
2 0.388184 0.425781 0.0244141 0.0273438
2 0.277588 0.436523 0.027832 0.0429688
2 0.247559 0.440918 0.0410156 0.0478516
3 0.394531 0.400391 0.015625 0.046875
3 0.408447 0.40625 0.019043 0.0449219
