1 0.594971 0.357422 0.00927734 0.0214844
1 0.631104 0.449707 0.0288086 0.141602
1 0.765625 0.441895 0.0458984 0.254883
2 0.553711 0.36377 0.0234375 0.0263672
2 0.533936 0.367188 0.0209961 0.03125
2 0.468994 0.380371 0.0170898 0.0244141
2 0.511475 0.398438 0.0161133 0.0546875
2 0.56958 0.367188 0.0112305 0.0292969
2 0.574463 0.370605 0.0131836 0.0341797
2 0.584229 0.375977 0.0200195 0.0371094
2 0.589844 0.383301 0.0205078 0.0380859
2 0.602051 0.381348 0.0224609 0.0185547
2 0.610352 0.382812 0.0205078 0.0117188
2 0.619873 0.383789 0.0141602 0.0117188
2 0.649902 0.416992 0.0263672 0.0527344
2 0.506836 0.448242 0.0361328 0.107422
2 0.49292 0.456543 0.0405273 0.131836
2 0.615479 0.438477 0.0776367 0.101562
2 0.698242 0.458984 0.0302734 0.109375
2 0.777344 0.447266 0.136719 0.183594
2 0.789062 0.476074 0.0869141 0.15918
2 0.907715 0.489746 0.179688 0.301758
2 0.456543 0.462402 0.0712891 0.168945
2 0.386475 0.477539 0.128418 0.238281
2 0.32373 0.495605 0.128906 0.280273
2 0.180908 0.619629 0.355957 0.612305
2 0.975586 0.532227 0.0439453 0.289062
