1 0.434814 0.435547 0.019043 0.0625
1 0.505859 0.427734 0.0107422 0.0859375
1 0.503418 0.432617 0.00585938 0.0761719
1 0.541992 0.43457 0.0185547 0.0859375
1 0.583496 0.433105 0.015625 0.0751953
1 0.595459 0.417969 0.0102539 0.0683594
1 0.5979 0.431641 0.0161133 0.078125
1 0.675781 0.438477 0.0302734 0.15625
1 0.630859 0.45166 0.0195312 0.198242
1 0.618652 0.454102 0.0273438 0.205078
1 0.809082 0.348145 0.0117188 0.0517578
1 0.822998 0.350586 0.0180664 0.03125
1 0.961914 0.342773 0.0263672 0.0722656
8 0.207275 0.37793 0.408691 0.746094
6 0.71582 0.549805 0.0253906 0.0761719
6 0.875977 0.523438 0.243164 0.373047
6 0.893555 0.499512 0.208008 0.489258
6 0.970459 0.634277 0.0541992 0.452148
7 0.848877 0.585449 0.129395 0.25293
7 0.906006 0.625 0.0854492 0.332031
7 0.929932 0.741211 0.065918 0.140625
