1 0.286377 0.358887 0.0219727 0.0986328
1 0.258057 0.369141 0.0317383 0.150391
1 0.330566 0.370605 0.00976562 0.0830078
1 0.342529 0.334473 0.00537109 0.0126953
1 0.321533 0.36377 0.0239258 0.100586
1 0.364258 0.356934 0.0146484 0.0693359
1 0.347656 0.393555 0.0292969 0.146484
1 0.587158 0.374512 0.019043 0.100586
1 0.62793 0.39502 0.0332031 0.165039
1 0.735107 0.40332 0.0395508 0.1875
1 0.76416 0.398438 0.0136719 0.0449219
1 0.771729 0.385742 0.0170898 0.03125
1 0.782959 0.377441 0.00830078 0.0185547
1 0.775879 0.432617 0.0283203 0.0976562
1 0.834473 0.42627 0.0449219 0.106445
5 0.165039 0.333008 0.0126953 0.0703125
5 0.37085 0.349609 0.00732422 0.046875
5 0.388916 0.352539 0.0112305 0.0605469
6 0.16333 0.347168 0.0141602 0.0419922
6 0.37207 0.381348 0.00683594 0.0166016
6 0.387695 0.37793 0.0126953 0.0273438
7 0.174316 0.349609 0.0136719 0.0332031
