1 0.449707 0.416504 0.0136719 0.0361328
1 0.440186 0.430176 0.00634766 0.0498047
1 0.418213 0.432617 0.0102539 0.0566406
1 0.425781 0.43457 0.00976562 0.0546875
2 0.536621 0.42041 0.0126953 0.0185547
2 0.523682 0.421387 0.0141602 0.0205078
2 0.52124 0.428223 0.0141602 0.0263672
2 0.544434 0.422852 0.0126953 0.015625
2 0.555908 0.42627 0.00732422 0.0224609
2 0.562744 0.426758 0.0141602 0.0390625
2 0.575684 0.427246 0.0253906 0.0517578
2 0.577393 0.436035 0.0131836 0.0498047
2 0.591553 0.431641 0.027832 0.0605469
2 0.595459 0.435547 0.0249023 0.0664062
2 0.603516 0.438965 0.0214844 0.0732422
2 0.638916 0.439941 0.0688477 0.133789
2 0.648926 0.452148 0.0371094 0.134766
2 0.689209 0.453125 0.0717773 0.169922
2 0.72583 0.466309 0.115723 0.19043
2 0.506348 0.430664 0.0107422 0.0273438
2 0.500244 0.432617 0.0102539 0.03125
2 0.498047 0.43457 0.00683594 0.0332031
2 0.491943 0.433105 0.0151367 0.0322266
2 0.4729 0.44043 0.0366211 0.0507812
2 0.390381 0.472656 0.0581055 0.109375
2 0.311768 0.479004 0.117676 0.155273
2 0.118652 0.527344 0.231445 0.285156
2 0.872803 0.518555 0.249512 0.380859
2 0.988281 0.655273 0.0185547 0.1875
7 0.369141 0.47998 0.0214844 0.0869141
