1 0.400635 0.410645 0.00634766 0.0498047
1 0.831299 0.336914 0.0161133 0.0449219
1 0.762207 0.356934 0.0136719 0.0166016
1 0.793213 0.346191 0.0258789 0.0439453
1 0.849609 0.334473 0.0205078 0.0400391
1 0.840576 0.342773 0.0141602 0.0273438
1 0.888916 0.321289 0.0151367 0.0371094
1 0.910645 0.317871 0.0292969 0.0673828
1 0.928223 0.32666 0.0322266 0.0576172
1 0.878174 0.318359 0.0375977 0.0683594
1 0.989502 0.353027 0.0161133 0.0771484
1 0.989502 0.411133 0.0161133 0.105469
2 0.414551 0.395508 0.0224609 0.0195312
2 0.398438 0.409668 0.03125 0.0380859
2 0.432861 0.413086 0.0600586 0.0507812
2 0.577637 0.401367 0.0185547 0.0644531
2 0.584717 0.410156 0.0209961 0.0800781
2 0.584961 0.419434 0.0185547 0.0830078
2 0.598877 0.409668 0.0297852 0.131836
2 0.676025 0.378906 0.147949 0.285156
2 0.732422 0.467773 0.134766 0.207031
2 0.865234 0.496582 0.250977 0.342773
2 0.954834 0.61084 0.0854492 0.31543
2 0.515625 0.4375 0.12207 0.205078
2 0.3396 0.424316 0.0268555 0.0673828
2 0.325195 0.428223 0.0341797 0.0732422
2 0.304443 0.433594 0.0356445 0.0859375
2 0.262939 0.433594 0.0629883 0.107422
2 0.19165 0.438477 0.0961914 0.144531
2 0.0900879 0.474609 0.153809 0.152344
2 0.00976562 0.541504 0.0136719 0.0849609
2 0.524414 0.332031 0.0390625 0.015625
3 0.32666 0.378906 0.145508 0.115234
7 0.375977 0.413574 0.00976562 0.0283203
