1 0.202881 0.409668 0.00927734 0.0224609
1 0.193604 0.419922 0.0112305 0.0429688
2 0.652588 0.419434 0.034668 0.0302734
2 0.547607 0.426758 0.012207 0.0234375
2 0.56958 0.42627 0.0463867 0.0283203
2 0.575439 0.427734 0.0327148 0.0351562
2 0.484619 0.429688 0.00830078 0.0214844
2 0.502686 0.427246 0.0336914 0.0302734
2 0.530029 0.432129 0.0288086 0.0439453
2 0.273193 0.454102 0.0405273 0.0800781
2 0.227295 0.458496 0.074707 0.0966797
2 0.103027 0.479004 0.0390625 0.129883
2 0.0563965 0.512207 0.106934 0.243164
2 0.469482 0.432129 0.0249023 0.0322266
2 0.44873 0.434082 0.0214844 0.0380859
2 0.425537 0.43457 0.0307617 0.0488281
2 0.381104 0.446289 0.0473633 0.0664062
