1 0.772461 0.443848 0.0214844 0.114258
2 0.631348 0.432129 0.0273438 0.0439453
2 0.566895 0.421875 0.0078125 0.0253906
2 0.562988 0.421875 0.00683594 0.0273438
2 0.556641 0.421387 0.0126953 0.0302734
2 0.551025 0.42334 0.0151367 0.0302734
2 0.541748 0.427734 0.012207 0.0351562
2 0.536621 0.427734 0.0078125 0.0371094
2 0.512451 0.411621 0.0415039 0.0888672
2 0.511475 0.434082 0.0141602 0.0517578
2 0.501221 0.436523 0.0180664 0.0566406
2 0.48999 0.437988 0.0180664 0.0673828
2 0.479248 0.442871 0.0258789 0.0751953
2 0.466797 0.446777 0.0214844 0.0849609
2 0.436035 0.454102 0.0664062 0.0996094
2 0.336182 0.457031 0.128418 0.158203
2 0.713135 0.473145 0.103027 0.174805
2 0.953369 0.69043 0.0883789 0.416016
7 0.0148926 0.444336 0.0239258 0.09375
7 0.0678711 0.447754 0.0888672 0.108398
