2 0.276367 0.404297 0.0214844 0.0546875
2 0.294189 0.409668 0.0395508 0.0634766
2 0.262695 0.410156 0.0195312 0.0625
2 0.234131 0.412598 0.0551758 0.0830078
2 0.408447 0.395508 0.00830078 0.0195312
2 0.412842 0.39502 0.00927734 0.0224609
2 0.421387 0.390625 0.0146484 0.0332031
2 0.426758 0.391113 0.00683594 0.0341797
2 0.438965 0.386719 0.0195312 0.0429688
2 0.442139 0.393555 0.00830078 0.0429688
2 0.453125 0.393555 0.0234375 0.0546875
2 0.467285 0.397949 0.0224609 0.0634766
2 0.484863 0.398926 0.0361328 0.0751953
2 0.503662 0.403809 0.0541992 0.0830078
8 0.373291 0.385742 0.115723 0.0371094
