1 0.858398 0.355469 0.0146484 0.0253906
1 0.519775 0.437012 0.0161133 0.0615234
1 0.539551 0.431152 0.0214844 0.0771484
1 0.664551 0.423828 0.00976562 0.03125
1 0.673584 0.447754 0.0239258 0.114258
1 0.701172 0.438477 0.0253906 0.130859
1 0.735107 0.4375 0.0258789 0.128906
1 0.575439 0.422852 0.00927734 0.0449219
1 0.586182 0.42041 0.00927734 0.0498047
1 0.366943 0.43457 0.012207 0.0644531
2 0.534668 0.388672 0.00976562 0.015625
2 0.511963 0.398438 0.012207 0.0214844
2 0.684082 0.394043 0.0205078 0.0205078
2 0.717529 0.383789 0.0229492 0.0253906
2 0.838623 0.369629 0.0297852 0.0283203
2 0.883789 0.355957 0.0498047 0.0322266
2 0.931396 0.348145 0.0454102 0.0224609
2 0.963867 0.343262 0.0341797 0.0283203
2 0.985107 0.339844 0.0249023 0.0351562
2 0.807129 0.377441 0.046875 0.0400391
