1 0.478027 0.43457 0.00390625 0.0195312
1 0.473389 0.436523 0.00341797 0.0195312
1 0.347656 0.441895 0.0195312 0.110352
1 0.324707 0.44873 0.0166016 0.0927734
1 0.299072 0.45459 0.0258789 0.131836
1 0.265625 0.452148 0.0253906 0.138672
1 0.230957 0.461914 0.0322266 0.171875
1 0.192139 0.467773 0.0336914 0.158203
1 0.146729 0.459961 0.034668 0.175781
1 0.553467 0.434082 0.00537109 0.0263672
1 0.559082 0.43457 0.00585938 0.0253906
1 0.408691 0.444336 0.0107422 0.0546875
1 0.396973 0.442871 0.0126953 0.0615234
5 0.440186 0.430176 0.0131836 0.0302734
2 0.490234 0.436523 0.0107422 0.0175781
2 0.530518 0.42627 0.0151367 0.0126953
2 0.525635 0.439453 0.00830078 0.0253906
2 0.534912 0.439453 0.0170898 0.0292969
2 0.594727 0.446289 0.0498047 0.113281
2 0.629883 0.454102 0.0722656 0.125
7 0.44043 0.461914 0.0078125 0.0410156
