1 0.47998 0.322754 0.00976562 0.0361328
1 0.4729 0.323242 0.00830078 0.0292969
1 0.491943 0.317871 0.00927734 0.0302734
1 0.500977 0.3125 0.0117188 0.0332031
1 0.312256 0.337402 0.00537109 0.0341797
1 0.318359 0.334473 0.0078125 0.0439453
1 0.342529 0.333984 0.00830078 0.0410156
1 0.352295 0.333496 0.0112305 0.0498047
1 0.368408 0.333008 0.00927734 0.0390625
1 0.361816 0.336914 0.00878906 0.0390625
1 0.399414 0.324707 0.00878906 0.0361328
1 0.590576 0.342773 0.0131836 0.115234
1 0.577637 0.322266 0.0214844 0.0644531
1 0.603516 0.351562 0.0224609 0.109375
1 0.842041 0.379883 0.0385742 0.148438
1 0.80542 0.355957 0.0415039 0.202148
1 0.988281 0.368652 0.0185547 0.137695
1 0.974854 0.37207 0.0209961 0.201172
1 0.952637 0.367188 0.0410156 0.216797
1 0.0480957 0.349609 0.012207 0.03125
1 0.0100098 0.350586 0.0112305 0.0371094
1 0.020752 0.350098 0.0141602 0.0361328
1 0.415283 0.37207 0.0317383 0.162109
1 0.394775 0.391602 0.059082 0.261719
2 0.235107 0.354492 0.0512695 0.105469
2 0.157715 0.382324 0.124023 0.208008
6 0.552734 0.38623 0.0742188 0.124023
7 0.404785 0.374023 0.0136719 0.0644531
