1 0.517578 0.45752 0.00390625 0.0205078
1 0.528564 0.463379 0.00634766 0.0419922
1 0.532227 0.465332 0.00585938 0.0419922
1 0.536621 0.468262 0.00683594 0.0400391
1 0.549561 0.462402 0.00634766 0.0478516
1 0.55835 0.453613 0.00439453 0.0185547
1 0.562744 0.463379 0.00732422 0.0439453
1 0.557617 0.469238 0.00292969 0.0302734
1 0.452637 0.466309 0.0117188 0.0439453
1 0.34668 0.474609 0.00683594 0.0351562
1 0.370605 0.47168 0.0107422 0.0390625
1 0.401855 0.472656 0.00585938 0.0351562
1 0.381836 0.460449 0.0107422 0.0185547
1 0.395508 0.472656 0.00976562 0.0351562
1 0.351562 0.464355 0.00585938 0.0556641
1 0.363037 0.472656 0.0102539 0.0488281
1 0.413574 0.467285 0.00878906 0.0458984
1 0.608398 0.455078 0.0146484 0.0800781
1 0.627686 0.467773 0.012207 0.0390625
1 0.64624 0.45166 0.0161133 0.0888672
1 0.688477 0.469238 0.00683594 0.0556641
1 0.663818 0.445801 0.0258789 0.125977
1 0.702637 0.443359 0.0244141 0.126953
1 0.754883 0.44043 0.0224609 0.164062
1 0.755859 0.450684 0.0166016 0.161133
1 0.867432 0.47168 0.0561523 0.292969
1 0.829834 0.480469 0.0454102 0.285156
2 0.491943 0.464844 0.00830078 0.0332031
2 0.47998 0.466309 0.0273438 0.0361328
