1 0.609863 0.376465 0.00878906 0.0400391
1 0.578857 0.365723 0.00830078 0.0107422
5 0.519287 0.402344 0.0297852 0.146484
2 0.494629 0.371582 0.00878906 0.0146484
2 0.478027 0.373535 0.0078125 0.0107422
2 0.467773 0.372559 0.00976562 0.0146484
2 0.453125 0.373535 0.0126953 0.0166016
2 0.391602 0.380859 0.00390625 0.0175781
2 0.382324 0.381348 0.0175781 0.0263672
2 0.361328 0.385254 0.0185547 0.0322266
2 0.352783 0.387695 0.0131836 0.03125
2 0.341064 0.384277 0.0200195 0.0263672
2 0.280762 0.425293 0.157227 0.104492
2 0.532715 0.365723 0.00878906 0.00683594
2 0.536133 0.376465 0.0146484 0.0205078
2 0.535156 0.391602 0.0126953 0.0429688
2 0.554932 0.392578 0.0356445 0.0585938
2 0.560303 0.396973 0.027832 0.0615234
2 0.581787 0.401855 0.0463867 0.0673828
2 0.907959 0.414062 0.140137 0.138672
7 0.19751 0.410645 0.0112305 0.0302734
7 0.520508 0.443359 0.0751953 0.0859375
