1 0.540527 0.458008 0.0273438 0.177734
1 0.571533 0.453125 0.0258789 0.177734
2 0.473633 0.427246 0.0107422 0.0146484
2 0.460205 0.443848 0.012207 0.0498047
2 0.448975 0.442871 0.0229492 0.0576172
2 0.446289 0.444824 0.0166016 0.0576172
2 0.437012 0.458008 0.0214844 0.103516
2 0.421875 0.469238 0.0380859 0.135742
2 0.388916 0.473633 0.0649414 0.189453
2 0.35791 0.500488 0.0585938 0.249023
2 0.193604 0.536621 0.307129 0.438477
2 0.519287 0.434082 0.012207 0.0361328
2 0.525146 0.438477 0.0102539 0.0371094
2 0.583252 0.409668 0.0131836 0.0283203
2 0.610107 0.461914 0.124512 0.160156
