1 0.40625 0.470215 0.00878906 0.0302734
1 0.657471 0.463379 0.0151367 0.0712891
2 0.817871 0.481934 0.12207 0.114258
2 0.967041 0.522949 0.0610352 0.106445
2 0.465088 0.461426 0.0288086 0.0361328
2 0.539551 0.448242 0.0224609 0.015625
2 0.525391 0.459473 0.015625 0.0361328
2 0.553467 0.453613 0.0102539 0.0302734
2 0.503418 0.47168 0.0429688 0.0664062
2 0.25 0.481934 0.0791016 0.0595703
2 0.341553 0.514648 0.14209 0.197266
2 0.043457 0.770996 0.0810547 0.426758
7 0.753906 0.496094 0.0302734 0.0839844
7 0.579834 0.492188 0.0512695 0.0566406
