1 0.432617 0.424805 0.00683594 0.0332031
1 0.439209 0.42627 0.00732422 0.0341797
1 0.446533 0.425781 0.00634766 0.0390625
1 0.478027 0.428223 0.00976562 0.0361328
1 0.478027 0.456055 0.0136719 0.0546875
1 0.656494 0.422852 0.0258789 0.0703125
1 0.179199 0.415527 0.00390625 0.0185547
1 0.134766 0.423828 0.00878906 0.0371094
1 0.19873 0.448242 0.0302734 0.132812
1 0.0932617 0.453613 0.0585938 0.344727
1 0.0454102 0.474609 0.0537109 0.267578
1 0.0131836 0.471191 0.0205078 0.311523
5 0.414062 0.422363 0.0078125 0.0419922
5 0.426025 0.427734 0.00927734 0.0429688
5 0.500732 0.447266 0.0141602 0.0683594
5 0.529053 0.449707 0.012207 0.0634766
5 0.54541 0.443848 0.0185547 0.0791016
5 0.154785 0.420898 0.00878906 0.0332031
2 0.387451 0.434082 0.00830078 0.0166016
2 0.762939 0.499023 0.256348 0.34375
2 0.377197 0.416992 0.00830078 0.00390625
2 0.360352 0.423828 0.0107422 0.00976562
2 0.375244 0.435547 0.0209961 0.0390625
2 0.319336 0.436035 0.00585938 0.0107422
2 0.331055 0.433594 0.0195312 0.0332031
2 0.351562 0.44873 0.0332031 0.0537109
7 0.413818 0.441406 0.00341797 0.015625
7 0.407715 0.438477 0.00488281 0.0195312
7 0.42627 0.445312 0.00488281 0.0234375
7 0.500488 0.470703 0.00878906 0.0273438
7 0.528076 0.472168 0.00439453 0.0224609
7 0.544434 0.473633 0.0126953 0.0351562
