1 0.456055 0.393555 0.0078125 0.0976562
1 0.44751 0.388672 0.0151367 0.101562
1 0.470703 0.35498 0.0136719 0.0673828
1 0.528809 0.381348 0.0146484 0.0966797
1 0.546143 0.341309 0.0151367 0.0322266
1 0.57373 0.382324 0.0107422 0.0595703
1 0.654541 0.387207 0.0200195 0.124023
1 0.702393 0.386719 0.0229492 0.125
1 0.716797 0.402344 0.0166016 0.0957031
1 0.775391 0.412109 0.0244141 0.154297
1 0.00854492 0.375488 0.0112305 0.0810547
1 0.0883789 0.376465 0.00683594 0.0556641
1 0.0812988 0.374512 0.0102539 0.0595703
1 0.874268 0.392578 0.0454102 0.150391
1 0.734375 0.382812 0.0224609 0.130859
2 0.490479 0.385254 0.027832 0.0654297
2 0.124023 0.380859 0.0546875 0.0683594
2 0.175781 0.412598 0.0888672 0.174805
2 0.285889 0.434082 0.187012 0.311523
3 0.512695 0.365723 0.00976562 0.0478516
4 0.483643 0.342285 0.0317383 0.0498047
4 0.378418 0.34668 0.124023 0.169922
7 0.622559 0.419922 0.0585938 0.09375
7 0.468506 0.410156 0.0317383 0.0742188
