1 0.637939 0.375977 0.00439453 0.0332031
1 0.722168 0.362793 0.00195312 0.0107422
1 0.727783 0.36084 0.00244141 0.00488281
1 0.733154 0.383789 0.0112305 0.0507812
1 0.748535 0.374512 0.00878906 0.0400391
1 0.759766 0.375 0.00488281 0.0371094
1 0.755371 0.378906 0.0107422 0.0605469
1 0.775635 0.374023 0.00537109 0.0390625
1 0.770508 0.377441 0.00488281 0.0478516
1 0.77832 0.373047 0.00683594 0.0273438
1 0.796631 0.375977 0.00927734 0.0449219
1 0.7854 0.388672 0.0229492 0.0957031
1 0.848145 0.364746 0.0117188 0.0283203
1 0.863037 0.365723 0.00634766 0.0224609
1 0.868652 0.36377 0.0136719 0.0263672
1 0.890625 0.358887 0.00878906 0.0380859
1 0.883301 0.360352 0.0166016 0.0332031
1 0.903076 0.362305 0.00927734 0.0332031
1 0.908936 0.358887 0.00439453 0.0244141
1 0.91748 0.353516 0.00878906 0.0273438
1 0.914795 0.356445 0.0112305 0.0273438
1 0.924561 0.354492 0.00830078 0.0332031
1 0.936035 0.367188 0.0117188 0.0585938
1 0.962158 0.344727 0.00732422 0.0253906
1 0.9729 0.371582 0.0161133 0.0615234
1 0.958252 0.360352 0.0151367 0.0351562
1 0.707031 0.405762 0.00976562 0.0810547
1 0.717041 0.378906 0.019043 0.0605469
1 0.743652 0.406738 0.0185547 0.12207
1 0.69873 0.411133 0.0283203 0.119141
1 0.665527 0.425781 0.0205078 0.0800781
1 0.677002 0.414062 0.0249023 0.103516
1 0.634033 0.377441 0.00439453 0.0322266
1 0.598389 0.380371 0.00537109 0.0224609
1 0.591064 0.379395 0.00439453 0.0244141
1 0.540771 0.379395 0.00341797 0.0185547
1 0.565674 0.407715 0.0141602 0.102539
1 0.570801 0.412109 0.0273438 0.117188
1 0.579346 0.41748 0.0336914 0.133789
1 0.5354 0.408203 0.0258789 0.119141
1 0.473877 0.402344 0.0112305 0.109375
1 0.469238 0.412598 0.0205078 0.112305
1 0.446289 0.398926 0.015625 0.0810547
1 0.154053 0.385254 0.0131836 0.0302734
1 0.124756 0.397949 0.00830078 0.0146484
1 0.115723 0.397949 0.00878906 0.0205078
1 0.105957 0.401855 0.0126953 0.0224609
1 0.509766 0.416016 0.0273438 0.109375
1 0.0732422 0.412109 0.0107422 0.0488281
1 0.137207 0.393066 0.0107422 0.0205078
1 0.0246582 0.447266 0.0366211 0.160156
1 0.00830078 0.475098 0.0107422 0.0966797
5 0.617188 0.376953 0.00585938 0.0214844
5 0.608398 0.378418 0.00683594 0.0244141
2 0.647217 0.382812 0.0200195 0.0371094
2 0.655273 0.384277 0.0107422 0.0341797
2 0.690186 0.38916 0.0229492 0.0537109
2 0.669922 0.388672 0.0078125 0.0429688
2 0.879883 0.510254 0.235352 0.270508
2 0.614502 0.376465 0.00244141 0.0185547
2 0.112305 0.395508 0.121094 0.0976562
2 0.59082 0.373535 0.0078125 0.00878906
2 0.576416 0.378906 0.00341797 0.0117188
2 0.549561 0.367188 0.0102539 0.00976562
2 0.546387 0.381836 0.0107422 0.0195312
2 0.553711 0.379395 0.0117188 0.0224609
2 0.490723 0.400391 0.0292969 0.0546875
2 0.425537 0.403809 0.0327148 0.0634766
2 0.253174 0.616699 0.42627 0.573242
6 0.965332 0.404785 0.0429688 0.0966797
7 0.617432 0.388184 0.00537109 0.0205078
7 0.609375 0.388672 0.00390625 0.0214844
7 0.0625 0.438477 0.0458984 0.0527344
