1 0.432617 0.435059 0.00488281 0.0322266
1 0.439453 0.438965 0.00683594 0.0400391
1 0.449463 0.442383 0.00732422 0.0449219
1 0.456543 0.438477 0.0078125 0.0449219
2 0.418701 0.460938 0.0131836 0.0566406
2 0.399658 0.461426 0.0385742 0.0791016
2 0.37793 0.472168 0.0390625 0.0888672
2 0.349854 0.480957 0.0532227 0.106445
2 0.288086 0.491699 0.102539 0.133789
2 0.161621 0.525879 0.164062 0.200195
2 0.0341797 0.557129 0.0625 0.272461
6 0.567627 0.455078 0.0170898 0.046875
7 0.632812 0.469727 0.0253906 0.0996094
7 0.833008 0.552246 0.0878906 0.225586
