1 0.315674 0.400879 0.00927734 0.0458984
1 0.947266 0.345703 0.00878906 0.0507812
5 0.294434 0.439941 0.0380859 0.192383
5 0.546143 0.410645 0.00634766 0.0361328
5 0.540039 0.410645 0.00488281 0.0283203
2 0.455078 0.420898 0.0107422 0.0351562
2 0.438965 0.42041 0.0322266 0.0400391
2 0.34375 0.438965 0.0673828 0.0986328
2 0.219727 0.470215 0.128906 0.161133
2 0.0324707 0.492676 0.059082 0.348633
2 0.526611 0.415527 0.0141602 0.0224609
2 0.539795 0.410645 0.00830078 0.0185547
2 0.576416 0.405762 0.0219727 0.0673828
2 0.578857 0.411133 0.0151367 0.0625
2 0.582764 0.42334 0.00732422 0.0595703
2 0.617188 0.393066 0.0625 0.137695
2 0.694824 0.444824 0.112305 0.151367
2 0.926514 0.51416 0.14209 0.379883
7 0.295654 0.488281 0.0395508 0.125
7 0.0732422 0.496582 0.0283203 0.0869141
7 0.546387 0.422363 0.00292969 0.0205078
7 0.903076 0.40332 0.0327148 0.0917969
7 0.849609 0.447754 0.100586 0.118164
