1 0.614502 0.433594 0.00439453 0.03125
1 0.62085 0.430664 0.00634766 0.03125
1 0.235352 0.444824 0.015625 0.118164
1 0.225342 0.450195 0.0239258 0.109375
1 0.834473 0.454102 0.0283203 0.144531
1 0.865967 0.45459 0.0415039 0.202148
5 0.103271 0.443359 0.0415039 0.154297
5 0.550537 0.463867 0.0483398 0.138672
2 0.577393 0.447266 0.0288086 0.0546875
2 0.512939 0.464844 0.0561523 0.0996094
2 0.416504 0.462891 0.0810547 0.136719
6 0.548584 0.439941 0.059082 0.0166016
6 0.55127 0.521484 0.0419922 0.0878906
7 0.108154 0.48877 0.0424805 0.100586
