1 0.893799 0.429199 0.00732422 0.0166016
1 0.868164 0.429199 0.0107422 0.0380859
1 0.884766 0.416016 0.00390625 0.0136719
1 0.888672 0.423828 0.00488281 0.015625
1 0.880859 0.414062 0.00390625 0.0078125
1 0.881348 0.437988 0.0263672 0.0595703
1 0.708008 0.454102 0.0234375 0.0546875
1 0.712646 0.432129 0.0141602 0.0439453
1 0.646729 0.453125 0.00537109 0.0449219
1 0.770752 0.431152 0.027832 0.172852
1 0.591553 0.440918 0.00634766 0.0712891
1 0.606445 0.445312 0.0117188 0.0859375
1 0.596191 0.448242 0.015625 0.0859375
1 0.947754 0.439453 0.0449219 0.181641
1 0.914795 0.430664 0.0356445 0.195312
1 0.666016 0.427246 0.046875 0.188477
1 0.664062 0.442383 0.0292969 0.160156
1 0.582031 0.431152 0.00683594 0.0478516
1 0.69458 0.432129 0.0307617 0.182617
1 0.557861 0.442871 0.00830078 0.0908203
1 0.633789 0.416016 0.0292969 0.208984
1 0.572754 0.422852 0.0371094 0.171875
1 0.468262 0.409668 0.0117188 0.0380859
1 0.489502 0.430664 0.0258789 0.164062
1 0.514893 0.429688 0.0327148 0.179688
1 0.567383 0.433105 0.0253906 0.176758
1 0.544189 0.432129 0.0288086 0.172852
1 0.300537 0.409668 0.00537109 0.0205078
1 0.289795 0.414062 0.00927734 0.0273438
1 0.30542 0.410156 0.012207 0.0195312
1 0.296387 0.414062 0.00683594 0.0175781
1 0.280762 0.411133 0.00976562 0.03125
1 0.273438 0.42041 0.00683594 0.0263672
1 0.266113 0.415039 0.0185547 0.0449219
1 0.111084 0.398926 0.00341797 0.0126953
1 0.105225 0.40625 0.0102539 0.0332031
1 0.123535 0.399414 0.0107422 0.03125
1 0.112061 0.407227 0.0131836 0.0273438
1 0.00341797 0.417969 0.000976562 0.00390625
1 0.768311 0.373047 0.00830078 0.0136719
2 0.504639 0.433105 0.081543 0.143555
2 0.362305 0.424805 0.177734 0.158203
2 0.0524902 0.445312 0.0991211 0.103516
2 0.174316 0.442383 0.19043 0.119141
6 0.169434 0.491699 0.0146484 0.00878906
7 0.451416 0.46875 0.0268555 0.0625
7 0.0222168 0.490234 0.0249023 0.00976562
7 0.212402 0.491699 0.00878906 0.00878906
7 0.278076 0.462891 0.0268555 0.0683594
