1 0.335938 0.44043 0.0292969 0.117188
1 0.55127 0.44043 0.0224609 0.111328
1 0.70752 0.432129 0.0126953 0.0927734
1 0.702393 0.445801 0.0180664 0.0966797
1 0.687988 0.443848 0.0175781 0.0908203
1 0.674316 0.445801 0.0263672 0.0947266
1 0.76709 0.441895 0.0263672 0.104492
5 0.265381 0.422363 0.0297852 0.106445
5 0.474854 0.431152 0.0209961 0.0888672
5 0.457764 0.427246 0.0268555 0.0908203
5 0.65332 0.435547 0.0166016 0.0839844
5 0.867188 0.439941 0.0263672 0.0888672
5 0.524658 0.431641 0.0249023 0.132812
2 0.554199 0.40625 0.0283203 0.0234375
2 0.578125 0.396973 0.00878906 0.00683594
2 0.57373 0.428223 0.0146484 0.0556641
2 0.677246 0.412109 0.0410156 0.0410156
4 0.0603027 0.374512 0.114746 0.237305
7 0.258545 0.462891 0.0698242 0.0820312
7 0.473877 0.462402 0.0395508 0.0615234
7 0.455322 0.462891 0.0532227 0.0625
7 0.52002 0.46582 0.0644531 0.0761719
7 0.711182 0.459961 0.0385742 0.0507812
7 0.869141 0.46875 0.0537109 0.0683594
