1 0.356201 0.424316 0.00830078 0.0244141
2 0.499023 0.437988 0.00683594 0.0166016
2 0.474854 0.439941 0.0112305 0.0244141
2 0.470215 0.442871 0.0078125 0.0263672
2 0.4646 0.444824 0.0112305 0.0302734
2 0.415283 0.440918 0.00830078 0.0185547
2 0.404541 0.459473 0.0170898 0.0576172
2 0.383545 0.461914 0.0424805 0.0722656
2 0.336914 0.473145 0.0673828 0.0966797
2 0.438965 0.464355 0.0625 0.0888672
2 0.208984 0.505371 0.121094 0.172852
2 0.0854492 0.541992 0.165039 0.238281
2 0.532715 0.437012 0.00976562 0.0185547
2 0.511719 0.432129 0.0185547 0.0380859
2 0.488037 0.442871 0.0229492 0.0341797
2 0.53833 0.439941 0.0102539 0.0302734
2 0.553711 0.437988 0.0244141 0.0517578
2 0.556396 0.445312 0.0258789 0.0507812
2 0.574707 0.452637 0.0244141 0.0673828
2 0.585693 0.458984 0.0239258 0.0898438
2 0.618164 0.458496 0.0664062 0.104492
2 0.685547 0.485352 0.0898438 0.210938
2 0.824951 0.487793 0.246582 0.411133
