1 0.440674 0.460938 0.0102539 0.0507812
1 0.448242 0.459961 0.0166016 0.0527344
5 0.907959 0.482422 0.027832 0.105469
2 0.97876 0.493164 0.0375977 0.0332031
2 0.774658 0.461426 0.0727539 0.0517578
2 0.760254 0.473633 0.0761719 0.0566406
2 0.927246 0.473145 0.0224609 0.00488281
2 0.935547 0.487793 0.0390625 0.0263672
2 0.87207 0.468262 0.0634766 0.0576172
2 0.109863 0.45459 0.078125 0.0712891
2 0.345947 0.464844 0.097168 0.109375
7 0.395752 0.457031 0.0180664 0.0429688
7 0.907471 0.495605 0.019043 0.0771484
