1 0.752441 0.416504 0.0146484 0.0712891
1 0.819092 0.446289 0.065918 0.359375
1 0.905762 0.44043 0.0693359 0.384766
1 0.342773 0.387695 0.00683594 0.03125
1 0.35376 0.412598 0.0161133 0.0576172
1 0.335205 0.398438 0.0112305 0.0527344
5 0.321777 0.42627 0.0214844 0.116211
5 0.537109 0.415527 0.0195312 0.0224609
5 0.604248 0.415527 0.019043 0.0244141
2 0.673828 0.421875 0.0449219 0.078125
2 0.64624 0.423828 0.0415039 0.0644531
2 0.59375 0.385742 0.0878906 0.0507812
2 0.478271 0.406738 0.059082 0.0927734
2 0.4021 0.455566 0.123535 0.15918
2 0.164795 0.546875 0.32373 0.533203
2 0.571777 0.529297 0.240234 0.28125
6 0.737305 0.427734 0.0283203 0.046875
6 0.768066 0.435547 0.0234375 0.0332031
