1 0.672363 0.422363 0.00683594 0.0146484
2 0.615479 0.44873 0.0249023 0.0419922
2 0.630615 0.467773 0.0327148 0.0800781
2 0.646729 0.472656 0.0317383 0.0878906
2 0.674561 0.47998 0.0541992 0.102539
2 0.715576 0.492188 0.074707 0.125
2 0.791016 0.513672 0.140625 0.197266
2 0.900391 0.547363 0.194336 0.290039
2 0.43457 0.446777 0.0595703 0.0341797
2 0.272705 0.462891 0.0161133 0.0742188
2 0.22583 0.462891 0.0874023 0.107422
2 0.12793 0.476074 0.109375 0.125977
2 0.0124512 0.501953 0.019043 0.119141
2 0.5271 0.480957 0.0737305 0.112305
