1 0.181641 0.38916 0.0078125 0.0400391
1 0.264404 0.380371 0.00830078 0.0263672
1 0.367676 0.396973 0.0136719 0.0810547
1 0.507324 0.410156 0.0214844 0.111328
1 0.538574 0.41748 0.0273438 0.100586
1 0.66333 0.377441 0.00439453 0.0107422
1 0.948486 0.393555 0.00927734 0.0214844
2 0.19458 0.380371 0.0219727 0.0400391
2 0.16626 0.393555 0.0209961 0.0332031
2 0.608643 0.400391 0.0131836 0.0371094
2 0.678711 0.401367 0.0351562 0.0410156
2 0.715332 0.399414 0.015625 0.0214844
2 0.676025 0.40332 0.0288086 0.0449219
2 0.145752 0.397461 0.034668 0.0527344
2 0.669678 0.405762 0.0239258 0.0419922
2 0.65918 0.411133 0.015625 0.0429688
2 0.641113 0.410156 0.0332031 0.0449219
7 0.307129 0.405273 0.0224609 0.0449219
7 0.406494 0.407227 0.034668 0.0449219
