1 0.513672 0.424805 0.0185547 0.0683594
1 0.69458 0.406738 0.0112305 0.0458984
1 0.714111 0.412109 0.00927734 0.046875
1 0.73877 0.414062 0.0136719 0.0742188
1 0.753662 0.417969 0.0161133 0.0703125
1 0.629883 0.428223 0.0498047 0.237305
1 0.38501 0.425293 0.00927734 0.0791016
1 0.378418 0.429688 0.0214844 0.0742188
1 0.300049 0.413574 0.00927734 0.0244141
1 0.288818 0.419434 0.0102539 0.0263672
1 0.26001 0.467285 0.0688477 0.235352
1 0.158447 0.470215 0.065918 0.358398
1 0.101562 0.409668 0.0117188 0.0166016
1 0.453857 0.449707 0.050293 0.272461
1 0.046875 0.442871 0.015625 0.0810547
5 0.589844 0.40625 0.0117188 0.0117188
5 0.66626 0.405762 0.034668 0.100586
2 0.491943 0.411621 0.00830078 0.0126953
2 0.499756 0.415039 0.0131836 0.0195312
2 0.527344 0.414551 0.00488281 0.0283203
2 0.523438 0.414551 0.0146484 0.0283203
2 0.475098 0.418945 0.00976562 0.0253906
2 0.576416 0.402344 0.0112305 0.0117188
2 0.571533 0.413086 0.0209961 0.0136719
2 0.60791 0.428223 0.119141 0.0732422
2 0.404297 0.433594 0.0126953 0.0351562
2 0.213135 0.438477 0.0668945 0.0898438
3 0.488281 0.398438 0.0273438 0.0136719
4 0.551025 0.393555 0.027832 0.078125
6 0.488525 0.417969 0.00244141 0.00390625
7 0.664307 0.432617 0.0375977 0.0644531
