1 0.600098 0.443359 0.0195312 0.128906
1 0.583008 0.442871 0.0244141 0.133789
1 0.543945 0.447754 0.03125 0.129883
2 0.573242 0.388672 0.0136719 0.0429688
2 0.626709 0.390625 0.043457 0.0273438
2 0.626709 0.414551 0.0405273 0.0458984
2 0.666748 0.428711 0.0893555 0.0566406
2 0.832275 0.504883 0.104004 0.181641
2 0.918701 0.525879 0.157715 0.250977
2 0.490967 0.38623 0.0444336 0.0498047
2 0.481934 0.402344 0.0117188 0.0332031
2 0.45874 0.406738 0.043457 0.0615234
2 0.431885 0.416504 0.0834961 0.0732422
2 0.391357 0.445312 0.0473633 0.0976562
2 0.365234 0.429199 0.0546875 0.0732422
2 0.368652 0.478027 0.046875 0.0732422
2 0.307129 0.44873 0.0878906 0.116211
2 0.251953 0.425293 0.101562 0.0712891
2 0.222412 0.477051 0.199707 0.196289
2 0.0754395 0.47998 0.14502 0.264648
