1 0.755859 0.392578 0.00488281 0.0136719
1 0.751953 0.395996 0.0117188 0.0166016
1 0.767822 0.394531 0.00732422 0.0136719
1 0.779541 0.398926 0.00830078 0.0205078
1 0.818848 0.38916 0.00976562 0.0615234
1 0.810791 0.391602 0.012207 0.0585938
1 0.828369 0.382812 0.0112305 0.0644531
1 0.846436 0.379395 0.0112305 0.0927734
1 0.83374 0.385742 0.0151367 0.0839844
1 0.864502 0.356934 0.00927734 0.0478516
1 0.858154 0.402344 0.0268555 0.130859
1 0.875244 0.377441 0.00830078 0.0693359
1 0.892334 0.35791 0.00537109 0.0146484
1 0.897217 0.379395 0.0112305 0.0712891
1 0.879883 0.357422 0.00976562 0.0332031
1 0.905762 0.380371 0.0107422 0.0751953
1 0.915283 0.376465 0.0170898 0.0986328
1 0.925049 0.381836 0.0170898 0.09375
1 0.935303 0.384766 0.019043 0.103516
1 0.961426 0.374512 0.00683594 0.0908203
1 0.961914 0.383789 0.0214844 0.109375
1 0.950684 0.388672 0.0234375 0.111328
1 0.994629 0.359863 0.00585938 0.0498047
1 0.988281 0.358887 0.0107422 0.0478516
1 0.967041 0.376953 0.0131836 0.0839844
1 0.979492 0.369141 0.0234375 0.0878906
1 0.888184 0.407227 0.0244141 0.123047
1 0.69751 0.399902 0.00732422 0.0458984
1 0.650391 0.402832 0.00878906 0.0400391
1 0.62793 0.401367 0.0078125 0.0429688
1 0.621826 0.399902 0.00732422 0.0458984
1 0.608643 0.402832 0.00732422 0.0400391
1 0.602051 0.401855 0.0078125 0.0361328
1 0.587891 0.404297 0.00878906 0.0429688
1 0.593262 0.406738 0.00878906 0.0322266
1 0.59668 0.409668 0.00683594 0.0263672
1 0.349121 0.421875 0.00683594 0.0292969
1 0.342041 0.426758 0.0102539 0.015625
1 0.342529 0.422852 0.00732422 0.03125
1 0.334473 0.426758 0.00488281 0.0195312
1 0.330566 0.429688 0.00390625 0.0175781
1 0.326172 0.428223 0.00585938 0.0205078
1 0.315186 0.421387 0.00439453 0.0283203
1 0.318848 0.419922 0.00976562 0.0371094
1 0.295898 0.421387 0.00683594 0.0341797
1 0.300781 0.40918 0.0107422 0.0585938
1 0.310303 0.42041 0.00830078 0.0361328
1 0.286621 0.423828 0.00976562 0.0351562
1 0.278076 0.413574 0.0112305 0.0517578
1 0.223633 0.423828 0.0078125 0.0390625
1 0.230225 0.416016 0.0131836 0.0507812
1 0.241455 0.412109 0.0141602 0.0585938
1 0.212646 0.418457 0.0112305 0.0498047
1 0.197998 0.41748 0.00732422 0.0517578
1 0.186768 0.41748 0.0161133 0.0849609
1 0.143066 0.411133 0.00488281 0.0410156
1 0.164062 0.44043 0.0205078 0.130859
1 0.151123 0.439453 0.0180664 0.138672
1 0.130371 0.393555 0.00292969 0.0214844
1 0.135254 0.440918 0.0117188 0.0771484
1 0.0603027 0.415527 0.012207 0.0634766
1 0.0917969 0.390625 0.0136719 0.0410156
1 0.114746 0.425781 0.0126953 0.105469
1 0.107178 0.451172 0.0131836 0.15625
1 0.0969238 0.454102 0.0297852 0.162109
1 0.0737305 0.453125 0.0205078 0.162109
1 0.0380859 0.416016 0.0146484 0.0976562
1 0.0422363 0.423828 0.0200195 0.0976562
1 0.00683594 0.421875 0.0078125 0.0761719
1 0.0175781 0.420898 0.0214844 0.0957031
2 0.703369 0.404785 0.00439453 0.0185547
2 0.977539 0.45166 0.0400391 0.15918
2 0.657959 0.404297 0.00927734 0.03125
2 0.570312 0.404785 0.0166016 0.0537109
2 0.458008 0.408203 0.0351562 0.0605469
2 0.504883 0.410645 0.0146484 0.0361328
2 0.536865 0.388184 0.0551758 0.116211
2 0.215576 0.435059 0.0141602 0.0126953
4 0.39209 0.378906 0.0947266 0.136719
4 0.473877 0.397949 0.0727539 0.0673828
