1 0.20752 0.46582 0.0244141 0.136719
1 0.806885 0.404297 0.0170898 0.0996094
1 0.823975 0.398438 0.0219727 0.107422
2 0.495605 0.42334 0.00878906 0.0166016
2 0.486816 0.435059 0.0175781 0.0400391
2 0.477051 0.437988 0.0126953 0.0458984
2 0.469971 0.438965 0.0141602 0.0498047
2 0.443848 0.434082 0.0449219 0.0673828
2 0.423828 0.444336 0.0244141 0.0585938
2 0.400635 0.447266 0.0395508 0.0625
2 0.55835 0.425781 0.0200195 0.0292969
2 0.656494 0.403809 0.012207 0.0107422
2 0.652344 0.426758 0.00976562 0.0390625
2 0.660156 0.425293 0.00878906 0.0517578
2 0.675049 0.417969 0.0297852 0.0976562
2 0.676758 0.437012 0.0175781 0.0810547
2 0.710449 0.425293 0.0634766 0.135742
2 0.911865 0.464844 0.171387 0.203125
2 0.525635 0.452148 0.0688477 0.103516
