1 0.599121 0.34375 0.00488281 0.0078125
1 0.620605 0.340332 0.00488281 0.0107422
1 0.634521 0.337402 0.00439453 0.0126953
1 0.638184 0.337402 0.00488281 0.0126953
1 0.679443 0.333984 0.00439453 0.00976562
1 0.683594 0.334473 0.00585938 0.00878906
1 0.689941 0.331055 0.00292969 0.0136719
1 0.803223 0.324707 0.00390625 0.00683594
1 0.811279 0.32373 0.00537109 0.00683594
1 0.826416 0.320312 0.00537109 0.0117188
1 0.884521 0.318359 0.00537109 0.00976562
1 0.889648 0.317383 0.00488281 0.00976562
1 0.921875 0.318848 0.00390625 0.00292969
1 0.92627 0.316895 0.00390625 0.00683594
1 0.930176 0.316406 0.00390625 0.00585938
1 0.942383 0.315918 0.00488281 0.00683594
1 0.946777 0.314941 0.00488281 0.00683594
1 0.526123 0.352051 0.00439453 0.00878906
1 0.565918 0.381348 0.00878906 0.0693359
1 0.380615 0.37793 0.00439453 0.0273438
1 0.378174 0.381836 0.00244141 0.0175781
1 0.375 0.37793 0.00390625 0.0351562
1 0.395264 0.381348 0.00341797 0.0185547
1 0.392334 0.37793 0.00439453 0.0253906
1 0.396484 0.367676 0.00195312 0.00683594
1 0.390137 0.395996 0.00585938 0.0361328
1 0.38501 0.396973 0.00537109 0.0341797
1 0.512695 0.524414 0.145508 0.521484
1 0.793701 0.491211 0.148926 0.539062
1 0.189209 0.499023 0.125488 0.505859
1 0.216797 0.495605 0.100586 0.569336
5 0.399414 0.380859 0.00878906 0.0371094
5 0.479736 0.40332 0.0170898 0.117188
5 0.310303 0.417969 0.120605 0.369141
4 0.372314 0.374023 0.00439453 0.0605469
4 0.357422 0.369629 0.0292969 0.102539
7 0.400391 0.399902 0.00585938 0.0302734
7 0.472412 0.408203 0.00830078 0.00976562
7 0.314453 0.553711 0.233398 0.289062
