1 0.0300293 0.429199 0.00341797 0.00683594
1 0.0292969 0.437012 0.0078125 0.0205078
5 0.524658 0.429688 0.0102539 0.0371094
2 0.657227 0.388672 0.0234375 0.03125
2 0.659424 0.436035 0.0239258 0.0673828
2 0.696777 0.435059 0.0820312 0.0791016
2 0.81665 0.380859 0.160645 0.132812
2 0.7771 0.442383 0.0795898 0.121094
2 0.85498 0.442871 0.137695 0.147461
2 0.947266 0.453125 0.100586 0.173828
2 0.558594 0.403809 0.015625 0.0263672
2 0.532715 0.43457 0.0136719 0.0371094
2 0.548096 0.436035 0.0336914 0.0498047
2 0.604248 0.412598 0.0922852 0.161133
2 0.491943 0.429688 0.0219727 0.046875
2 0.500244 0.43457 0.0307617 0.0410156
2 0.417725 0.425293 0.00244141 0.0146484
2 0.428711 0.425293 0.0146484 0.0185547
2 0.437744 0.426758 0.00927734 0.0175781
2 0.456299 0.423828 0.0288086 0.0546875
2 0.394287 0.419434 0.0151367 0.0263672
2 0.352051 0.431641 0.0126953 0.0214844
2 0.331299 0.421875 0.0112305 0.0078125
2 0.338379 0.430664 0.015625 0.0234375
2 0.276855 0.428711 0.015625 0.0195312
2 0.263184 0.431152 0.0117188 0.0146484
2 0.286133 0.443848 0.0146484 0.0224609
2 0.257568 0.441895 0.00830078 0.0185547
2 0.241699 0.441895 0.0302734 0.0185547
2 0.212402 0.455078 0.0322266 0.0488281
2 0.183594 0.461426 0.0273438 0.0478516
2 0.163086 0.464355 0.0263672 0.0517578
2 0.137695 0.463867 0.0371094 0.0625
2 0.0986328 0.469238 0.0556641 0.0712891
2 0.0437012 0.474121 0.0620117 0.0810547
3 0.301514 0.419922 0.034668 0.0214844
3 0.301025 0.433105 0.0297852 0.0361328
