1 0.581055 0.389648 0.00585938 0.0449219
1 0.572754 0.390137 0.00878906 0.0439453
1 0.623535 0.388184 0.0136719 0.0791016
1 0.640381 0.385254 0.0131836 0.0810547
1 0.60498 0.391113 0.0117188 0.0771484
1 0.930664 0.375977 0.0429688 0.230469
5 0.591553 0.390137 0.019043 0.0986328
5 0.655762 0.385742 0.0195312 0.101562
2 0.13916 0.51416 0.272461 0.379883
2 0.501221 0.390625 0.0219727 0.0078125
3 0.44165 0.378906 0.0922852 0.0351562
3 0.366455 0.394043 0.019043 0.0419922
7 0.591553 0.416016 0.012207 0.0566406
7 0.65625 0.41748 0.0117188 0.0595703
7 0.685059 0.427246 0.0351562 0.131836
