1 0.153809 0.358398 0.00585938 0.0214844
1 0.282715 0.381348 0.00292969 0.0146484
1 0.92749 0.0512695 0.00146484 0.0517578
1 0.923584 0.0551758 0.00927734 0.0595703
1 0.169678 0.354004 0.0102539 0.0283203
1 0.18335 0.358398 0.00830078 0.0214844
1 0.914551 0.40918 0.0224609 0.142578
1 0.648438 0.382812 0.00488281 0.0214844
1 0.630615 0.384277 0.00537109 0.0341797
1 0.624023 0.382324 0.0136719 0.0400391
1 0.765625 0.382324 0.00683594 0.0283203
1 0.696289 0.409668 0.00390625 0.0185547
1 0.639893 0.421387 0.019043 0.145508
1 0.668457 0.418457 0.00976562 0.0986328
1 0.658691 0.433105 0.0244141 0.12793
1 0.676514 0.421875 0.0258789 0.15625
1 0.057373 0.40332 0.00439453 0.0800781
1 0.161377 0.353027 0.00830078 0.0302734
1 0.0185547 0.405762 0.03125 0.0732422
1 0.279785 0.378906 0.00585938 0.0195312
1 0.267578 0.379395 0.00976562 0.0185547
1 0.275146 0.378906 0.00732422 0.0195312
1 0.256348 0.376953 0.00683594 0.0175781
1 0.251465 0.378418 0.00488281 0.0185547
1 0.489258 0.385254 0.00683594 0.00878906
1 0.540283 0.400879 0.00537109 0.0361328
1 0.248535 0.368164 0.00292969 0.0136719
1 0.737549 0.415527 0.00927734 0.125977
1 0.705811 0.413086 0.0209961 0.130859
1 0.725586 0.422852 0.0234375 0.158203
1 0.746826 0.431641 0.0200195 0.169922
1 0.79248 0.372559 0.0214844 0.0478516
1 0.790771 0.375 0.0151367 0.0429688
1 0.769531 0.418945 0.0371094 0.179688
1 0.843506 0.386719 0.00732422 0.0214844
1 0.85498 0.373535 0.0166016 0.0478516
1 0.85376 0.420898 0.0170898 0.132812
1 0.869629 0.421875 0.0322266 0.136719
1 0.812744 0.416504 0.0161133 0.163086
1 0.825684 0.416992 0.0439453 0.197266
1 0.820557 0.42334 0.0307617 0.194336
1 0.919922 0.0610352 0.0107422 0.0595703
1 0.914307 0.0874023 0.0102539 0.0263672
5 0.0185547 0.381348 0.0166016 0.0458984
5 0.574951 0.409668 0.0170898 0.100586
5 0.553223 0.407715 0.0205078 0.0986328
2 0.171143 0.393555 0.0327148 0.0527344
2 0.112549 0.400391 0.0864258 0.0878906
2 0.225586 0.390137 0.0478516 0.0400391
4 0.504883 0.359863 0.0253906 0.0595703
4 0.35791 0.343262 0.144531 0.108398
7 0.553955 0.432617 0.012207 0.0585938
7 0.57373 0.440918 0.00488281 0.0458984
