1 0.440674 0.414551 0.00732422 0.0283203
1 0.339111 0.411621 0.00634766 0.0439453
1 0.190186 0.401855 0.00927734 0.0400391
1 0.171631 0.432617 0.0297852 0.126953
1 0.140625 0.421875 0.0292969 0.152344
1 0.478271 0.423828 0.00537109 0.0273438
1 0.48291 0.421875 0.00585938 0.0332031
1 0.487793 0.422363 0.0078125 0.0341797
1 0.494629 0.418945 0.0078125 0.0429688
1 0.549316 0.407715 0.0244141 0.0849609
1 0.548096 0.436035 0.0219727 0.125977
1 0.506348 0.443848 0.0185547 0.151367
1 0.519775 0.447754 0.0288086 0.15918
1 0.64624 0.389648 0.0200195 0.0546875
1 0.566895 0.414062 0.00976562 0.0253906
1 0.893066 0.426758 0.0263672 0.150391
1 0.944092 0.430176 0.0336914 0.182617
1 0.434326 0.410156 0.00341797 0.015625
2 0.208252 0.40918 0.0249023 0.0371094
6 0.123779 0.413574 0.012207 0.0400391
6 0.693115 0.489746 0.140137 0.249023
7 0.508057 0.483398 0.0239258 0.046875
7 0.905518 0.462402 0.0512695 0.0810547
7 0.425781 0.42041 0.0078125 0.0166016
7 0.0373535 0.416504 0.0161133 0.0419922
