1 0.696289 0.377441 0.0136719 0.0478516
2 0.597656 0.393066 0.0537109 0.0986328
2 0.593506 0.411621 0.0317383 0.0888672
2 0.612061 0.415039 0.0336914 0.107422
2 0.656982 0.418457 0.0883789 0.139648
2 0.532471 0.393555 0.00732422 0.0175781
2 0.5 0.397461 0.0107422 0.0195312
2 0.51416 0.396484 0.0175781 0.03125
2 0.490967 0.396484 0.012207 0.0214844
2 0.484131 0.399414 0.00830078 0.0214844
2 0.471191 0.396973 0.0185547 0.0361328
2 0.458008 0.398438 0.0126953 0.0214844
2 0.387939 0.410156 0.0512695 0.0683594
2 0.333008 0.422363 0.0439453 0.0908203
2 0.308838 0.429688 0.043457 0.111328
2 0.239258 0.434082 0.118164 0.15332
2 0.0612793 0.396484 0.116699 0.677734
7 0.459717 0.405762 0.00244141 0.0185547
7 0.200684 0.462402 0.0488281 0.135742
7 0.19458 0.499512 0.0317383 0.0888672
7 0.169434 0.475586 0.0400391 0.138672
