1 0.632812 0.404297 0.0078125 0.0488281
5 0.709229 0.429199 0.019043 0.0869141
5 0.477051 0.431641 0.0244141 0.0957031
2 0.56665 0.406738 0.0112305 0.0185547
2 0.622559 0.406738 0.0175781 0.0244141
2 0.673584 0.416016 0.0327148 0.0410156
2 0.727783 0.413086 0.0151367 0.0390625
2 0.709717 0.415527 0.0336914 0.0498047
2 0.552002 0.416504 0.0180664 0.0380859
2 0.552979 0.422363 0.0141602 0.0458984
2 0.542236 0.424316 0.0219727 0.0498047
2 0.535156 0.429199 0.0234375 0.0537109
2 0.517822 0.430664 0.0229492 0.0625
2 0.498535 0.433105 0.0283203 0.0712891
2 0.433838 0.449707 0.0541992 0.0947266
2 0.389893 0.454102 0.0678711 0.107422
2 0.328857 0.462891 0.0737305 0.126953
2 0.243896 0.466797 0.122559 0.171875
2 0.11084 0.472168 0.160156 0.24707
2 0.026123 0.483887 0.0463867 0.291992
2 0.79126 0.487305 0.0795898 0.169922
2 0.884521 0.523438 0.196777 0.255859
2 0.978027 0.695801 0.0390625 0.30957
7 0.708496 0.459473 0.00488281 0.0380859
