1 0.618164 0.416016 0.0234375 0.113281
1 0.662354 0.42041 0.0258789 0.139648
1 0.684326 0.42334 0.0249023 0.129883
1 0.549316 0.399414 0.00976562 0.0292969
1 0.590088 0.425293 0.0102539 0.0634766
1 0.580322 0.42627 0.012207 0.0849609
1 0.469727 0.429688 0.0126953 0.0507812
1 0.41333 0.435059 0.019043 0.0810547
1 0.402344 0.41748 0.0107422 0.0498047
1 0.265869 0.407227 0.0209961 0.0605469
2 0.390625 0.442871 0.0488281 0.104492
2 0.51709 0.452637 0.0908203 0.137695
2 0.217285 0.443359 0.113281 0.101562
2 0.319824 0.481934 0.135742 0.18457
