1 0.98999 0.477051 0.0151367 0.165039
1 0.0178223 0.462402 0.0297852 0.202148
1 0.801025 0.425781 0.0180664 0.0839844
1 0.828369 0.420898 0.0102539 0.101562
1 0.819336 0.425781 0.0175781 0.0976562
1 0.838867 0.422852 0.0214844 0.105469
1 0.897217 0.465332 0.0219727 0.22168
1 0.912842 0.465332 0.0375977 0.239258
1 0.952881 0.458984 0.0161133 0.238281
1 0.963623 0.449707 0.0483398 0.270508
2 0.6521 0.494629 0.224121 0.438477
2 0.344727 0.404297 0.0234375 0.0234375
2 0.447021 0.42627 0.00732422 0.0478516
2 0.423828 0.421875 0.0410156 0.078125
2 0.411621 0.428711 0.0371094 0.0878906
2 0.323486 0.432617 0.0493164 0.0722656
2 0.373047 0.441406 0.0683594 0.0996094
7 0.271973 0.445801 0.0166016 0.0517578
7 0.00463867 0.503418 0.00341797 0.0263672
