1 0.0100098 0.104004 0.00634766 0.0146484
1 0.020752 0.103027 0.00732422 0.0185547
1 0.473389 0.378418 0.00439453 0.00878906
1 0.429443 0.391602 0.00634766 0.046875
1 0.422119 0.380859 0.00341797 0.0273438
1 0.414551 0.396484 0.00976562 0.0703125
1 0.404297 0.398926 0.00878906 0.0615234
1 0.375 0.383301 0.00683594 0.0478516
1 0.380371 0.399414 0.0126953 0.0683594
1 0.355469 0.39502 0.0078125 0.0478516
1 0.342529 0.397461 0.00537109 0.0546875
1 0.350342 0.388184 0.0170898 0.0791016
1 0.0505371 0.118652 0.00732422 0.0556641
1 0.0717773 0.119141 0.0205078 0.0625
1 0.076416 0.134766 0.0131836 0.0625
1 0.072998 0.150879 0.012207 0.0341797
1 0.185547 0.274414 0.00976562 0.0273438
1 0.203369 0.281738 0.00927734 0.0126953
1 0.269043 0.310547 0.0107422 0.0351562
1 0.268799 0.336426 0.0112305 0.0458984
1 0.25708 0.339844 0.0112305 0.0175781
1 0.238281 0.396484 0.0214844 0.101562
1 0.275146 0.387207 0.0102539 0.0673828
1 0.26709 0.389648 0.00976562 0.0722656
1 0.252441 0.35791 0.0078125 0.0224609
1 0.261475 0.396484 0.0131836 0.101562
1 0.25415 0.401367 0.0239258 0.0917969
1 0.273682 0.400391 0.0151367 0.0878906
1 0.337891 0.436523 0.000976562 0.0117188
1 0.327148 0.408203 0.0107422 0.107422
1 0.318115 0.405762 0.0200195 0.120117
1 0.174805 0.380371 0.0136719 0.0693359
1 0.00927734 0.391602 0.0126953 0.107422
1 0.0527344 0.381348 0.015625 0.100586
1 0.0415039 0.393555 0.0244141 0.115234
1 0.0605469 0.39209 0.0214844 0.116211
1 0.0773926 0.38916 0.0229492 0.12207
1 0.109619 0.402832 0.0151367 0.0712891
1 0.144043 0.392578 0.00976562 0.09375
1 0.137451 0.388672 0.0141602 0.0957031
1 0.126709 0.391602 0.0239258 0.09375
1 0.161865 0.390625 0.0131836 0.0957031
1 0.153564 0.39209 0.019043 0.0927734
1 0.198486 0.39209 0.0180664 0.0927734
1 0.283691 0.369629 0.00683594 0.0302734
1 0.266602 0.355957 0.0078125 0.0224609
1 0.280518 0.366211 0.00439453 0.0195312
1 0.305176 0.356445 0.00292969 0.00585938
1 0.300537 0.391602 0.00830078 0.0683594
1 0.306152 0.392578 0.00976562 0.0761719
1 0.335693 0.410156 0.0219727 0.113281
2 0.44165 0.380859 0.0131836 0.0195312
2 0.48877 0.369141 0.0263672 0.0429688
2 0.497559 0.390625 0.0107422 0.0195312
2 0.471436 0.406738 0.027832 0.0498047
2 0.505127 0.385254 0.00341797 0.0146484
2 0.51709 0.384277 0.0126953 0.0146484
2 0.573486 0.388184 0.0209961 0.0126953
2 0.561523 0.39502 0.00390625 0.0380859
2 0.600342 0.390137 0.0180664 0.0107422
2 0.614258 0.390137 0.0234375 0.0166016
2 0.663818 0.430176 0.103027 0.155273
