5 0.52002 0.409668 0.00585938 0.0224609
2 0.491455 0.423828 0.0170898 0.0351562
2 0.498535 0.428223 0.0263672 0.0400391
2 0.377686 0.436035 0.012207 0.0244141
2 0.35498 0.451172 0.0410156 0.0859375
2 0.344238 0.466309 0.0322266 0.0771484
2 0.318604 0.473633 0.0444336 0.0917969
2 0.400391 0.464844 0.0625 0.0898438
2 0.292969 0.484375 0.0419922 0.103516
2 0.252197 0.491211 0.0756836 0.128906
2 0.195068 0.508301 0.097168 0.15332
2 0.0917969 0.54541 0.177734 0.235352
7 0.520264 0.425293 0.00341797 0.00878906
