1 0.320312 0.447754 0.0146484 0.0849609
1 0.416992 0.449219 0.00683594 0.0527344
1 0.422119 0.44873 0.00927734 0.0556641
1 0.436035 0.449707 0.00585938 0.0556641
1 0.441406 0.442871 0.0107422 0.0615234
1 0.459717 0.455566 0.0131836 0.0302734
1 0.46875 0.442383 0.00878906 0.0410156
1 0.5625 0.444336 0.00585938 0.0527344
1 0.558105 0.438965 0.00683594 0.0634766
1 0.536865 0.441406 0.0112305 0.0644531
2 0.210205 0.460449 0.0151367 0.0224609
2 0.25708 0.458496 0.0161133 0.0341797
2 0.264648 0.460938 0.0136719 0.0410156
2 0.282227 0.460449 0.03125 0.0439453
2 0.196289 0.461426 0.00878906 0.0361328
2 0.180908 0.462891 0.0336914 0.046875
2 0.51416 0.421875 0.0888672 0.0625
7 0.148926 0.470215 0.0146484 0.0380859
