1 0.550781 0.385254 0.00390625 0.0185547
2 0.561768 0.378906 0.00537109 0.00976562
2 0.334717 0.405762 0.0288086 0.0498047
2 0.309326 0.442871 0.059082 0.131836
2 0.519775 0.396973 0.0141602 0.0224609
2 0.502441 0.396973 0.0214844 0.0419922
2 0.501709 0.402344 0.019043 0.0332031
2 0.491455 0.407227 0.0112305 0.0390625
2 0.479248 0.408691 0.0258789 0.0419922
2 0.182373 0.440918 0.20752 0.254883
2 0.595215 0.382324 0.0146484 0.0107422
2 0.59082 0.400391 0.0107422 0.0253906
2 0.596436 0.400391 0.0112305 0.03125
2 0.601807 0.402832 0.0141602 0.0380859
2 0.610596 0.405273 0.0161133 0.0449219
2 0.616699 0.408203 0.0117188 0.0566406
2 0.624512 0.406738 0.0146484 0.0712891
2 0.626465 0.412109 0.0107422 0.0664062
2 0.629639 0.42041 0.00439453 0.0615234
3 0.677979 0.366699 0.102051 0.223633
8 0.570068 0.297363 0.065918 0.0400391
