1 0.435059 0.353516 0.00683594 0.0546875
1 0.429443 0.358887 0.0102539 0.0595703
1 0.294678 0.356934 0.0151367 0.0380859
1 0.210938 0.378418 0.0175781 0.0849609
1 0.192627 0.37793 0.0180664 0.0605469
1 0.10791 0.376953 0.0224609 0.121094
1 0.0383301 0.42627 0.0395508 0.219727
1 0.0778809 0.365723 0.0463867 0.165039
1 0.146729 0.499512 0.0991211 0.450195
1 0.254639 0.504395 0.0893555 0.416992
1 0.33252 0.478516 0.0888672 0.404297
2 0.429688 0.35791 0.0273438 0.0419922
2 0.412109 0.361816 0.0302734 0.0400391
2 0.397949 0.359863 0.0273438 0.0458984
2 0.359375 0.354004 0.0136719 0.0224609
2 0.306152 0.34375 0.0332031 0.078125
2 0.289062 0.406738 0.0439453 0.100586
7 0.419189 0.365234 0.00634766 0.0351562
