1 0.80835 0.384766 0.012207 0.0585938
1 0.843262 0.364746 0.0078125 0.0556641
1 0.768066 0.381836 0.00878906 0.0527344
1 0.763184 0.381348 0.0117188 0.0712891
1 0.234375 0.425293 0.0214844 0.118164
1 0.0842285 0.429688 0.0258789 0.146484
1 0.111084 0.429688 0.0317383 0.148438
1 0.0144043 0.423828 0.0229492 0.123047
5 0.689209 0.414551 0.0473633 0.192383
5 0.732178 0.426758 0.0668945 0.285156
5 0.616943 0.391113 0.0200195 0.0810547
5 0.400635 0.391602 0.0161133 0.0546875
2 0.783447 0.374512 0.00927734 0.0107422
2 0.435059 0.412598 0.0556641 0.0537109
2 0.477051 0.411621 0.0224609 0.0400391
2 0.351074 0.416504 0.0595703 0.0693359
2 0.543701 0.428711 0.117676 0.191406
2 0.368408 0.418457 0.0561523 0.0810547
2 0.334961 0.426758 0.0546875 0.0722656
2 0.317627 0.428223 0.0561523 0.0791016
2 0.273682 0.430664 0.10498 0.0859375
6 0.90332 0.382812 0.0419922 0.0839844
7 0.735352 0.506348 0.0283203 0.172852
7 0.692871 0.479004 0.0292969 0.12793
7 0.618408 0.418457 0.00537109 0.0380859
7 0.400635 0.424316 0.0239258 0.0556641
7 0.174072 0.424805 0.0239258 0.0371094
7 0.0769043 0.46582 0.0151367 0.0390625
7 0.122314 0.466797 0.0180664 0.0351562
