1 0.406982 0.424316 0.00341797 0.0166016
1 0.411621 0.423828 0.00488281 0.0195312
1 0.393066 0.421875 0.00488281 0.015625
1 0.378174 0.421875 0.00439453 0.0175781
1 0.417969 0.419922 0.00488281 0.0175781
1 0.432861 0.42334 0.00439453 0.0244141
1 0.438232 0.420898 0.00439453 0.0195312
1 0.36792 0.430176 0.00732422 0.0283203
1 0.353027 0.435547 0.0117188 0.0527344
1 0.341064 0.431152 0.019043 0.0615234
1 0.173584 0.450195 0.0493164 0.255859
5 0.445068 0.436035 0.0131836 0.0380859
5 0.458984 0.443359 0.00976562 0.0429688
5 0.470703 0.442383 0.0126953 0.0722656
5 0.499512 0.448242 0.0146484 0.0625
5 0.875244 0.489746 0.0786133 0.317383
2 0.42334 0.423828 0.0126953 0.0234375
2 0.427246 0.427246 0.0107422 0.0185547
2 0.44458 0.437012 0.0170898 0.0302734
2 0.448242 0.439453 0.0195312 0.03125
2 0.571777 0.471191 0.0742188 0.0986328
7 0.460693 0.454102 0.00537109 0.0253906
7 0.470947 0.461426 0.00634766 0.0400391
7 0.498291 0.466797 0.00634766 0.0351562
7 0.875977 0.601074 0.0839844 0.262695
