1 0.740967 0.398926 0.00634766 0.0302734
1 0.750244 0.399414 0.00537109 0.0273438
1 0.44165 0.375 0.00927734 0.0234375
1 0.563232 0.404785 0.0180664 0.0458984
1 0.544922 0.398438 0.0146484 0.0683594
1 0.533936 0.397949 0.0141602 0.0693359
1 0.563477 0.397949 0.0126953 0.0693359
1 0.637939 0.399902 0.0102539 0.0576172
1 0.628174 0.399414 0.0112305 0.0566406
1 0.709473 0.396973 0.0107422 0.0517578
1 0.880859 0.416016 0.0214844 0.0996094
1 0.954346 0.490723 0.0864258 0.541992
1 0.140137 0.396973 0.015625 0.0908203
2 0.135986 0.390137 0.0415039 0.0615234
2 0.167236 0.39502 0.0366211 0.0615234
2 0.204834 0.396484 0.0551758 0.0644531
2 0.259521 0.399414 0.081543 0.0820312
2 0.0151367 0.365723 0.0107422 0.0361328
2 0.00439453 0.385254 0.00292969 0.0771484
2 0.064209 0.364746 0.0405273 0.0224609
2 0.0349121 0.397949 0.0522461 0.0693359
2 0.0849609 0.399902 0.078125 0.0810547
2 0.905273 0.406738 0.0107422 0.0322266
7 0.342041 0.400391 0.00927734 0.0371094
7 0.874512 0.445801 0.0507812 0.0400391
