1 0.635498 0.359375 0.0112305 0.0175781
1 0.6875 0.353027 0.00488281 0.0107422
1 0.837891 0.489258 0.0751953 0.138672
1 0.984863 0.431641 0.0253906 0.378906
1 0.9375 0.446289 0.0732422 0.392578
2 0.749756 0.385742 0.0141602 0.0429688
2 0.695312 0.361816 0.0380859 0.00878906
2 0.640869 0.405273 0.0424805 0.0800781
2 0.789062 0.37793 0.0664062 0.150391
2 0.70166 0.442383 0.143555 0.15625
2 0.60083 0.412109 0.0571289 0.113281
2 0.515869 0.40625 0.135254 0.166016
2 0.424805 0.437012 0.134766 0.149414
7 0.809814 0.475098 0.0229492 0.0673828
