1 0.269531 0.398438 0.00390625 0.0078125
1 0.25293 0.414551 0.00488281 0.0322266
1 0.246338 0.408203 0.00830078 0.0195312
1 0.486572 0.42334 0.0112305 0.0380859
1 0.543213 0.396973 0.00830078 0.0126953
5 0.306152 0.425781 0.00976562 0.0429688
2 0.295654 0.406738 0.00927734 0.0126953
2 0.298584 0.407715 0.00537109 0.0107422
2 0.298096 0.422363 0.00634766 0.0205078
2 0.320312 0.410156 0.0410156 0.03125
2 0.311035 0.42334 0.0205078 0.0380859
2 0.261475 0.418457 0.0180664 0.0302734
2 0.237061 0.42627 0.027832 0.0517578
2 0.237549 0.433105 0.0170898 0.0478516
2 0.230469 0.437012 0.0117188 0.0556641
2 0.218262 0.4375 0.0224609 0.0605469
2 0.203613 0.442871 0.0390625 0.0693359
2 0.411377 0.414062 0.0102539 0.015625
2 0.331787 0.44043 0.0415039 0.0800781
2 0.419922 0.431152 0.0185547 0.0576172
2 0.438477 0.43457 0.0419922 0.0722656
2 0.459961 0.444336 0.0517578 0.0683594
2 0.378174 0.458496 0.0795898 0.129883
2 0.184082 0.44873 0.0556641 0.0791016
2 0.519287 0.452637 0.0512695 0.100586
2 0.552979 0.452637 0.0512695 0.125977
2 0.615479 0.439453 0.100098 0.195312
2 0.729492 0.40332 0.1875 0.166016
2 0.726318 0.492676 0.189941 0.30957
2 0.863037 0.598145 0.269043 0.499023
7 0.141846 0.458008 0.019043 0.0664062
7 0.12915 0.437012 0.0141602 0.0537109
7 0.027832 0.565918 0.0498047 0.0810547
7 0.305664 0.436523 0.00488281 0.0292969
