1 0.287354 0.427734 0.00537109 0.0410156
1 0.0639648 0.463379 0.00585938 0.0283203
1 0.291992 0.424805 0.0107422 0.046875
1 0.164795 0.444336 0.0102539 0.0390625
1 0.177734 0.44873 0.0244141 0.104492
1 0.186279 0.446289 0.0180664 0.0996094
1 0.22998 0.435547 0.0185547 0.107422
1 0.237549 0.444824 0.0239258 0.0908203
1 0.378174 0.419922 0.0180664 0.0917969
1 0.384521 0.42334 0.0161133 0.0869141
1 0.82959 0.397949 0.0527344 0.291992
1 0.912842 0.393555 0.0600586 0.283203
1 0.950439 0.433105 0.0297852 0.182617
1 0.869385 0.444824 0.043457 0.188477
1 0.989014 0.410156 0.0170898 0.302734
5 0.303955 0.426758 0.00341797 0.00585938
2 0.0219727 0.46875 0.0380859 0.0527344
2 0.233887 0.442383 0.03125 0.0546875
2 0.230469 0.441895 0.0830078 0.0693359
2 0.503174 0.408203 0.0493164 0.0449219
2 0.456299 0.44043 0.0668945 0.0917969
2 0.581299 0.395508 0.0454102 0.046875
2 0.55835 0.428711 0.0541992 0.0917969
2 0.686035 0.38916 0.0673828 0.0634766
7 0.768066 0.398438 0.0136719 0.0449219
