2 0.516113 0.38916 0.0146484 0.0185547
2 0.529053 0.38916 0.0249023 0.0185547
2 0.507324 0.396484 0.00976562 0.0332031
2 0.496826 0.395996 0.0180664 0.0361328
2 0.495361 0.401367 0.00927734 0.03125
2 0.483398 0.399414 0.0205078 0.0390625
2 0.478027 0.402344 0.0195312 0.0371094
2 0.464844 0.404297 0.0273438 0.0371094
2 0.374268 0.44043 0.0844727 0.117188
2 0.634766 0.389648 0.0224609 0.0351562
2 0.678223 0.391113 0.0332031 0.0595703
2 0.75 0.410645 0.0664062 0.0908203
2 0.884521 0.431641 0.145996 0.152344
