1 0.386963 0.418945 0.00341797 0.0507812
1 0.394287 0.422852 0.00732422 0.0449219
1 0.400635 0.421875 0.00927734 0.0332031
1 0.253906 0.452637 0.0361328 0.180664
1 0.310303 0.440918 0.0385742 0.200195
5 0.506104 0.418945 0.019043 0.0605469
5 0.519043 0.41748 0.0244141 0.0751953
2 0.335938 0.438965 0.0175781 0.0517578
2 0.439697 0.437988 0.0844727 0.0556641
2 0.532227 0.448242 0.0224609 0.0957031
2 0.559082 0.446289 0.0498047 0.123047
2 0.620117 0.444824 0.107422 0.172852
2 0.784668 0.508789 0.240234 0.296875
8 0.335693 0.37793 0.0922852 0.158203
7 0.50415 0.453613 0.0151367 0.0634766
7 0.516602 0.456055 0.0195312 0.0605469
