1 0.334473 0.379883 0.015625 0.0253906
1 0.498291 0.396484 0.00341797 0.0195312
1 0.487793 0.398926 0.00488281 0.0263672
1 0.569336 0.398438 0.00292969 0.0117188
1 0.684082 0.408203 0.0332031 0.179688
1 0.712402 0.401367 0.0205078 0.177734
5 0.505371 0.398438 0.00683594 0.0136719
5 0.534912 0.412598 0.0151367 0.0458984
2 0.57666 0.385742 0.0185547 0.0175781
2 0.557861 0.38916 0.0161133 0.0166016
2 0.54541 0.387695 0.015625 0.0175781
2 0.0771484 0.48291 0.148438 0.231445
2 0.3396 0.431641 0.0629883 0.078125
2 0.45166 0.388672 0.0244141 0.0410156
2 0.431641 0.432617 0.0703125 0.109375
2 0.52002 0.411621 0.0166016 0.0283203
2 0.573975 0.412598 0.0200195 0.0244141
2 0.585205 0.421387 0.0180664 0.0791016
2 0.613281 0.414062 0.0556641 0.107422
2 0.626465 0.427734 0.0410156 0.113281
2 0.664551 0.434082 0.0810547 0.131836
6 0.505371 0.408203 0.0078125 0.0136719
6 0.313232 0.4375 0.0581055 0.0859375
6 0.299316 0.446777 0.0595703 0.0693359
6 0.534424 0.428711 0.012207 0.0292969
6 0.752441 0.421875 0.0185547 0.0957031
