1 0.572021 0.410156 0.0131836 0.0214844
1 0.571533 0.430664 0.0102539 0.0390625
1 0.599365 0.446777 0.012207 0.0693359
1 0.622803 0.424805 0.00537109 0.0292969
1 0.62915 0.439941 0.0112305 0.0595703
1 0.637695 0.423828 0.00683594 0.0351562
1 0.767578 0.396484 0.0078125 0.00976562
1 0.806152 0.394043 0.0117188 0.0126953
1 0.664062 0.480957 0.0224609 0.168945
1 0.686035 0.483398 0.0322266 0.164062
1 0.846191 0.365723 0.0166016 0.0263672
1 0.961182 0.384277 0.0288086 0.0791016
5 0.0544434 0.511719 0.097168 0.335938
5 0.611084 0.453613 0.0229492 0.0927734
2 0.585205 0.433105 0.019043 0.0380859
2 0.585205 0.439941 0.0141602 0.0322266
2 0.595215 0.435059 0.0234375 0.0439453
2 0.619873 0.368652 0.0180664 0.0341797
2 0.488525 0.45166 0.0219727 0.0576172
2 0.463379 0.463379 0.0498047 0.0908203
2 0.546143 0.424805 0.0522461 0.0507812
2 0.361328 0.450684 0.0615234 0.0732422
2 0.408203 0.492676 0.0917969 0.133789
2 0.665527 0.447754 0.0585938 0.116211
2 0.692139 0.411133 0.0415039 0.0292969
2 0.724609 0.457031 0.0683594 0.121094
2 0.531494 0.484375 0.097168 0.144531
2 0.1604 0.500977 0.127441 0.214844
2 0.762451 0.489746 0.0991211 0.182617
2 0.874268 0.499512 0.205566 0.266602
2 0.950195 0.538086 0.0947266 0.308594
2 0.0197754 0.46875 0.0336914 0.103516
7 0.0625 0.628418 0.119141 0.282227
7 0.611328 0.477539 0.00976562 0.046875
