1 0.637939 0.404785 0.00830078 0.0517578
1 0.38501 0.395508 0.00830078 0.0332031
1 0.646973 0.404297 0.0136719 0.0546875
1 0.832275 0.376953 0.0141602 0.0390625
1 0.84082 0.438477 0.0126953 0.0839844
1 0.790283 0.411133 0.0395508 0.138672
1 0.833252 0.432129 0.0102539 0.104492
1 0.823975 0.42041 0.027832 0.139648
1 0.85083 0.424805 0.0297852 0.132812
2 0.520264 0.411133 0.0161133 0.00976562
2 0.535156 0.407715 0.0146484 0.0166016
2 0.486328 0.40625 0.0273438 0.0488281
2 0.327148 0.453613 0.142578 0.198242
2 0.470947 0.416504 0.0317383 0.0478516
4 0.597168 0.375 0.0791016 0.177734
4 0.45459 0.387695 0.0361328 0.0742188
