1 0.824463 0.351562 0.0200195 0.0351562
1 0.786621 0.364258 0.0117188 0.015625
1 0.772949 0.361816 0.0146484 0.0263672
1 0.803955 0.354004 0.0219727 0.0380859
1 0.428467 0.385254 0.00439453 0.0166016
1 0.425781 0.390137 0.00585938 0.0419922
1 0.595947 0.391113 0.0102539 0.0439453
1 0.582764 0.377441 0.00537109 0.0224609
1 0.642578 0.393066 0.00390625 0.0244141
1 0.605713 0.38916 0.00634766 0.0478516
1 0.652588 0.40332 0.0102539 0.0722656
2 0.0710449 0.561523 0.13623 0.429688
2 0.317627 0.458496 0.043457 0.137695
2 0.242676 0.459473 0.145508 0.22168
2 0.4646 0.381836 0.0219727 0.0234375
2 0.49707 0.398438 0.0439453 0.0800781
2 0.491211 0.418457 0.03125 0.0595703
2 0.446533 0.427734 0.0522461 0.078125
2 0.574219 0.418945 0.0380859 0.0605469
2 0.693604 0.435059 0.0727539 0.125977
2 0.74707 0.459961 0.0947266 0.177734
2 0.833008 0.493652 0.182617 0.256836
2 0.939453 0.49707 0.116211 0.382812
7 0.169922 0.195312 0.0214844 0.0117188
7 0.33252 0.449219 0.0234375 0.0976562
