1 0.430176 0.340332 0.0253906 0.108398
1 0.158447 0.439941 0.0639648 0.297852
1 0.228516 0.430176 0.0517578 0.31543
2 0.0109863 0.43457 0.0161133 0.121094
2 0.0891113 0.424805 0.150879 0.185547
6 0.28125 0.407715 0.0585938 0.15332
6 0.525879 0.319336 0.0195312 0.0566406
7 0.480469 0.315918 0.0175781 0.0634766
7 0.516113 0.312988 0.0146484 0.0498047
7 0.547363 0.317383 0.0117188 0.0546875
7 0.557129 0.310547 0.0117188 0.046875
7 0.575439 0.314941 0.00927734 0.0576172
7 0.565674 0.314941 0.0161133 0.0576172
7 0.589111 0.314453 0.0170898 0.0585938
7 0.596191 0.313965 0.0107422 0.0576172
7 0.606689 0.315918 0.0131836 0.0517578
7 0.621094 0.316406 0.0166016 0.0488281
