1 0.646729 0.412109 0.00732422 0.0332031
1 0.6521 0.431152 0.0131836 0.0732422
1 0.665771 0.429688 0.0131836 0.0761719
1 0.677734 0.430664 0.0126953 0.0761719
1 0.346924 0.421387 0.0141602 0.104492
1 0.108398 0.384766 0.0136719 0.0644531
1 0.119873 0.385254 0.0151367 0.0556641
1 0.259521 0.428711 0.034668 0.236328
2 0.539795 0.414062 0.00927734 0.0136719
2 0.550781 0.430176 0.00585938 0.0263672
2 0.564209 0.424805 0.0229492 0.0449219
2 0.564453 0.429688 0.0175781 0.0429688
2 0.575439 0.430176 0.0180664 0.0498047
2 0.577148 0.441895 0.0078125 0.0361328
2 0.601074 0.429199 0.0488281 0.0791016
2 0.619629 0.444824 0.0556641 0.0791016
2 0.507324 0.432617 0.0507812 0.0820312
3 0.490723 0.403809 0.0195312 0.0419922
7 0.0910645 0.427734 0.0258789 0.0703125
