1 0.763428 0.421387 0.00341797 0.0146484
1 0.877686 0.415527 0.00537109 0.0126953
1 0.781494 0.417969 0.00537109 0.0078125
1 0.00683594 0.407227 0.0078125 0.0722656
1 0.563721 0.422852 0.00634766 0.0253906
1 0.654053 0.430176 0.019043 0.18457
1 0.676514 0.42627 0.0395508 0.223633
1 0.727783 0.426758 0.0297852 0.179688
1 0.899414 0.425293 0.0078125 0.0380859
5 0.602783 0.422363 0.0141602 0.0673828
5 0.920166 0.425293 0.0112305 0.0478516
5 0.905762 0.416992 0.00683594 0.0175781
2 0.682617 0.435059 0.00878906 0.0166016
2 0.699463 0.441406 0.0288086 0.0292969
2 0.149414 0.414062 0.0742188 0.0742188
2 0.498047 0.448242 0.146484 0.271484
2 0.989014 0.431152 0.0170898 0.0244141
4 0.950439 0.404297 0.0415039 0.0234375
7 0.602783 0.444824 0.0112305 0.0439453
7 0.92041 0.441895 0.00585938 0.0263672
7 0.905273 0.4375 0.00488281 0.0234375
