1 0.59668 0.412109 0.0117188 0.0429688
1 0.605957 0.407715 0.0107422 0.0556641
1 0.626221 0.400879 0.00634766 0.0595703
1 0.640381 0.401855 0.00927734 0.0576172
1 0.708008 0.414551 0.0185547 0.104492
2 0.555908 0.406738 0.0131836 0.0283203
2 0.562012 0.410156 0.0117188 0.0332031
2 0.568359 0.411133 0.0126953 0.0390625
2 0.584229 0.411133 0.0268555 0.0429688
2 0.490234 0.40625 0.00585938 0.0273438
2 0.476318 0.403809 0.0151367 0.0302734
2 0.4729 0.407227 0.00634766 0.0273438
2 0.450439 0.40918 0.0249023 0.0429688
2 0.44458 0.413086 0.0297852 0.0410156
2 0.509033 0.407715 0.0375977 0.0576172
2 0.643066 0.402344 0.0302734 0.0488281
3 0.313232 0.355957 0.233887 0.370117
