1 0.243652 0.442871 0.00585938 0.0419922
1 0.290527 0.434082 0.00683594 0.0224609
1 0.584229 0.473633 0.0161133 0.103516
1 0.255371 0.438965 0.00878906 0.0478516
5 0.661377 0.470703 0.0249023 0.130859
5 0.843506 0.480957 0.027832 0.106445
5 0.983643 0.477051 0.027832 0.0869141
2 0.510498 0.440918 0.0112305 0.0224609
2 0.518311 0.439941 0.012207 0.0244141
2 0.520508 0.458496 0.0166016 0.0302734
2 0.498535 0.442871 0.0078125 0.0205078
2 0.474854 0.443359 0.00927734 0.0195312
2 0.484863 0.445312 0.0263672 0.0273438
2 0.463379 0.444336 0.0146484 0.0234375
2 0.447998 0.446777 0.0229492 0.0283203
2 0.302246 0.466309 0.0234375 0.0771484
2 0.368164 0.474121 0.128906 0.165039
2 0.202148 0.465332 0.0576172 0.0537109
2 0.11084 0.47168 0.0693359 0.0644531
2 0.026123 0.441895 0.0463867 0.141602
2 0.566406 0.462891 0.0322266 0.078125
2 0.583008 0.475098 0.0380859 0.0732422
7 0.654297 0.501465 0.0546875 0.0712891
7 0.842285 0.500977 0.0576172 0.0664062
7 0.976074 0.5 0.0429688 0.0546875
