1 0.495117 0.387207 0.00878906 0.0322266
1 0.423828 0.375488 0.0117188 0.0244141
1 0.358643 0.386719 0.00830078 0.0292969
2 0.466064 0.365234 0.0249023 0.0214844
2 0.452637 0.375977 0.0341797 0.0234375
2 0.436035 0.40332 0.0244141 0.0488281
2 0.464111 0.403809 0.0532227 0.0556641
2 0.417969 0.42041 0.0302734 0.0830078
2 0.387451 0.42334 0.0620117 0.0888672
2 0.331055 0.444336 0.0664062 0.130859
2 0.234863 0.475098 0.170898 0.208008
2 0.578613 0.398926 0.0273438 0.0439453
2 0.642578 0.428711 0.0615234 0.138672
2 0.785889 0.425293 0.250488 0.368164
2 0.527344 0.393066 0.0253906 0.0439453
