1 0.479736 0.427734 0.00439453 0.0273438
1 0.47583 0.427734 0.00537109 0.0273438
2 0.530273 0.434082 0.00878906 0.0185547
2 0.540039 0.435547 0.0126953 0.0253906
2 0.552002 0.436035 0.0161133 0.0322266
2 0.516113 0.428711 0.0263672 0.0195312
2 0.501953 0.439941 0.0126953 0.0302734
2 0.488525 0.439941 0.0200195 0.0361328
2 0.557373 0.438477 0.0141602 0.03125
2 0.564941 0.444824 0.0136719 0.0478516
2 0.580811 0.447266 0.0297852 0.0585938
2 0.621582 0.486816 0.0410156 0.149414
2 0.701416 0.482422 0.148926 0.238281
2 0.903809 0.620117 0.1875 0.5625
2 0.454346 0.446777 0.0551758 0.0400391
2 0.334473 0.42627 0.0478516 0.0419922
2 0.226562 0.481445 0.0947266 0.0976562
2 0.295654 0.490234 0.0981445 0.128906
7 0.586914 0.462402 0.0166016 0.0458984
7 0.442627 0.462402 0.0395508 0.0439453
