1 0.636963 0.38623 0.0112305 0.0302734
1 0.439209 0.198242 0.012207 0.0214844
1 0.460205 0.201172 0.00830078 0.0175781
1 0.48877 0.204102 0.0107422 0.0175781
1 0.498291 0.204102 0.0102539 0.0195312
1 0.526123 0.20752 0.00927734 0.0185547
1 0.54126 0.211914 0.00537109 0.0117188
1 0.548584 0.210938 0.00927734 0.015625
1 0.557861 0.214844 0.00732422 0.00976562
1 0.307373 0.185547 0.00927734 0.0214844
1 0.377197 0.370605 0.00927734 0.0107422
1 0.392334 0.368652 0.0102539 0.0126953
1 0.42041 0.385742 0.00390625 0.0175781
1 0.455566 0.391602 0.00488281 0.0371094
1 0.449219 0.392578 0.0107422 0.0527344
1 0.461426 0.395508 0.00976562 0.0488281
1 0.476562 0.401855 0.0107422 0.0634766
1 0.487793 0.399902 0.0146484 0.0654297
1 0.539795 0.413086 0.0209961 0.125
1 0.519043 0.410645 0.0253906 0.129883
1 0.18457 0.382324 0.0166016 0.0966797
1 0.245605 0.39502 0.0166016 0.0849609
1 0.260742 0.40332 0.0214844 0.105469
1 0.276123 0.410645 0.0180664 0.0986328
1 0.744629 0.447266 0.0449219 0.251953
1 0.733398 0.446289 0.0380859 0.273438
1 0.700684 0.442383 0.0517578 0.287109
2 0.435059 0.384766 0.00976562 0.0214844
2 0.436279 0.388184 0.00634766 0.0166016
2 0.442383 0.382812 0.0107422 0.0292969
2 0.442871 0.389648 0.00585938 0.0214844
2 0.473633 0.392578 0.0195312 0.0292969
2 0.327637 0.39209 0.0078125 0.0185547
2 0.476562 0.394043 0.0146484 0.0283203
2 0.347412 0.388672 0.0356445 0.0351562
2 0.950684 0.44043 0.09375 0.259766
2 0.57251 0.405762 0.101074 0.0830078
2 0.309814 0.388672 0.0249023 0.0332031
2 0.381592 0.40918 0.0581055 0.0722656
