1 0.307129 0.395996 0.00683594 0.0224609
1 0.215332 0.393555 0.0146484 0.0390625
1 0.830322 0.380371 0.027832 0.165039
2 0.551025 0.389648 0.0161133 0.0351562
2 0.524658 0.390137 0.0131836 0.0361328
2 0.499023 0.387207 0.00878906 0.0185547
2 0.511475 0.39502 0.0219727 0.0380859
2 0.493408 0.401855 0.0151367 0.0478516
2 0.481934 0.407227 0.0214844 0.0605469
2 0.42041 0.400391 0.0224609 0.0332031
2 0.575195 0.402832 0.0117188 0.0498047
2 0.583984 0.414551 0.0273438 0.0849609
2 0.594971 0.420898 0.0297852 0.09375
2 0.632812 0.42334 0.0703125 0.116211
2 0.541504 0.395508 0.0224609 0.0371094
2 0.453369 0.40918 0.0483398 0.0839844
2 0.339355 0.414062 0.0351562 0.0507812
6 0.659912 0.434082 0.0708008 0.102539
6 0.879883 0.395996 0.0419922 0.110352
7 0.181396 0.442871 0.0288086 0.0712891
7 0.118408 0.456055 0.027832 0.0722656
