1 0.614014 0.439453 0.0141602 0.0625
2 0.541992 0.428223 0.015625 0.0283203
2 0.561279 0.444336 0.0112305 0.0527344
2 0.577393 0.442871 0.0336914 0.0634766
2 0.571777 0.446777 0.0166016 0.0634766
2 0.5896 0.45166 0.0463867 0.0732422
2 0.656738 0.492188 0.0693359 0.193359
2 0.723877 0.524902 0.160645 0.272461
2 0.874023 0.589355 0.24707 0.540039
2 0.51709 0.420898 0.00878906 0.015625
2 0.452881 0.432617 0.0268555 0.0390625
2 0.5 0.431641 0.0175781 0.0273438
2 0.205322 0.486328 0.043457 0.0859375
2 0.294922 0.489746 0.0644531 0.135742
2 0.365723 0.493652 0.124023 0.198242
2 0.0654297 0.510254 0.0771484 0.139648
3 0.026123 0.383301 0.0463867 0.356445
