1 0.532959 0.40332 0.00732422 0.0253906
1 0.592041 0.397949 0.00830078 0.0361328
1 0.601074 0.394531 0.00976562 0.0273438
1 0.652344 0.396973 0.0126953 0.0380859
2 0.495605 0.393555 0.0078125 0.015625
2 0.493408 0.39502 0.00146484 0.000976562
2 0.538818 0.407227 0.00634766 0.0292969
2 0.549072 0.407715 0.0170898 0.0322266
2 0.681885 0.458008 0.0874023 0.1875
2 0.792236 0.488281 0.213379 0.289062
2 0.982178 0.71582 0.0307617 0.320312
2 0.522461 0.403809 0.0126953 0.0205078
2 0.488281 0.397949 0.00878906 0.0185547
2 0.491211 0.401367 0.00878906 0.0136719
2 0.455078 0.404785 0.0126953 0.0380859
2 0.44043 0.404785 0.0224609 0.0419922
2 0.436768 0.409668 0.0209961 0.0380859
2 0.420654 0.413086 0.0170898 0.0449219
2 0.400391 0.416016 0.0380859 0.0546875
2 0.0932617 0.452148 0.0361328 0.0625
6 0.212891 0.435547 0.0917969 0.134766
