2 0.586914 0.429688 0.0351562 0.0390625
2 0.392578 0.451172 0.00976562 0.0332031
2 0.40332 0.446777 0.0175781 0.0419922
2 0.436768 0.458496 0.0571289 0.0986328
2 0.383545 0.468262 0.0249023 0.0849609
2 0.347168 0.472656 0.0761719 0.109375
2 0.19043 0.518066 0.166016 0.178711
2 0.548096 0.439453 0.0512695 0.0410156
2 0.647461 0.421875 0.0234375 0.0292969
2 0.583252 0.444824 0.00732422 0.0419922
2 0.592773 0.442871 0.0195312 0.0595703
2 0.614746 0.449219 0.0517578 0.0761719
2 0.788086 0.475586 0.206055 0.337891
2 0.892822 0.579102 0.209473 0.513672
7 0.0490723 0.559082 0.0922852 0.180664
7 0.688232 0.427246 0.027832 0.0361328
7 0.669434 0.472168 0.0595703 0.102539
