1 0.78833 0.333008 0.00439453 0.0078125
1 0.874023 0.330566 0.0234375 0.0556641
1 0.925781 0.342773 0.00488281 0.0332031
1 0.894043 0.328613 0.0195312 0.0615234
1 0.968018 0.355469 0.0209961 0.128906
1 0.901855 0.362793 0.0283203 0.135742
1 0.987793 0.356445 0.0195312 0.271484
1 0.254395 0.361328 0.0126953 0.0292969
1 0.59668 0.428223 0.0742188 0.407227
1 0.55249 0.459961 0.106934 0.369141
1 0.242676 0.366699 0.00683594 0.0146484
1 0.266113 0.371094 0.00195312 0.00976562
1 0.332031 0.452637 0.0966797 0.40918
1 0.386475 0.44043 0.0874023 0.460938
2 0.66748 0.373535 0.0166016 0.0283203
2 0.654053 0.367676 0.0141602 0.0302734
2 0.628906 0.374023 0.0146484 0.0292969
2 0.644043 0.378418 0.0244141 0.0361328
2 0.684814 0.376465 0.00537109 0.0537109
2 0.727051 0.375488 0.0849609 0.161133
2 0.800293 0.430664 0.149414 0.189453
2 0.564453 0.388672 0.00878906 0.0546875
2 0.505615 0.394531 0.0288086 0.0527344
2 0.48584 0.396973 0.0253906 0.0615234
2 0.454102 0.394531 0.0556641 0.101562
2 0.426025 0.363281 0.0327148 0.0292969
7 0.920166 0.474609 0.101074 0.167969
7 0.847656 0.484863 0.0517578 0.176758
7 0.173828 0.4375 0.0351562 0.103516
7 0.119629 0.462891 0.0478516 0.0976562
