1 0.743652 0.404297 0.00585938 0.00976562
2 0.219238 0.436523 0.0175781 0.0429688
2 0.200684 0.437988 0.0322266 0.0458984
2 0.158447 0.427734 0.0532227 0.0703125
2 0.131104 0.431641 0.0424805 0.0371094
2 0.0932617 0.470215 0.180664 0.202148
2 0.483887 0.42627 0.00878906 0.0126953
2 0.584229 0.43457 0.0180664 0.0332031
2 0.600098 0.437988 0.0244141 0.0419922
2 0.615967 0.442383 0.0209961 0.0507812
2 0.635254 0.445801 0.0322266 0.0615234
2 0.658936 0.452148 0.0424805 0.0683594
2 0.837646 0.48877 0.0864258 0.149414
2 0.679199 0.437988 0.0224609 0.0478516
2 0.741455 0.520996 0.179199 0.231445
2 0.510254 0.461914 0.0634766 0.0996094
