1 0.734375 0.412598 0.00683594 0.0458984
1 0.880859 0.414062 0.0136719 0.0585938
1 0.946289 0.41748 0.00488281 0.0517578
1 0.971436 0.41748 0.0112305 0.0654297
1 0.420654 0.430664 0.0161133 0.115234
1 0.437256 0.424316 0.0229492 0.125977
1 0.312256 0.435547 0.0131836 0.0566406
1 0.331543 0.414551 0.0205078 0.133789
1 0.22998 0.405762 0.0302734 0.143555
1 0.243896 0.432129 0.0522461 0.172852
1 0.193848 0.415527 0.0292969 0.176758
1 0.602295 0.398926 0.00732422 0.0283203
1 0.597412 0.397949 0.00537109 0.0302734
1 0.579102 0.403809 0.0107422 0.0478516
1 0.511963 0.410645 0.00732422 0.0458984
1 0.517334 0.404297 0.0102539 0.0507812
1 0.527588 0.401855 0.00927734 0.0576172
1 0.45166 0.415527 0.0136719 0.0830078
1 0.461182 0.390137 0.00927734 0.0244141
1 0.632324 0.402832 0.00585938 0.0361328
1 0.502197 0.411621 0.0141602 0.0771484
1 0.744141 0.41748 0.0253906 0.0830078
1 0.772461 0.413574 0.0126953 0.100586
5 0.398926 0.387207 0.0253906 0.0712891
6 0.391113 0.45166 0.0458984 0.143555
7 0.267822 0.45459 0.0297852 0.0439453
7 0.191162 0.442383 0.0717773 0.078125
