1 0.656982 0.476074 0.0444336 0.172852
1 0.628906 0.479004 0.0507812 0.165039
1 0.688232 0.481445 0.0288086 0.181641
2 0.284668 0.416992 0.00488281 0.0214844
2 0.287354 0.435547 0.0112305 0.0214844
2 0.339844 0.444336 0.00683594 0.00976562
2 0.330566 0.445801 0.0146484 0.0126953
2 0.360352 0.450195 0.00683594 0.0175781
2 0.377197 0.452148 0.00732422 0.0175781
2 0.367432 0.451172 0.0141602 0.0214844
2 0.382812 0.452637 0.00683594 0.0205078
2 0.390869 0.453613 0.0151367 0.0244141
2 0.398682 0.45752 0.0180664 0.0244141
2 0.118652 0.625488 0.231445 0.739258
2 0.497803 0.507812 0.203613 0.34375
2 0.818359 0.512695 0.248047 0.302734
2 0.34668 0.447266 0.0107422 0.015625
3 0.272461 0.42334 0.0078125 0.0498047
3 0.258057 0.42041 0.0229492 0.0556641
