1 0.89624 0.326172 0.00732422 0.0292969
1 0.583984 0.356934 0.00878906 0.0576172
1 0.577393 0.360352 0.00830078 0.0507812
1 0.598145 0.363281 0.00878906 0.0527344
1 0.433838 0.374023 0.0170898 0.0683594
1 0.527344 0.365723 0.00585938 0.0576172
1 0.550293 0.361328 0.00878906 0.0410156
1 0.53833 0.35498 0.00634766 0.0380859
1 0.547119 0.367676 0.012207 0.0556641
1 0.531738 0.368652 0.0078125 0.0576172
1 0.536865 0.369629 0.0112305 0.0595703
1 0.521973 0.365723 0.00976562 0.0556641
1 0.522461 0.368164 0.00878906 0.0546875
1 0.496094 0.359375 0.00488281 0.0195312
1 0.508301 0.358887 0.0078125 0.0439453
1 0.514404 0.365723 0.00830078 0.0556641
1 0.5 0.367676 0.0117188 0.0654297
1 0.489502 0.367188 0.00927734 0.0605469
5 0.909912 0.338867 0.012207 0.0507812
5 0.591309 0.358887 0.0078125 0.0380859
5 0.373047 0.392578 0.0263672 0.111328
2 0.888184 0.348633 0.0214844 0.0507812
2 0.875488 0.354004 0.0195312 0.0693359
2 0.867676 0.360352 0.0185547 0.0917969
2 0.767578 0.350586 0.0263672 0.0371094
2 0.731201 0.357422 0.0219727 0.0488281
2 0.787598 0.351562 0.0175781 0.0644531
2 0.828369 0.381348 0.0922852 0.161133
2 0.687256 0.378418 0.0932617 0.133789
2 0.465332 0.357422 0.0351562 0.0136719
3 0.654053 0.335449 0.0668945 0.131836
4 0.746826 0.320312 0.0571289 0.0957031
7 0.901855 0.349609 0.00976562 0.0175781
7 0.594971 0.376953 0.0268555 0.0234375
7 0.340332 0.399414 0.0380859 0.0566406
7 0.373535 0.420898 0.0302734 0.078125
7 0.467285 0.391113 0.0136719 0.0302734
