1 0.459473 0.412109 0.00878906 0.03125
1 0.542236 0.390137 0.00537109 0.0166016
1 0.546387 0.411133 0.00683594 0.0546875
1 0.294678 0.40918 0.00927734 0.0410156
1 0.255615 0.409668 0.0112305 0.0673828
5 0.219238 0.424316 0.0273438 0.131836
2 0.467529 0.410645 0.0288086 0.0380859
2 0.495361 0.40625 0.0209961 0.046875
2 0.494385 0.413086 0.012207 0.0410156
2 0.504639 0.413086 0.0239258 0.046875
2 0.507812 0.415039 0.0175781 0.046875
2 0.526123 0.418457 0.043457 0.0556641
2 0.682617 0.385742 0.207031 0.365234
2 0.377686 0.391602 0.0131836 0.0136719
2 0.371338 0.395996 0.0170898 0.0166016
2 0.369873 0.410156 0.012207 0.0390625
2 0.350098 0.409668 0.0341797 0.0576172
2 0.341309 0.419434 0.0253906 0.0537109
2 0.314453 0.420898 0.0419922 0.0625
2 0.195557 0.432617 0.0424805 0.09375
2 0.154785 0.439941 0.0683594 0.114258
2 0.0319824 0.469238 0.0581055 0.192383
2 0.394287 0.419434 0.0415039 0.0595703
3 0.483887 0.394043 0.0253906 0.0576172
7 0.220703 0.460938 0.0292969 0.0859375
