1 0.541016 0.422363 0.0078125 0.0302734
1 0.577881 0.435059 0.0209961 0.0791016
2 0.219482 0.44873 0.0170898 0.0224609
2 0.482666 0.425293 0.0151367 0.0185547
2 0.498047 0.422852 0.0175781 0.0214844
2 0.611084 0.433105 0.0336914 0.0595703
2 0.631836 0.437012 0.0283203 0.0732422
2 0.653076 0.439453 0.0395508 0.0820312
2 0.675537 0.469238 0.0219727 0.0556641
2 0.522949 0.430664 0.0244141 0.046875
2 0.56958 0.431641 0.0424805 0.0898438
2 0.448486 0.455566 0.0571289 0.0869141
2 0.312256 0.509277 0.163574 0.233398
