2 0.56665 0.341309 0.00341797 0.0166016
2 0.57666 0.327148 0.0185547 0.0566406
2 0.587402 0.341309 0.0234375 0.0458984
2 0.725586 0.384766 0.0585938 0.169922
2 0.534912 0.285645 0.00537109 0.00683594
2 0.483887 0.29541 0.00585938 0.0146484
2 0.471924 0.308105 0.00732422 0.0126953
2 0.467529 0.319824 0.00927734 0.0126953
2 0.546387 0.320312 0.00878906 0.0175781
2 0.554932 0.324707 0.0112305 0.0244141
2 0.557861 0.328613 0.00634766 0.0244141
2 0.561768 0.331055 0.00537109 0.0234375
2 0.401123 0.354492 0.0307617 0.0488281
2 0.37207 0.371582 0.0351562 0.0498047
2 0.331055 0.38916 0.0478516 0.0693359
2 0.241699 0.392578 0.0449219 0.0644531
2 0.222168 0.416992 0.0830078 0.0996094
8 0.508057 0.291992 0.00732422 0.0136719
