5 0.327637 0.447754 0.00585938 0.00878906
2 0.287354 0.450195 0.00341797 0.00585938
2 0.293213 0.45166 0.00341797 0.00488281
2 0.310303 0.451172 0.00439453 0.00585938
2 0.349121 0.452148 0.00683594 0.0078125
2 0.340576 0.451172 0.00634766 0.0078125
2 0.301025 0.456055 0.0102539 0.0117188
2 0.45166 0.443359 0.0185547 0.046875
2 0.540039 0.439453 0.0126953 0.0449219
2 0.497559 0.444824 0.0820312 0.135742
2 0.62915 0.445312 0.0893555 0.132812
2 0.268066 0.456543 0.00488281 0.00878906
6 0.328125 0.456055 0.00488281 0.0136719
