1 0.576904 0.389648 0.00634766 0.0527344
1 0.397217 0.387207 0.019043 0.0439453
1 0.501465 0.383301 0.00878906 0.0537109
1 0.50708 0.384277 0.00732422 0.0498047
1 0.542236 0.38623 0.00927734 0.0498047
1 0.521729 0.390625 0.012207 0.0605469
1 0.602539 0.374512 0.0126953 0.0205078
1 0.629639 0.376465 0.00830078 0.0166016
1 0.477539 0.40918 0.0136719 0.0917969
1 0.663574 0.397461 0.0126953 0.0410156
2 0.491455 0.381348 0.0180664 0.0400391
2 0.618896 0.469238 0.0776367 0.125977
2 0.654297 0.478027 0.0898438 0.176758
2 0.787598 0.508789 0.226562 0.337891
2 0.890381 0.653809 0.214355 0.52832
3 0.42334 0.356445 0.12207 0.101562
