1 0.900391 0.389648 0.00390625 0.0449219
1 0.880859 0.388672 0.00878906 0.0488281
1 0.864258 0.39502 0.00683594 0.0361328
1 0.893555 0.391113 0.00976562 0.0478516
2 0.606445 0.390137 0.0107422 0.0185547
2 0.632324 0.39209 0.0146484 0.0224609
2 0.617432 0.395996 0.0180664 0.0244141
2 0.639893 0.394531 0.0141602 0.0214844
2 0.693848 0.397949 0.0273438 0.0419922
2 0.747803 0.400391 0.027832 0.0410156
2 0.959961 0.426758 0.0751953 0.15625
2 0.403809 0.391113 0.0214844 0.0361328
2 0.302979 0.399414 0.0424805 0.0507812
2 0.143555 0.46875 0.28125 0.847656
