1 0.371094 0.416504 0.00390625 0.0400391
1 0.327637 0.412598 0.00585938 0.0205078
1 0.0827637 0.410156 0.0297852 0.0761719
1 0.708008 0.396973 0.00976562 0.0263672
1 0.720215 0.399902 0.00976562 0.0244141
1 0.730469 0.397949 0.0107422 0.0283203
1 0.755371 0.400391 0.00488281 0.0234375
1 0.762939 0.396484 0.0170898 0.03125
1 0.785889 0.389648 0.0151367 0.0410156
1 0.804932 0.39209 0.0161133 0.0341797
1 0.397217 0.422852 0.00927734 0.0488281
1 0.427979 0.418945 0.0151367 0.0546875
5 0.339355 0.424316 0.0146484 0.0302734
2 0.577148 0.409668 0.015625 0.0205078
2 0.450928 0.419922 0.019043 0.03125
2 0.450684 0.42627 0.00195312 0.00292969
2 0.30835 0.429688 0.0336914 0.0625
2 0.295654 0.43457 0.0288086 0.0664062
2 0.271973 0.426758 0.0361328 0.0976562
2 0.252441 0.435547 0.0419922 0.09375
2 0.0400391 0.489258 0.0742188 0.1875
2 0.152588 0.498535 0.212402 0.241211
2 0.656494 0.385742 0.0834961 0.0585938
2 0.399414 0.424316 0.0351562 0.0439453
7 0.548096 0.418945 0.00537109 0.0078125
