2 0.478516 0.442383 0.0205078 0.0449219
2 0.470459 0.455078 0.0170898 0.0449219
2 0.462646 0.458496 0.012207 0.0498047
2 0.449463 0.458496 0.0288086 0.0712891
2 0.443848 0.465332 0.0136719 0.0693359
2 0.418457 0.46875 0.0566406 0.0996094
2 0.530273 0.435059 0.0117188 0.0224609
2 0.534668 0.441406 0.0107422 0.0292969
2 0.54248 0.445312 0.0126953 0.0390625
2 0.553711 0.444824 0.0205078 0.0693359
2 0.57251 0.449219 0.0366211 0.109375
2 0.609375 0.45459 0.0732422 0.133789
2 0.614746 0.480957 0.0517578 0.124023
2 0.640137 0.491211 0.0517578 0.154297
2 0.716309 0.520996 0.169922 0.256836
