1 0.677979 0.313965 0.00439453 0.0166016
1 0.71582 0.335449 0.0107422 0.0380859
1 0.704346 0.337402 0.00634766 0.0419922
1 0.692627 0.337891 0.00537109 0.0371094
1 0.805176 0.369629 0.0234375 0.0849609
1 0.963135 0.355957 0.019043 0.0849609
1 0.990967 0.35498 0.0112305 0.0771484
1 0.528809 0.367676 0.0224609 0.0986328
1 0.450439 0.376465 0.00927734 0.0966797
1 0.43042 0.372559 0.0317383 0.104492
1 0.458984 0.371582 0.0185547 0.0986328
1 0.496826 0.421875 0.0581055 0.365234
1 0.503906 0.43457 0.0761719 0.369141
1 0.267334 0.375488 0.0161133 0.137695
1 0.298096 0.442871 0.0991211 0.411133
1 0.322021 0.495605 0.106934 0.364258
1 0.64209 0.437988 0.0673828 0.311523
1 0.578857 0.518555 0.074707 0.371094
1 0.369385 0.376465 0.0239258 0.145508
1 0.383789 0.382812 0.0263672 0.126953
1 0.246094 0.378418 0.0332031 0.143555
1 0.228027 0.394531 0.00976562 0.103516
1 0.171143 0.379883 0.0209961 0.138672
1 0.203857 0.378906 0.0141602 0.130859
1 0.185059 0.384277 0.0224609 0.131836
1 0.214111 0.372559 0.0239258 0.15332
5 0.697266 0.347656 0.00683594 0.03125
2 0.718262 0.324707 0.0224609 0.0361328
2 0.672363 0.350586 0.0234375 0.0488281
2 0.75708 0.341309 0.0366211 0.0380859
2 0.622803 0.362305 0.0375977 0.0664062
2 0.600098 0.366699 0.0371094 0.0693359
2 0.547607 0.36084 0.0415039 0.0556641
2 0.566162 0.375 0.0600586 0.0585938
2 0.467285 0.367188 0.0136719 0.0683594
4 0.601074 0.313965 0.0947266 0.0810547
7 0.698242 0.361328 0.0107422 0.03125
