1 0.547363 0.40918 0.00683594 0.0214844
1 0.556641 0.40625 0.0107422 0.0410156
1 0.564453 0.408203 0.00488281 0.0273438
1 0.569824 0.408691 0.00683594 0.0380859
5 0.427246 0.436523 0.00878906 0.078125
5 0.414551 0.431641 0.0205078 0.09375
2 0.541016 0.413574 0.0117188 0.0126953
2 0.526855 0.413086 0.0146484 0.0175781
2 0.469238 0.415527 0.0253906 0.0478516
2 0.461426 0.42334 0.0107422 0.0498047
2 0.438232 0.418945 0.0366211 0.078125
7 0.424561 0.452148 0.0102539 0.0566406
7 0.414795 0.453613 0.0170898 0.0654297
