1 0.79834 0.417969 0.0107422 0.0585938
1 0.0461426 0.441406 0.0209961 0.0976562
5 0.0129395 0.427734 0.0200195 0.0976562
2 0.0895996 0.398926 0.0239258 0.0185547
2 0.0993652 0.418945 0.0288086 0.046875
2 0.518311 0.429688 0.0102539 0.0214844
2 0.529541 0.428223 0.0161133 0.0244141
2 0.531738 0.430664 0.00585938 0.0195312
2 0.540283 0.429688 0.0161133 0.0234375
2 0.588623 0.429688 0.11084 0.140625
2 0.458496 0.442871 0.0195312 0.0478516
2 0.457764 0.447754 0.0161133 0.0478516
2 0.436279 0.447754 0.0385742 0.0595703
2 0.0510254 0.402832 0.0795898 0.0595703
3 0.501953 0.422852 0.0292969 0.0292969
