1 0.478516 0.431641 0.00488281 0.0253906
1 0.378174 0.460938 0.00732422 0.0507812
1 0.384521 0.459473 0.0102539 0.0537109
5 0.457031 0.458008 0.0107422 0.03125
2 0.543945 0.422852 0.00878906 0.015625
2 0.500488 0.41748 0.0107422 0.0166016
2 0.501221 0.453613 0.043457 0.0419922
2 0.540771 0.466309 0.0141602 0.0380859
2 0.524414 0.464844 0.0332031 0.0410156
2 0.55957 0.439941 0.0078125 0.0205078
2 0.572754 0.438477 0.0224609 0.015625
2 0.568115 0.463379 0.027832 0.0439453
2 0.587891 0.450684 0.015625 0.0751953
2 0.599609 0.449219 0.03125 0.0878906
2 0.614746 0.446777 0.0253906 0.100586
2 0.638916 0.444824 0.0541992 0.131836
2 0.678711 0.450684 0.0732422 0.165039
2 0.722168 0.472168 0.100586 0.206055
2 0.867188 0.488281 0.260742 0.34375
2 0.959229 0.604492 0.0766602 0.291016
7 0.457031 0.469238 0.0195312 0.0244141
