2 0.525146 0.448242 0.0161133 0.0214844
2 0.552734 0.446777 0.0146484 0.0380859
2 0.569824 0.453613 0.0253906 0.0498047
2 0.608398 0.468262 0.0439453 0.102539
2 0.49585 0.45752 0.0141602 0.0400391
2 0.489502 0.462402 0.0200195 0.0498047
2 0.488037 0.477539 0.00537109 0.046875
2 0.47168 0.468262 0.0322266 0.0693359
2 0.472412 0.479492 0.0200195 0.0683594
2 0.467041 0.483887 0.0161133 0.0791016
2 0.455566 0.48291 0.0332031 0.0966797
2 0.438721 0.495117 0.034668 0.113281
2 0.401367 0.502441 0.0800781 0.145508
2 0.646484 0.479492 0.0585938 0.130859
2 0.720459 0.490723 0.140137 0.208008
2 0.883789 0.558105 0.227539 0.473633
2 0.336182 0.543945 0.104004 0.238281
2 0.164062 0.629395 0.322266 0.459961
