1 0.23877 0.403809 0.0166016 0.0517578
1 0.414062 0.431152 0.0351562 0.19043
1 0.457275 0.448242 0.0366211 0.189453
2 0.227295 0.414551 0.0610352 0.0693359
2 0.380615 0.402344 0.131348 0.109375
2 0.473633 0.428223 0.0195312 0.0322266
2 0.487549 0.427246 0.0180664 0.0361328
2 0.547363 0.404785 0.00878906 0.00878906
2 0.528076 0.42041 0.0864258 0.0615234
2 0.620117 0.43457 0.0654297 0.0761719
2 0.675049 0.455078 0.0698242 0.181641
2 0.747559 0.475586 0.146484 0.230469
2 0.87085 0.53418 0.253418 0.322266
2 0.959961 0.650391 0.0751953 0.328125
