1 0.101318 0.450684 0.0317383 0.166992
1 0.168701 0.463867 0.0258789 0.117188
1 0.304932 0.434082 0.0385742 0.149414
1 0.446777 0.477539 0.0595703 0.34375
1 0.388184 0.491211 0.0654297 0.326172
1 0.660156 0.376465 0.0078125 0.0439453
1 0.679443 0.373047 0.019043 0.0625
1 0.534668 0.509277 0.0458984 0.274414
1 0.610352 0.464355 0.0244141 0.24707
1 0.581299 0.457031 0.0581055 0.376953
1 0.673584 0.505859 0.0571289 0.318359
1 0.643311 0.47998 0.0668945 0.383789
1 0.791992 0.373535 0.00976562 0.0498047
1 0.804199 0.395508 0.0185547 0.123047
1 0.751465 0.438965 0.0371094 0.274414
1 0.737793 0.461914 0.046875 0.267578
1 0.888184 0.412109 0.0322266 0.0800781
5 0.79126 0.47168 0.0708008 0.263672
5 0.94751 0.396484 0.0952148 0.498047
7 0.493164 0.443359 0.046875 0.0703125
7 0.888916 0.412598 0.0356445 0.0634766
7 0.787598 0.549316 0.0791016 0.192383
7 0.941895 0.580566 0.111328 0.30957
