1 0.515869 0.40918 0.012207 0.0703125
1 0.622314 0.362305 0.0112305 0.03125
1 0.58667 0.421875 0.0756836 0.300781
1 0.704102 0.431152 0.0712891 0.295898
1 0.672363 0.421875 0.0820312 0.361328
1 0.894775 0.405762 0.0444336 0.233398
1 0.924072 0.401855 0.0532227 0.249023
1 0.220215 0.400391 0.0136719 0.0644531
1 0.208984 0.400391 0.0146484 0.0585938
1 0.0109863 0.480469 0.0161133 0.128906
5 0.303223 0.415039 0.0117188 0.0742188
5 0.307373 0.385742 0.0395508 0.101562
5 0.170166 0.397949 0.0454102 0.170898
5 0.41748 0.397949 0.0117188 0.0595703
5 0.486816 0.407227 0.0771484 0.240234
2 0.529541 0.400391 0.0385742 0.0644531
2 0.506104 0.416504 0.00927734 0.0224609
2 0.478516 0.391602 0.0224609 0.03125
2 0.664795 0.393555 0.134277 0.119141
2 0.740234 0.399414 0.18457 0.134766
2 0.975342 0.408203 0.0444336 0.0820312
2 0.416992 0.391602 0.0273438 0.0546875
2 0.401123 0.402832 0.0307617 0.0458984
2 0.386719 0.40918 0.00976562 0.0527344
2 0.360596 0.400391 0.0454102 0.0839844
2 0.339355 0.407227 0.0410156 0.0917969
2 0.449707 0.396484 0.0283203 0.0351562
7 0.235352 0.407715 0.0078125 0.0283203
7 0.174072 0.434082 0.0932617 0.125977
7 0.480713 0.476562 0.117676 0.144531
7 0.416504 0.412109 0.00976562 0.0429688
