2 0.700928 0.397461 0.00634766 0.0253906
2 0.5896 0.403809 0.00732422 0.0283203
2 0.554688 0.403809 0.046875 0.0634766
2 0.53418 0.414062 0.0205078 0.0488281
2 0.654297 0.399414 0.0136719 0.0449219
2 0.664795 0.400879 0.0209961 0.0537109
2 0.667725 0.402832 0.0170898 0.0537109
2 0.682617 0.40918 0.0371094 0.0625
2 0.778809 0.45166 0.0966797 0.170898
2 0.844727 0.479492 0.123047 0.234375
2 0.914795 0.521484 0.165527 0.378906
2 0.37915 0.459961 0.17041 0.207031
2 0.258545 0.497559 0.185059 0.227539
2 0.10791 0.585938 0.209961 0.443359
7 0.536865 0.42334 0.0258789 0.0400391
