1 0.393799 0.413086 0.00537109 0.00976562
1 0.404297 0.411621 0.0078125 0.0146484
1 0.368652 0.440918 0.0166016 0.0595703
1 0.683105 0.430176 0.0117188 0.0712891
1 0.696045 0.431152 0.0131836 0.0654297
1 0.725586 0.437012 0.0244141 0.143555
1 0.760986 0.430176 0.0288086 0.155273
1 0.792725 0.423828 0.0249023 0.158203
5 0.566162 0.427246 0.0180664 0.0654297
2 0.501465 0.423828 0.0214844 0.0234375
2 0.48877 0.426758 0.0107422 0.0214844
2 0.475586 0.416504 0.0107422 0.00878906
2 0.479248 0.431152 0.0170898 0.0283203
2 0.207275 0.509277 0.259277 0.24707
2 0.575684 0.413574 0.0126953 0.0107422
2 0.584229 0.4375 0.0229492 0.0410156
2 0.535889 0.436035 0.0307617 0.0400391
6 0.566895 0.446289 0.015625 0.0546875
