1 0.196289 0.432129 0.0107422 0.0400391
1 0.976807 0.399414 0.012207 0.0761719
1 0.994629 0.402344 0.00585938 0.0859375
1 0.895996 0.407227 0.0107422 0.0546875
1 0.906982 0.420898 0.0249023 0.0957031
2 0.0268555 0.445801 0.0478516 0.0869141
2 0.175049 0.446777 0.0522461 0.0478516
2 0.247559 0.430664 0.0537109 0.0449219
2 0.921143 0.386719 0.0229492 0.0175781
2 0.948486 0.385742 0.0327148 0.0273438
2 0.689209 0.389648 0.0151367 0.0214844
2 0.673096 0.392578 0.0180664 0.0214844
2 0.649414 0.391602 0.0263672 0.0292969
2 0.472168 0.422363 0.0302734 0.0439453
2 0.552979 0.411133 0.0297852 0.0292969
2 0.581543 0.400879 0.0234375 0.0146484
2 0.566406 0.433594 0.0175781 0.046875
2 0.579834 0.43457 0.0375977 0.0585938
