1 0.609863 0.418457 0.00878906 0.0244141
1 0.618408 0.435059 0.00927734 0.0302734
1 0.609131 0.466797 0.0200195 0.0683594
1 0.632568 0.464355 0.0307617 0.147461
1 0.57251 0.444336 0.012207 0.0644531
1 0.500977 0.438965 0.00683594 0.0458984
1 0.512695 0.45459 0.0166016 0.0927734
1 0.540527 0.447754 0.0107422 0.0751953
1 0.477783 0.452637 0.00830078 0.104492
1 0.48877 0.464355 0.0292969 0.139648
1 0.458008 0.458984 0.0244141 0.125
1 0.425537 0.456543 0.0200195 0.12793
1 0.299805 0.474121 0.0458984 0.254883
1 0.0576172 0.555176 0.109375 0.670898
1 0.931152 0.572266 0.129883 0.505859
5 0.584473 0.444824 0.015625 0.0771484
5 0.529785 0.45752 0.0205078 0.106445
7 0.843506 0.509766 0.0151367 0.0800781
7 0.585693 0.473633 0.00439453 0.0371094
7 0.529541 0.48877 0.0170898 0.0712891
