1 0.56665 0.476562 0.0668945 0.388672
1 0.634033 0.479004 0.0600586 0.366211
1 0.61377 0.522949 0.0576172 0.290039
1 0.70752 0.479004 0.0800781 0.34082
1 0.688965 0.485352 0.0595703 0.332031
1 0.880859 0.41748 0.0351562 0.196289
1 0.875977 0.48291 0.0742188 0.305664
1 0.834229 0.47998 0.0776367 0.338867
1 0.406982 0.48584 0.059082 0.374023
1 0.392578 0.47998 0.0615234 0.426758
1 0.336182 0.506348 0.074707 0.432617
1 0.264648 0.494141 0.0273438 0.160156
1 0.231689 0.458496 0.0239258 0.24707
1 0.228271 0.479492 0.0688477 0.404297
1 0.0827637 0.429688 0.0795898 0.300781
1 0.120117 0.489746 0.0556641 0.196289
1 0.163818 0.459961 0.0649414 0.308594
7 0.0830078 0.534668 0.0761719 0.270508
