1 0.641846 0.443848 0.00244141 0.0302734
1 0.667725 0.435547 0.0141602 0.0234375
1 0.678711 0.432129 0.00878906 0.0126953
1 0.70166 0.459961 0.0263672 0.078125
1 0.648682 0.443848 0.0161133 0.118164
1 0.625732 0.450684 0.00830078 0.0537109
1 0.620605 0.447754 0.0078125 0.0478516
1 0.547119 0.445312 0.0249023 0.105469
1 0.633545 0.442383 0.0249023 0.121094
1 0.561035 0.449707 0.0322266 0.118164
1 0.593262 0.412598 0.0185547 0.0576172
1 0.450195 0.449219 0.015625 0.0917969
1 0.368164 0.431152 0.0126953 0.100586
1 0.347168 0.380859 0.00683594 0.0136719
1 0.357178 0.432129 0.0141602 0.125977
1 0.383545 0.442871 0.0219727 0.133789
1 0.307129 0.427734 0.015625 0.0996094
1 0.297607 0.430664 0.0112305 0.09375
1 0.230225 0.402832 0.00927734 0.0380859
1 0.255371 0.403809 0.0117188 0.0419922
1 0.275146 0.468262 0.0463867 0.227539
1 0.345215 0.469727 0.0488281 0.228516
1 0.43335 0.466797 0.0268555 0.195312
1 0.411377 0.46582 0.050293 0.214844
1 0.0153809 0.399414 0.0112305 0.0351562
1 0.0349121 0.425781 0.0209961 0.0839844
1 0.0991211 0.388672 0.00683594 0.0195312
1 0.11377 0.415527 0.00683594 0.0556641
1 0.158447 0.387695 0.00537109 0.00390625
1 0.144531 0.38623 0.00488281 0.00488281
1 0.122314 0.408691 0.0151367 0.0556641
1 0.107178 0.42041 0.0141602 0.0849609
1 0.0915527 0.444824 0.0239258 0.137695
1 0.0566406 0.437988 0.0214844 0.155273
2 0.169678 0.46582 0.11084 0.154297
7 0.36792 0.458984 0.0161133 0.0273438
7 0.00537109 0.452148 0.00488281 0.0292969
7 0.0119629 0.438965 0.0180664 0.0498047
