2 0.496338 0.415527 0.0239258 0.0458984
2 0.528809 0.419434 0.015625 0.0302734
2 0.56958 0.437012 0.0161133 0.0654297
2 0.580811 0.437012 0.0209961 0.0732422
2 0.58374 0.445801 0.0180664 0.0751953
2 0.599121 0.444336 0.0341797 0.0957031
2 0.620361 0.44873 0.0483398 0.112305
2 0.625488 0.458496 0.0341797 0.118164
2 0.674805 0.472168 0.114258 0.188477
2 0.809814 0.504883 0.23291 0.332031
2 0.92041 0.567871 0.154297 0.485352
3 0.474609 0.42334 0.0322266 0.0556641
7 0.321533 0.461426 0.0229492 0.0732422
