1 0.667725 0.381348 0.00927734 0.0615234
1 0.692383 0.387207 0.0117188 0.0751953
2 0.500977 0.36084 0.00976562 0.0244141
2 0.51709 0.36084 0.0253906 0.0576172
2 0.556396 0.370117 0.0161133 0.0253906
2 0.579346 0.374512 0.0170898 0.0322266
2 0.586914 0.37793 0.0214844 0.0351562
2 0.598877 0.381836 0.0161133 0.0351562
2 0.614014 0.385254 0.0258789 0.0439453
2 0.793945 0.421387 0.125 0.129883
2 0.891602 0.507324 0.211914 0.329102
2 0.269531 0.395996 0.0546875 0.0693359
2 0.178223 0.438965 0.130859 0.163086
2 0.180908 0.466309 0.0649414 0.161133
2 0.0969238 0.462891 0.187988 0.240234
2 0.0334473 0.509766 0.0610352 0.164062
