1 0.518311 0.358398 0.00341797 0.015625
1 0.648926 0.361328 0.0195312 0.09375
2 0.507324 0.368164 0.00585938 0.0253906
2 0.499023 0.366211 0.0146484 0.03125
2 0.497559 0.369141 0.00976562 0.0253906
2 0.489014 0.370117 0.0141602 0.0351562
2 0.488037 0.372559 0.0112305 0.0322266
2 0.47876 0.371582 0.0161133 0.0361328
2 0.468018 0.374023 0.0200195 0.0410156
2 0.45874 0.378418 0.0170898 0.0439453
2 0.447266 0.378418 0.0136719 0.0615234
2 0.422852 0.375977 0.0429688 0.0761719
2 0.420654 0.38916 0.0180664 0.0654297
2 0.40918 0.390625 0.0195312 0.0742188
2 0.37793 0.385742 0.0537109 0.101562
2 0.371094 0.402832 0.0332031 0.0927734
2 0.345459 0.410156 0.0415039 0.113281
2 0.312012 0.420898 0.0703125 0.142578
2 0.244873 0.442383 0.117676 0.183594
2 0.107178 0.490723 0.208496 0.301758
2 0.536377 0.389648 0.0512695 0.109375
2 0.554199 0.405762 0.0761719 0.114258
2 0.582275 0.35498 0.00244141 0.0205078
2 0.771484 0.371094 0.128906 0.15625
2 0.773193 0.402832 0.10791 0.163086
2 0.843262 0.399902 0.174805 0.196289
2 0.857666 0.425781 0.150879 0.220703
2 0.944336 0.428223 0.106445 0.268555
7 0.667969 0.359863 0.0214844 0.0224609
