1 0.349365 0.450684 0.0249023 0.147461
5 0.331543 0.476074 0.015625 0.0439453
2 0.409424 0.428711 0.0454102 0.0175781
2 0.411865 0.444824 0.050293 0.0439453
2 0.458252 0.454102 0.0249023 0.0292969
2 0.498779 0.451172 0.0258789 0.0351562
2 0.527832 0.44873 0.0371094 0.0380859
2 0.55835 0.447754 0.050293 0.0400391
2 0.598389 0.462891 0.0258789 0.0703125
2 0.613037 0.463867 0.0288086 0.0917969
2 0.638428 0.46875 0.0551758 0.111328
2 0.672852 0.487305 0.0751953 0.146484
2 0.726807 0.506836 0.105957 0.193359
2 0.824219 0.540039 0.202148 0.255859
2 0.939941 0.61084 0.115234 0.389648
6 0.483643 0.455566 0.00927734 0.0244141
