1 0.629639 0.388184 0.0112305 0.0419922
1 0.892334 0.35498 0.0239258 0.0322266
1 0.847412 0.359375 0.0219727 0.03125
1 0.762695 0.345215 0.0341797 0.0732422
1 0.736328 0.345215 0.0390625 0.0791016
2 0.404053 0.418945 0.019043 0.0332031
2 0.396729 0.422852 0.0200195 0.0390625
2 0.390137 0.422852 0.00878906 0.0390625
2 0.372803 0.42334 0.034668 0.0693359
2 0.493408 0.414551 0.0200195 0.0400391
2 0.496338 0.421875 0.0170898 0.0488281
2 0.50708 0.425781 0.0170898 0.0703125
2 0.542725 0.422852 0.0629883 0.123047
2 0.561768 0.442871 0.074707 0.110352
2 0.327881 0.424805 0.0727539 0.0820312
2 0.329346 0.439453 0.0209961 0.0742188
2 0.316162 0.441406 0.0424805 0.0820312
2 0.268555 0.445312 0.0898438 0.0996094
2 0.275879 0.458008 0.0732422 0.0917969
2 0.240967 0.462891 0.0834961 0.111328
2 0.205078 0.465332 0.0410156 0.12207
2 0.202148 0.480957 0.0302734 0.118164
2 0.127441 0.466797 0.15918 0.173828
2 0.0854492 0.481934 0.138672 0.170898
2 0.0627441 0.502441 0.119629 0.192383
2 0.0366211 0.535645 0.0673828 0.192383
2 0.439697 0.441895 0.0698242 0.114258
