1 0.231201 0.342773 0.00634766 0.0195312
1 0.238281 0.34668 0.00488281 0.0214844
1 0.243164 0.344727 0.00390625 0.0234375
1 0.345215 0.365723 0.00878906 0.0126953
1 0.373291 0.355957 0.00634766 0.0283203
1 0.37793 0.354492 0.00585938 0.0292969
1 0.383057 0.35498 0.00732422 0.0302734
1 0.392822 0.361816 0.00634766 0.0146484
1 0.427734 0.351562 0.00976562 0.03125
1 0.440186 0.350098 0.00634766 0.0244141
1 0.458984 0.358887 0.00585938 0.0126953
1 0.480469 0.356934 0.00488281 0.0126953
1 0.486084 0.351074 0.00732422 0.0224609
1 0.529785 0.347656 0.0078125 0.0234375
1 0.553467 0.349609 0.00927734 0.015625
1 0.532471 0.469238 0.00634766 0.0302734
1 0.536621 0.46875 0.00683594 0.0332031
1 0.541748 0.467773 0.00830078 0.0351562
1 0.549561 0.467773 0.00732422 0.0351562
1 0.556641 0.466797 0.00878906 0.0332031
1 0.586182 0.443848 0.00537109 0.0693359
1 0.593262 0.443359 0.0136719 0.0703125
1 0.580811 0.439453 0.0161133 0.0800781
1 0.570557 0.441895 0.0180664 0.0771484
1 0.658936 0.467285 0.0532227 0.188477
1 0.772217 0.460938 0.114746 0.275391
1 0.79126 0.452637 0.0444336 0.290039
1 0.493896 0.462891 0.0219727 0.175781
1 0.518066 0.459961 0.0341797 0.189453
1 0.437012 0.464844 0.0107422 0.046875
1 0.331299 0.469727 0.0297852 0.189453
1 0.357422 0.478027 0.0517578 0.178711
1 0.220215 0.388672 0.0078125 0.0332031
1 0.211182 0.496582 0.0317383 0.243164
1 0.230713 0.494141 0.0463867 0.261719
1 0.174561 0.502441 0.0424805 0.237305
1 0.104492 0.508301 0.0810547 0.356445
1 0.106689 0.556152 0.0834961 0.368164
1 0.0393066 0.555664 0.0727539 0.386719
1 0.412109 0.48584 0.0488281 0.299805
