1 0.378174 0.418945 0.00341797 0.0078125
1 0.374268 0.422852 0.00537109 0.015625
1 0.351807 0.427734 0.00439453 0.0273438
1 0.365479 0.431152 0.00244141 0.0283203
1 0.363525 0.429688 0.00439453 0.03125
1 0.359619 0.431152 0.00537109 0.0283203
1 0.128418 0.44043 0.00585938 0.0449219
1 0.131836 0.442383 0.00585938 0.0410156
2 0.606934 0.407715 0.0224609 0.0322266
2 0.562988 0.417969 0.0078125 0.015625
2 0.557129 0.437988 0.0195312 0.0322266
2 0.58252 0.426758 0.03125 0.0605469
2 0.538574 0.438965 0.0292969 0.0361328
2 0.509521 0.438477 0.0327148 0.0429688
2 0.48291 0.430664 0.0136719 0.0410156
2 0.334717 0.4375 0.0200195 0.0195312
2 0.0822754 0.445801 0.0805664 0.0576172
2 0.383789 0.449219 0.0332031 0.0566406
2 0.478027 0.441895 0.0078125 0.0361328
3 0.540527 0.40918 0.0458984 0.0429688
3 0.437012 0.396484 0.0888672 0.193359
