1 0.808838 0.397949 0.0239258 0.124023
1 0.786377 0.402832 0.0268555 0.120117
1 0.340088 0.396484 0.0151367 0.0566406
2 0.520752 0.383789 0.00634766 0.0078125
2 0.532471 0.383789 0.00341797 0.00976562
2 0.535156 0.383789 0.00390625 0.00976562
2 0.542969 0.381348 0.0136719 0.0166016
2 0.604248 0.380859 0.0229492 0.0410156
2 0.64624 0.391602 0.0336914 0.0546875
2 0.681396 0.394531 0.0463867 0.0683594
2 0.727783 0.279297 0.0112305 0.0664062
2 0.248291 0.386719 0.0200195 0.00976562
2 0.243652 0.408203 0.0332031 0.0449219
2 0.188477 0.414062 0.0546875 0.0664062
2 0.130615 0.420898 0.050293 0.0761719
2 0.0837402 0.429688 0.0708008 0.078125
2 0.526855 0.383789 0.0078125 0.0078125
8 0.400879 0.369141 0.078125 0.126953
7 0.16333 0.413086 0.00927734 0.0351562
