1 0.113281 0.439941 0.0322266 0.0947266
1 0.232666 0.454102 0.0356445 0.15625
1 0.284912 0.442871 0.00927734 0.0380859
5 0.58374 0.472656 0.0454102 0.193359
5 0.620605 0.46875 0.0380859 0.205078
2 0.36377 0.474609 0.163086 0.0957031
2 0.558594 0.446777 0.0078125 0.0126953
2 0.531494 0.458008 0.00439453 0.0078125
2 0.54248 0.456543 0.0146484 0.0244141
2 0.498779 0.460449 0.0366211 0.0498047
2 0.594482 0.438965 0.0151367 0.0419922
2 0.599609 0.458008 0.0166016 0.046875
7 0.293213 0.499023 0.0522461 0.0976562
7 0.821289 0.485352 0.0439453 0.132812
7 0.584229 0.516113 0.0336914 0.116211
7 0.627197 0.51416 0.0200195 0.124023
