1 0.589844 0.430664 0.0107422 0.0546875
5 0.537354 0.431152 0.0219727 0.0927734
2 0.514404 0.424805 0.0200195 0.0175781
2 0.490723 0.429199 0.0107422 0.0205078
2 0.48584 0.430664 0.00585938 0.0175781
2 0.461426 0.433594 0.0224609 0.0351562
2 0.456055 0.43457 0.0136719 0.0273438
2 0.44873 0.435059 0.0146484 0.0341797
2 0.552246 0.422852 0.00878906 0.0195312
2 0.565186 0.420898 0.0297852 0.0253906
2 0.562012 0.435547 0.0185547 0.0253906
2 0.59375 0.424316 0.0615234 0.0556641
2 0.598633 0.428711 0.0625 0.046875
2 0.0842285 0.499023 0.0795898 0.160156
2 0.0285645 0.438965 0.0512695 0.0615234
2 0.0375977 0.520508 0.0693359 0.193359
2 0.0175781 0.568359 0.0292969 0.125
2 0.751709 0.492188 0.123535 0.207031
2 0.835205 0.484375 0.0961914 0.261719
2 0.908447 0.488281 0.178223 0.291016
2 0.959717 0.660156 0.0756836 0.267578
2 0.215332 0.469238 0.155273 0.108398
7 0.312988 0.461914 0.0361328 0.0546875
7 0.639893 0.442383 0.027832 0.0527344
7 0.37793 0.452637 0.0146484 0.0517578
7 0.364502 0.444336 0.0102539 0.0351562
7 0.355225 0.457031 0.012207 0.0546875
7 0.535645 0.453613 0.046875 0.0615234
7 0.134277 0.459961 0.0195312 0.0507812
