1 0.380615 0.39502 0.00830078 0.0322266
2 0.467773 0.375488 0.0166016 0.0380859
2 0.0698242 0.46875 0.133789 0.166016
2 0.468262 0.399902 0.0166016 0.0322266
2 0.444092 0.404785 0.0336914 0.0380859
2 0.404785 0.412598 0.0507812 0.0576172
2 0.347168 0.421875 0.0712891 0.0761719
2 0.489502 0.375977 0.00537109 0.00585938
2 0.482178 0.398926 0.0209961 0.0439453
2 0.80127 0.380371 0.0351562 0.0419922
2 0.717285 0.393555 0.147461 0.123047
2 0.880371 0.418457 0.234375 0.223633
2 0.925049 0.45459 0.14502 0.192383
3 0.554688 0.354004 0.131836 0.282227
6 0.449707 0.413086 0.0126953 0.0351562
