2 0.50708 0.433594 0.00439453 0.0234375
2 0.514648 0.434082 0.015625 0.0263672
2 0.554688 0.444824 0.0263672 0.0576172
2 0.559082 0.457031 0.015625 0.0742188
2 0.577393 0.457031 0.0424805 0.0957031
2 0.476807 0.443848 0.0229492 0.0537109
2 0.473633 0.44873 0.0126953 0.0556641
2 0.463623 0.44873 0.0258789 0.0654297
2 0.463135 0.458008 0.0161133 0.0644531
2 0.454102 0.45752 0.0205078 0.0830078
2 0.44043 0.468262 0.0351562 0.118164
2 0.588379 0.471191 0.0332031 0.120117
2 0.633301 0.483398 0.100586 0.152344
2 0.399658 0.471191 0.0786133 0.155273
2 0.377197 0.492676 0.065918 0.180664
2 0.309814 0.503418 0.119629 0.254883
2 0.218018 0.561523 0.246582 0.353516
2 0.0881348 0.666016 0.17041 0.626953
2 0.875244 0.573242 0.244629 0.84375
