1 0.142822 0.383789 0.00634766 0.0625
1 0.0212402 0.371094 0.0239258 0.0546875
1 0.0644531 0.362793 0.0146484 0.0361328
1 0.0839844 0.360352 0.015625 0.0390625
1 0.0444336 0.362305 0.0214844 0.0449219
1 0.0732422 0.368652 0.015625 0.0224609
1 0.100098 0.364746 0.0273438 0.0341797
1 0.166992 0.413086 0.0214844 0.107422
1 0.208496 0.432617 0.0078125 0.0683594
1 0.891602 0.402832 0.0214844 0.104492
1 0.87915 0.449707 0.0424805 0.100586
2 0.0883789 0.491211 0.170898 0.222656
2 0.396729 0.441406 0.0864258 0.119141
7 0.915039 0.459473 0.0449219 0.102539
