1 0.0881348 0.443359 0.0200195 0.0878906
1 0.0600586 0.455566 0.0253906 0.108398
1 0.034668 0.453125 0.0283203 0.107422
1 0.368408 0.456055 0.0268555 0.15625
1 0.384766 0.451172 0.0273438 0.185547
1 0.417725 0.428711 0.0151367 0.128906
1 0.42627 0.422363 0.0185547 0.147461
1 0.433838 0.427734 0.0239258 0.140625
1 0.453125 0.423828 0.0390625 0.150391
1 0.579834 0.411133 0.0639648 0.220703
1 0.581787 0.522461 0.0639648 0.361328
1 0.634766 0.519043 0.0654297 0.405273
2 0.175049 0.436035 0.0249023 0.0517578
2 0.15332 0.438965 0.0371094 0.0693359
2 0.123291 0.449707 0.0639648 0.0869141
2 0.00537109 0.677734 0.00488281 0.197266
2 0.21167 0.421875 0.0297852 0.0507812
