1 0.723145 0.387695 0.015625 0.0683594
1 0.168457 0.425781 0.00683594 0.03125
2 0.345215 0.415039 0.00878906 0.0175781
2 0.355957 0.415527 0.0136719 0.0205078
2 0.371094 0.414551 0.0175781 0.0224609
2 0.520752 0.400391 0.0219727 0.0527344
2 0.514893 0.414551 0.0161133 0.0361328
2 0.448486 0.420898 0.034668 0.0585938
2 0.410889 0.435059 0.0581055 0.0791016
2 0.575928 0.393555 0.0170898 0.0878906
2 0.545898 0.408691 0.0283203 0.0556641
2 0.489746 0.428223 0.0546875 0.0810547
2 0.260742 0.477051 0.137695 0.174805
7 0.723389 0.438477 0.0415039 0.140625
7 0.753418 0.443359 0.0449219 0.164062
7 0.979248 0.586914 0.0366211 0.210938
