1 0.6875 0.402344 0.0322266 0.123047
1 0.564697 0.401855 0.00732422 0.0400391
1 0.618896 0.398438 0.0258789 0.126953
1 0.488281 0.397461 0.00488281 0.0136719
1 0.0959473 0.427734 0.0249023 0.148438
1 0.00537109 0.42627 0.00488281 0.104492
2 0.502441 0.397949 0.0078125 0.0107422
2 0.51416 0.394531 0.00878906 0.00585938
2 0.514404 0.404785 0.012207 0.0205078
2 0.471924 0.399414 0.0102539 0.015625
2 0.454102 0.391602 0.0175781 0.0292969
2 0.468262 0.412109 0.0185547 0.0253906
2 0.431641 0.398926 0.0214844 0.0458984
2 0.447754 0.411621 0.0253906 0.0380859
2 0.423584 0.409668 0.0112305 0.0341797
2 0.418701 0.411133 0.0102539 0.0371094
2 0.364502 0.396973 0.0170898 0.0263672
2 0.391846 0.414062 0.050293 0.0820312
2 0.30127 0.42041 0.0478516 0.0732422
2 0.334229 0.430176 0.0727539 0.0966797
2 0.468262 0.398438 0.00976562 0.00390625
6 0.970703 0.405762 0.0332031 0.114258
7 0.201416 0.436035 0.0200195 0.0556641
