1 0.954834 0.421875 0.00927734 0.0957031
1 0.941162 0.433594 0.034668 0.115234
1 0.959961 0.424805 0.0175781 0.136719
1 0.706299 0.426758 0.0131836 0.0722656
1 0.727539 0.442383 0.03125 0.152344
1 0.892578 0.402344 0.0166016 0.0585938
1 0.619385 0.429688 0.0200195 0.146484
1 0.0319824 0.375 0.0239258 0.0644531
1 0.0512695 0.376465 0.0195312 0.0615234
1 0.0773926 0.378906 0.0209961 0.0507812
1 0.106689 0.375 0.0239258 0.0605469
1 0.0810547 0.393066 0.0195312 0.0283203
1 0.0166016 0.375977 0.0253906 0.0859375
1 0.0654297 0.440918 0.046875 0.124023
1 0.0986328 0.443359 0.0283203 0.126953
1 0.273682 0.404297 0.0336914 0.119141
1 0.387451 0.42041 0.0258789 0.139648
5 0.245117 0.42041 0.0292969 0.12207
7 0.988037 0.478027 0.019043 0.147461
7 0.743896 0.43457 0.00830078 0.0566406
7 0.800537 0.458984 0.0561523 0.109375
7 0.013916 0.507324 0.0219727 0.114258
7 0.246582 0.442871 0.0234375 0.0810547
7 0.446777 0.451172 0.0439453 0.119141
7 0.536133 0.45459 0.0263672 0.0927734
7 0.60083 0.480957 0.0532227 0.155273
7 0.316162 0.471191 0.0678711 0.174805
