1 0.8125 0.341797 0.00390625 0.0566406
1 0.943848 0.345703 0.0214844 0.0917969
1 0.919434 0.353516 0.0244141 0.111328
1 0.488281 0.368652 0.00488281 0.0556641
1 0.484619 0.364746 0.00830078 0.0654297
5 0.758057 0.417969 0.0541992 0.25
2 0.605957 0.349121 0.00488281 0.0166016
2 0.528809 0.355957 0.00976562 0.0224609
2 0.717041 0.345703 0.00732422 0.015625
2 0.537354 0.355957 0.00341797 0.0107422
2 0.711182 0.353027 0.012207 0.0224609
2 0.69751 0.358398 0.0161133 0.0273438
2 0.679932 0.356934 0.0170898 0.0224609
2 0.66626 0.359375 0.0102539 0.0273438
2 0.638916 0.364746 0.00830078 0.0322266
2 0.653076 0.364746 0.027832 0.0419922
2 0.596436 0.348145 0.00732422 0.0107422
2 0.616699 0.341309 0.00878906 0.0107422
2 0.478271 0.357422 0.00634766 0.0214844
2 0.185059 0.375977 0.0439453 0.0410156
2 0.466553 0.358887 0.0229492 0.0263672
2 0.619141 0.365234 0.0263672 0.0390625
2 0.573975 0.367188 0.0571289 0.0644531
2 0.768799 0.335938 0.0141602 0.00976562
2 0.429688 0.374023 0.0683594 0.0585938
2 0.401855 0.380371 0.0820312 0.0693359
2 0.298828 0.487305 0.232422 0.306641
2 0.126953 0.641113 0.248047 0.708008
6 0.991699 0.512207 0.0117188 0.135742
7 0.750977 0.498535 0.0273438 0.129883
7 0.953613 0.484863 0.0878906 0.180664
