1 0.133057 0.370117 0.0327148 0.0664062
1 0.133545 0.404785 0.0200195 0.0556641
1 0.14624 0.40625 0.0200195 0.0527344
1 0.0983887 0.382812 0.0209961 0.0957031
1 0.835205 0.424805 0.0161133 0.0859375
1 0.861816 0.402832 0.0195312 0.157227
1 0.875977 0.405273 0.0234375 0.158203
1 0.611816 0.433105 0.0400391 0.266602
1 0.574219 0.434082 0.0498047 0.305664
5 0.566162 0.395508 0.00830078 0.0449219
5 0.269775 0.427734 0.0708008 0.277344
2 0.673096 0.384277 0.00244141 0.00488281
2 0.671143 0.388184 0.00439453 0.0107422
2 0.666992 0.388672 0.0078125 0.0136719
2 0.665283 0.390137 0.00634766 0.0146484
2 0.658691 0.388672 0.0078125 0.0214844
2 0.654785 0.388672 0.00585938 0.0214844
2 0.634033 0.381836 0.0219727 0.0117188
2 0.646973 0.396973 0.0126953 0.0224609
2 0.633057 0.396973 0.019043 0.0322266
2 0.595215 0.39209 0.00195312 0.0205078
2 0.556641 0.400879 0.015625 0.0341797
2 0.509766 0.407715 0.0410156 0.0517578
2 0.466797 0.408203 0.0898438 0.0566406
2 0.679932 0.391113 0.0151367 0.0205078
2 0.701904 0.39209 0.059082 0.0537109
2 0.72876 0.404785 0.0415039 0.0615234
7 0.566406 0.410156 0.0078125 0.0351562
7 0.263916 0.507324 0.160645 0.19043
