5 0.680908 0.415039 0.0131836 0.0390625
2 0.689453 0.422363 0.00585938 0.0205078
2 0.719971 0.425781 0.00244141 0.0253906
2 0.702393 0.421387 0.0219727 0.0439453
2 0.648682 0.408691 0.0463867 0.0830078
2 0.625977 0.426758 0.0244141 0.0527344
2 0.600586 0.421387 0.0302734 0.0712891
2 0.552002 0.412109 0.0698242 0.107422
2 0.89917 0.556152 0.196777 0.415039
6 0.679443 0.432617 0.012207 0.0273438
7 0.275391 0.433594 0.0244141 0.0507812
7 0.325684 0.411133 0.00585938 0.00585938
7 0.346191 0.431152 0.00976562 0.0537109
