1 0.55127 0.400879 0.00878906 0.0595703
1 0.545166 0.405273 0.0151367 0.0546875
1 0.557617 0.404785 0.0126953 0.0634766
1 0.58374 0.411133 0.0141602 0.0996094
1 0.609619 0.404785 0.0170898 0.120117
1 0.595703 0.416992 0.0332031 0.140625
1 0.629883 0.408203 0.0302734 0.152344
1 0.250244 0.459961 0.043457 0.238281
1 0.56543 0.404785 0.0117188 0.0615234
2 0.481689 0.407715 0.0209961 0.0341797
2 0.481201 0.412598 0.0151367 0.0400391
2 0.468994 0.414062 0.0268555 0.0429688
2 0.400391 0.427246 0.0908203 0.172852
2 0.365479 0.461914 0.122559 0.189453
2 0.508789 0.415527 0.0390625 0.0654297
2 0.0812988 0.642578 0.156738 0.623047
7 0.449951 0.446289 0.0170898 0.0429688
