1 0.709961 0.427246 0.03125 0.15918
1 0.759766 0.427246 0.0175781 0.139648
1 0.364746 0.411621 0.00683594 0.0126953
1 0.355713 0.412109 0.00439453 0.0078125
1 0.321289 0.425781 0.0136719 0.0371094
1 0.271484 0.435547 0.00585938 0.0253906
1 0.267822 0.436523 0.00830078 0.0273438
1 0.262451 0.445801 0.0131836 0.0517578
1 0.247314 0.431641 0.00537109 0.0175781
1 0.242432 0.4375 0.0161133 0.0273438
1 0.219482 0.444824 0.0209961 0.100586
1 0.295898 0.444336 0.0166016 0.078125
1 0.281738 0.441895 0.0175781 0.0947266
1 0.0808105 0.456055 0.0151367 0.117188
1 0.115967 0.464844 0.0297852 0.128906
1 0.0546875 0.472656 0.0429688 0.1875
2 0.569092 0.383789 0.0424805 0.0507812
2 0.484375 0.384277 0.00488281 0.00878906
2 0.463135 0.401367 0.00634766 0.0136719
2 0.458984 0.415527 0.00976562 0.0166016
2 0.455566 0.418457 0.0107422 0.0166016
2 0.449707 0.424316 0.015625 0.0244141
2 0.469727 0.423828 0.0117188 0.0175781
2 0.512939 0.404297 0.012207 0.03125
2 0.496582 0.407227 0.00976562 0.0117188
2 0.491943 0.418457 0.0258789 0.0263672
2 0.487061 0.436035 0.0336914 0.0517578
2 0.516846 0.414062 0.0102539 0.0214844
2 0.517822 0.416016 0.00732422 0.0195312
2 0.556641 0.447266 0.0791016 0.15625
2 0.739014 0.431641 0.0336914 0.0878906
2 0.957764 0.536133 0.0795898 0.628906
2 0.417236 0.435547 0.0307617 0.046875
2 0.384521 0.44043 0.0385742 0.0644531
2 0.342529 0.471191 0.0756836 0.110352
3 0.475586 0.399414 0.0117188 0.0253906
3 0.493652 0.399414 0.0283203 0.0292969
6 0.0141602 0.486328 0.0224609 0.121094
7 0.629639 0.447754 0.0268555 0.0595703
7 0.894775 0.462891 0.0600586 0.134766
