2 0.0563965 0.481934 0.0297852 0.0224609
2 0.601318 0.436035 0.0161133 0.00878906
2 0.608154 0.458008 0.019043 0.0410156
2 0.567383 0.456543 0.0234375 0.0478516
2 0.592285 0.458008 0.0273438 0.0527344
2 0.581543 0.463379 0.0341797 0.0537109
2 0.649414 0.42627 0.0693359 0.0771484
2 0.63916 0.466797 0.0566406 0.0839844
2 0.740479 0.421387 0.187988 0.139648
2 0.723145 0.45166 0.149414 0.178711
2 0.769287 0.455078 0.188965 0.158203
2 0.83252 0.47168 0.25293 0.275391
2 0.897461 0.503418 0.200195 0.358398
