1 0.833008 0.375 0.0185547 0.0390625
1 0.884521 0.364258 0.0180664 0.0546875
1 0.900879 0.370605 0.0302734 0.0537109
1 0.926758 0.518555 0.0927734 0.292969
1 0.542236 0.431641 0.0258789 0.150391
1 0.518555 0.437012 0.0292969 0.141602
1 0.467529 0.435547 0.0131836 0.0625
1 0.368164 0.420898 0.0185547 0.0332031
1 0.310547 0.413574 0.0185547 0.0498047
1 0.223389 0.407715 0.0209961 0.0634766
1 0.248535 0.443848 0.0458984 0.200195
1 0.00976562 0.439453 0.0136719 0.111328
2 0.587646 0.438477 0.0483398 0.046875
2 0.480225 0.446289 0.0375977 0.0410156
2 0.429932 0.438477 0.0424805 0.0585938
3 0.553955 0.430664 0.0395508 0.0644531
7 0.590576 0.446289 0.0219727 0.03125
7 0.649902 0.428223 0.0117188 0.0283203
7 0.638428 0.442871 0.0200195 0.0595703
7 0.667969 0.428223 0.0136719 0.0380859
7 0.675049 0.446289 0.0258789 0.0800781
7 0.691406 0.459961 0.03125 0.0859375
7 0.791748 0.483887 0.0473633 0.172852
7 0.826904 0.476562 0.0424805 0.175781
7 0.869873 0.45752 0.043457 0.15918
7 0.979492 0.508301 0.0361328 0.219727
7 0.925781 0.563477 0.0771484 0.138672
7 0.198486 0.44873 0.027832 0.0634766
7 0.169678 0.454102 0.034668 0.0585938
