1 0.623047 0.393555 0.00585938 0.046875
1 0.837891 0.390137 0.0078125 0.116211
1 0.852783 0.40625 0.0297852 0.136719
1 0.341553 0.396973 0.00732422 0.0458984
1 0.345703 0.397949 0.00976562 0.0478516
1 0.741943 0.349609 0.00537109 0.0195312
1 0.313965 0.379395 0.0126953 0.0263672
1 0.324707 0.395508 0.00976562 0.0507812
1 0.154541 0.367188 0.0102539 0.0234375
1 0.138184 0.359863 0.0195312 0.0244141
1 0.118408 0.356445 0.0131836 0.0253906
1 0.0625 0.347656 0.0136719 0.0566406
1 0.633301 0.384277 0.0078125 0.0380859
1 0.592529 0.39209 0.00830078 0.0458984
1 0.674805 0.355469 0.00683594 0.0136719
1 0.704346 0.428711 0.0424805 0.232422
1 0.735107 0.381348 0.019043 0.0908203
1 0.740723 0.404297 0.0078125 0.0488281
1 0.93042 0.404785 0.0307617 0.172852
1 0.962891 0.426758 0.0527344 0.259766
1 0.990479 0.429199 0.0141602 0.204102
5 0.358154 0.395508 0.0200195 0.0722656
5 0.282471 0.404297 0.0288086 0.123047
5 0.227539 0.410156 0.0429688 0.197266
2 0.456055 0.369141 0.0136719 0.0078125
2 0.457764 0.39502 0.0180664 0.0517578
2 0.432617 0.397461 0.0429688 0.0996094
2 0.39502 0.418457 0.0810547 0.124023
2 0.115479 0.466309 0.149902 0.194336
2 0.0283203 0.462891 0.0507812 0.271484
4 0.466309 0.362793 0.0126953 0.0302734
4 0.506104 0.359375 0.0668945 0.177734
6 0.575195 0.399902 0.0214844 0.0419922
7 0.204102 0.365723 0.09375 0.0244141
7 0.227539 0.484375 0.0390625 0.128906
7 0.280029 0.45752 0.0317383 0.108398
7 0.562744 0.405762 0.0180664 0.0322266
