2 0.645264 0.438477 0.0581055 0.0683594
2 0.658203 0.447266 0.0351562 0.0742188
2 0.674561 0.449707 0.0327148 0.0849609
2 0.689697 0.459473 0.0356445 0.112305
2 0.715088 0.464355 0.0600586 0.135742
2 0.73999 0.481445 0.0522461 0.160156
2 0.894043 0.517578 0.207031 0.390625
2 0.977539 0.638672 0.0400391 0.277344
2 0.47583 0.453125 0.0356445 0.0800781
2 0.451416 0.459961 0.0415039 0.0917969
2 0.426025 0.466309 0.0375977 0.112305
2 0.370605 0.459473 0.0839844 0.172852
2 0.311035 0.501465 0.09375 0.194336
2 0.159912 0.538574 0.26123 0.307617
