1 0.258301 0.382812 0.0126953 0.0585938
1 0.525146 0.368652 0.00439453 0.0126953
1 0.0534668 0.42627 0.0219727 0.149414
1 0.0405273 0.425781 0.0361328 0.162109
2 0.377197 0.348145 0.00439453 0.0126953
2 0.354004 0.376465 0.0166016 0.0302734
2 0.38208 0.366699 0.0151367 0.0244141
2 0.350098 0.388672 0.0146484 0.0390625
2 0.339355 0.393066 0.0195312 0.0498047
2 0.324219 0.402832 0.0166016 0.0732422
2 0.308838 0.405273 0.0307617 0.078125
2 0.283203 0.415039 0.0615234 0.0976562
2 0.374268 0.397461 0.0356445 0.0527344
2 0.42334 0.358887 0.0078125 0.0263672
2 0.42041 0.39209 0.00976562 0.0537109
2 0.449219 0.372559 0.0566406 0.12793
2 0.472168 0.423828 0.0527344 0.09375
2 0.501465 0.441895 0.0556641 0.104492
2 0.512695 0.472168 0.0136719 0.0849609
2 0.684326 0.405762 0.0405273 0.0458984
2 0.595215 0.472656 0.177734 0.306641
2 0.32959 0.399902 0.0146484 0.0654297
6 0.824707 0.430176 0.0244141 0.110352
