1 0.29248 0.390625 0.0146484 0.0859375
1 0.219727 0.392578 0.00585938 0.0175781
1 0.283447 0.39502 0.0209961 0.0830078
1 0.37793 0.369141 0.00683594 0.0449219
1 0.703369 0.161133 0.0131836 0.0839844
1 0.723877 0.169434 0.00634766 0.0146484
1 0.742188 0.165039 0.00683594 0.0195312
1 0.734131 0.141602 0.0170898 0.0429688
1 0.78418 0.155762 0.0205078 0.0478516
1 0.993164 0.101562 0.00878906 0.0292969
1 0.937256 0.106445 0.019043 0.0507812
1 0.914795 0.125 0.012207 0.0371094
1 0.882324 0.128906 0.00976562 0.046875
1 0.898926 0.122559 0.0175781 0.0478516
1 0.825439 0.157715 0.0161133 0.0283203
1 0.845215 0.137695 0.0224609 0.0507812
1 0.866699 0.131348 0.0175781 0.0400391
1 0.775635 0.369141 0.012207 0.0898438
1 0.748535 0.42627 0.015625 0.188477
1 0.712891 0.434082 0.0332031 0.206055
1 0.735596 0.431152 0.0268555 0.225586
1 0.759766 0.42334 0.03125 0.217773
2 0.523193 0.380859 0.0229492 0.0292969
2 0.530518 0.383789 0.0112305 0.00976562
2 0.504639 0.38916 0.0112305 0.0126953
2 0.518066 0.391602 0.0107422 0.015625
2 0.490234 0.40332 0.0175781 0.0527344
2 0.507568 0.416504 0.0180664 0.0419922
2 0.460938 0.399902 0.0527344 0.139648
2 0.564453 0.398926 0.0429688 0.0361328
2 0.549561 0.45166 0.0922852 0.157227
