1 0.746826 0.373535 0.00927734 0.0244141
1 0.948486 0.389648 0.0102539 0.0898438
1 0.968262 0.373047 0.0214844 0.0449219
1 0.0859375 0.395508 0.00683594 0.0292969
2 0.751221 0.394043 0.0209961 0.0263672
2 0.570312 0.387207 0.0136719 0.0146484
2 0.577148 0.404785 0.0195312 0.0478516
2 0.699219 0.410645 0.0673828 0.124023
2 0.966797 0.359863 0.0439453 0.0244141
2 0.975098 0.392578 0.0449219 0.0683594
2 0.848633 0.416992 0.195312 0.234375
2 0.481934 0.387695 0.00976562 0.015625
2 0.491211 0.386719 0.00976562 0.0136719
2 0.505371 0.39502 0.0195312 0.0400391
2 0.510498 0.401367 0.0161133 0.046875
2 0.519775 0.404297 0.0229492 0.0527344
2 0.522949 0.409668 0.0136719 0.0537109
2 0.545898 0.407715 0.046875 0.0771484
2 0.625244 0.430176 0.10498 0.172852
2 0.0200195 0.400391 0.0341797 0.0351562
2 0.0625 0.398926 0.0537109 0.0439453
2 0.125244 0.411133 0.0483398 0.0507812
2 0.179688 0.408691 0.0429688 0.0732422
4 0.469482 0.390137 0.00634766 0.0244141
4 0.290527 0.352051 0.203125 0.241211
7 0.154297 0.415039 0.015625 0.0429688
