1 0.337158 0.420898 0.00830078 0.0527344
1 0.330322 0.402832 0.00732422 0.0205078
1 0.324219 0.404297 0.00976562 0.0234375
1 0.31958 0.407227 0.00830078 0.0292969
1 0.310791 0.399414 0.00537109 0.015625
1 0.301758 0.408203 0.0136719 0.0273438
1 0.311768 0.424316 0.0161133 0.0615234
1 0.200195 0.424805 0.0195312 0.101562
1 0.598389 0.402344 0.00341797 0.046875
1 0.601807 0.40625 0.0102539 0.0546875
1 0.618652 0.410645 0.0136719 0.0673828
1 0.669434 0.416992 0.015625 0.09375
1 0.658691 0.415039 0.0126953 0.128906
1 0.776855 0.536621 0.0332031 0.0380859
1 0.835449 0.419922 0.0175781 0.195312
1 0.721436 0.431152 0.0170898 0.204102
5 0.484619 0.400391 0.0170898 0.0234375
5 0.483154 0.419922 0.0668945 0.179688
2 0.447266 0.400879 0.00878906 0.0126953
2 0.0742188 0.58252 0.142578 0.549805
2 0.518066 0.401855 0.0136719 0.0263672
2 0.634521 0.417969 0.0180664 0.0664062
6 0.481445 0.476074 0.113281 0.168945
7 0.163818 0.446777 0.0473633 0.0595703
