1 0.913818 0.363281 0.0366211 0.103516
2 0.365723 0.400879 0.0419922 0.0380859
2 0.385986 0.402344 0.0444336 0.046875
2 0.401855 0.406738 0.0527344 0.0537109
2 0.430176 0.40625 0.0634766 0.0566406
2 0.450684 0.409668 0.0859375 0.0595703
2 0.315918 0.402344 0.00585938 0.00976562
2 0.324951 0.449707 0.012207 0.0615234
2 0.28418 0.391113 0.0810547 0.0712891
2 0.29248 0.477539 0.0693359 0.175781
2 0.199951 0.519531 0.163574 0.320312
2 0.756348 0.514648 0.0302734 0.015625
2 0.111084 0.679199 0.216309 0.631836
2 0.55127 0.42627 0.124023 0.112305
2 0.57373 0.458008 0.0507812 0.078125
2 0.603027 0.490234 0.0761719 0.0996094
2 0.740723 0.386719 0.293945 0.320312
2 0.891357 0.505371 0.212402 0.338867
