1 0.4729 0.382324 0.00927734 0.0361328
1 0.545898 0.375977 0.0078125 0.0117188
1 0.54541 0.40918 0.00878906 0.0527344
1 0.512207 0.399414 0.0107422 0.0585938
1 0.51416 0.403809 0.0117188 0.0537109
1 0.612061 0.388672 0.00927734 0.03125
1 0.590576 0.388672 0.00634766 0.0273438
1 0.696533 0.412598 0.0366211 0.15332
2 0.530029 0.392578 0.0102539 0.0175781
2 0.562744 0.398926 0.0229492 0.0361328
2 0.546143 0.401855 0.027832 0.0419922
7 0.595947 0.428223 0.0102539 0.0537109
7 0.672119 0.463379 0.0375977 0.133789
