1 0.699463 0.443848 0.0161133 0.0595703
1 0.904297 0.445312 0.0390625 0.185547
5 0.626221 0.478516 0.0571289 0.216797
2 0.30249 0.438965 0.0151367 0.0146484
2 0.287598 0.445801 0.0195312 0.0244141
2 0.237793 0.449219 0.0185547 0.0332031
2 0.263916 0.456055 0.0288086 0.0429688
2 0.19873 0.447754 0.0302734 0.0419922
2 0.219482 0.458496 0.0288086 0.0400391
2 0.173096 0.449219 0.0307617 0.0449219
2 0.501953 0.463379 0.0175781 0.0322266
2 0.530518 0.44873 0.0444336 0.0771484
2 0.368164 0.470703 0.123047 0.21875
7 0.625 0.538086 0.0263672 0.142578
