1 0.0900879 0.40625 0.00732422 0.0800781
1 0.162598 0.410645 0.0136719 0.0537109
1 0.231689 0.376465 0.00927734 0.0224609
1 0.257324 0.375488 0.00585938 0.0146484
1 0.762939 0.411133 0.0454102 0.287109
1 0.80957 0.455078 0.03125 0.179688
1 0.843262 0.416504 0.0507812 0.254883
1 0.511963 0.360352 0.00439453 0.0078125
1 0.554688 0.394531 0.0126953 0.105469
1 0.580811 0.369141 0.0151367 0.0625
1 0.597168 0.384766 0.0185547 0.0957031
1 0.608398 0.388672 0.0126953 0.105469
1 0.607666 0.388672 0.0297852 0.123047
2 0.315918 0.399414 0.0244141 0.0488281
2 0.311035 0.404297 0.0126953 0.046875
2 0.289062 0.399902 0.0390625 0.0615234
2 0.284424 0.413086 0.027832 0.0546875
2 0.258789 0.416504 0.0439453 0.0673828
2 0.217773 0.416992 0.0488281 0.0820312
2 0.401611 0.385254 0.0151367 0.0244141
2 0.438965 0.382324 0.0166016 0.0283203
2 0.771973 0.38916 0.0820312 0.0986328
2 0.459961 0.380859 0.00976562 0.0234375
2 0.489746 0.387695 0.0302734 0.0644531
2 0.499756 0.39502 0.0375977 0.0693359
2 0.526611 0.408691 0.0512695 0.0712891
7 0.189209 0.430176 0.0200195 0.0517578
