1 0.677734 0.387207 0.00683594 0.0302734
5 0.705078 0.392578 0.0078125 0.0390625
2 0.368652 0.462402 0.116211 0.213867
2 0.219971 0.496094 0.274902 0.359375
2 0.0734863 0.556641 0.141113 0.628906
2 0.56958 0.395996 0.0180664 0.0341797
2 0.553955 0.398926 0.0200195 0.0322266
2 0.545898 0.407227 0.00488281 0.0351562
2 0.530273 0.400879 0.0302734 0.0595703
2 0.521973 0.40918 0.03125 0.0605469
2 0.519531 0.414551 0.0234375 0.0673828
2 0.51709 0.42041 0.015625 0.0693359
2 0.488525 0.418457 0.0581055 0.0888672
2 0.687744 0.370605 0.00634766 0.0126953
2 0.676025 0.373535 0.00830078 0.0107422
