1 0.100098 0.390625 0.00878906 0.0429688
1 0.0927734 0.391113 0.0078125 0.0458984
2 0.0153809 0.390137 0.00830078 0.0244141
2 0.0102539 0.395508 0.0146484 0.0332031
2 0.234863 0.387207 0.0283203 0.0302734
2 0.17627 0.394531 0.0146484 0.0234375
2 0.217041 0.400391 0.0112305 0.0234375
2 0.205078 0.405762 0.0214844 0.0361328
2 0.255615 0.394043 0.0141602 0.0146484
2 0.241455 0.404785 0.0219727 0.0322266
2 0.26416 0.408691 0.0263672 0.0419922
2 0.327637 0.405273 0.0263672 0.0410156
2 0.3396 0.408203 0.019043 0.0371094
2 0.349854 0.409668 0.0131836 0.0439453
2 0.427246 0.395508 0.015625 0.0136719
2 0.439697 0.41748 0.0268555 0.0595703
2 0.455566 0.417969 0.0371094 0.0644531
2 0.477295 0.419434 0.0385742 0.0693359
2 0.505615 0.420898 0.0532227 0.0820312
2 0.524658 0.427246 0.0444336 0.0927734
2 0.556152 0.434082 0.0537109 0.112305
2 0.591797 0.436523 0.0605469 0.140625
2 0.635742 0.44873 0.0908203 0.168945
2 0.723877 0.458496 0.162598 0.243164
2 0.866211 0.491211 0.262695 0.375
2 0.389893 0.427734 0.0766602 0.136719
