1 0.296387 0.400391 0.0117188 0.0429688
1 0.282227 0.39209 0.0107422 0.0146484
1 0.500488 0.350098 0.00390625 0.0126953
1 0.491455 0.368164 0.00146484 0.0195312
1 0.503418 0.430664 0.00976562 0.150391
1 0.52124 0.481934 0.0219727 0.0654297
1 0.481934 0.432617 0.0205078 0.152344
1 0.629395 0.408203 0.0136719 0.0917969
1 0.777344 0.408691 0.0205078 0.108398
1 0.806152 0.416504 0.0292969 0.104492
1 0.940186 0.433594 0.0219727 0.0957031
1 0.931396 0.432129 0.0249023 0.0751953
1 0.165283 0.437988 0.019043 0.125977
1 0.154785 0.437012 0.015625 0.114258
1 0.14209 0.424316 0.0205078 0.15332
1 0.121094 0.432129 0.0078125 0.133789
1 0.0998535 0.42334 0.043457 0.19043
1 0.672363 0.433594 0.015625 0.142578
5 0.647949 0.419434 0.0351562 0.168945
2 0.455566 0.415039 0.00976562 0.0390625
2 0.467773 0.40625 0.0244141 0.0644531
2 0.467773 0.418945 0.0126953 0.0507812
2 0.473877 0.420898 0.0112305 0.0664062
2 0.0568848 0.393555 0.012207 0.0390625
2 0.432861 0.435059 0.0415039 0.0908203
2 0.324951 0.421875 0.0571289 0.109375
2 0.244385 0.452637 0.117676 0.141602
2 0.37793 0.455078 0.111328 0.166016
8 0.236084 0.370605 0.059082 0.0322266
8 0.294434 0.380371 0.0595703 0.0380859
6 0.726074 0.445312 0.0400391 0.0742188
7 0.719238 0.453125 0.0292969 0.0761719
7 0.703369 0.453125 0.0161133 0.0820312
7 0.69165 0.441895 0.0239258 0.0986328
7 0.68457 0.450195 0.0126953 0.0800781
7 0.650146 0.463379 0.043457 0.100586
