1 0.80835 0.453613 0.0610352 0.307617
1 0.850586 0.453125 0.0537109 0.328125
1 0.462891 0.442871 0.0117188 0.0537109
1 0.395508 0.447754 0.0126953 0.0556641
1 0.604492 0.437012 0.0146484 0.0927734
1 0.0202637 0.434082 0.0161133 0.0380859
1 0.13208 0.439453 0.0161133 0.0410156
1 0.111572 0.466797 0.0229492 0.0839844
1 0.152344 0.432617 0.00878906 0.0214844
1 0.0397949 0.440918 0.0151367 0.0322266
1 0.0537109 0.442383 0.0175781 0.0351562
2 0.445801 0.451172 0.0136719 0.0253906
2 0.426025 0.45166 0.0327148 0.0478516
2 0.506592 0.447754 0.0180664 0.0302734
2 0.517822 0.446289 0.0102539 0.03125
2 0.554199 0.444824 0.0419922 0.0380859
2 0.586182 0.443359 0.0209961 0.0644531
2 0.590576 0.452148 0.0141602 0.0527344
2 0.614502 0.437988 0.0532227 0.0849609
2 0.625488 0.443848 0.0224609 0.0693359
2 0.647217 0.449707 0.0405273 0.0908203
2 0.666748 0.45166 0.0375977 0.0966797
2 0.687744 0.451172 0.0385742 0.113281
2 0.725342 0.453125 0.0932617 0.123047
2 0.735107 0.468262 0.074707 0.151367
2 0.767334 0.47168 0.0297852 0.179688
2 0.886475 0.466797 0.222168 0.285156
2 0.380371 0.453613 0.0224609 0.0439453
2 0.36084 0.455078 0.0273438 0.0527344
2 0.346191 0.456055 0.0361328 0.0644531
2 0.313721 0.456543 0.0493164 0.0771484
2 0.302246 0.46582 0.0400391 0.0761719
2 0.257812 0.464355 0.0634766 0.108398
2 0.187256 0.478027 0.112793 0.137695
7 0.571289 0.445801 0.0126953 0.0537109
