1 0.607422 0.42627 0.00976562 0.0556641
2 0.549072 0.431152 0.0141602 0.0185547
2 0.534912 0.431641 0.0161133 0.0214844
2 0.506104 0.431641 0.0170898 0.0253906
2 0.45459 0.434082 0.0117188 0.0283203
2 0.461182 0.432617 0.00634766 0.0351562
2 0.477295 0.432129 0.0317383 0.0537109
2 0.417236 0.420898 0.00634766 0.00976562
2 0.400879 0.435547 0.0332031 0.0429688
2 0.433838 0.432129 0.0336914 0.0576172
2 0.361816 0.438477 0.0410156 0.0585938
2 0.303467 0.449707 0.0493164 0.0654297
2 0.253906 0.45752 0.0566406 0.0908203
2 0.195557 0.464355 0.0922852 0.112305
2 0.120361 0.48291 0.0922852 0.120117
2 0.0429688 0.492188 0.0800781 0.169922
2 0.80249 0.417969 0.0649414 0.0703125
