1 0.592529 0.38623 0.00537109 0.0205078
1 0.536133 0.383789 0.00292969 0.0214844
1 0.531982 0.394043 0.00927734 0.0400391
1 0.60791 0.498047 0.09375 0.40625
1 0.748291 0.484375 0.103027 0.414062
1 0.540771 0.389648 0.00634766 0.0273438
2 0.549316 0.398438 0.00488281 0.015625
2 0.546631 0.383789 0.00830078 0.0273438
2 0.561035 0.367676 0.0273438 0.0498047
2 0.561523 0.384277 0.0214844 0.0224609
2 0.552979 0.405273 0.00537109 0.0273438
2 0.583496 0.390625 0.0146484 0.0253906
2 0.566406 0.429199 0.0546875 0.0654297
2 0.666748 0.381836 0.0698242 0.0253906
2 0.660156 0.44873 0.0576172 0.12793
2 0.704346 0.391113 0.050293 0.0654297
2 0.699219 0.479004 0.0673828 0.196289
2 0.86377 0.388672 0.267578 0.462891
2 0.928955 0.474121 0.137207 0.47168
7 0.118408 0.476074 0.0639648 0.151367
7 0.0820312 0.517578 0.0117188 0.0800781
7 0.0581055 0.525879 0.0175781 0.0771484
7 0.0251465 0.540039 0.034668 0.0605469
7 0.0270996 0.418945 0.0336914 0.0332031
7 0.0163574 0.438477 0.0229492 0.0175781
