5 0.661377 0.412598 0.0229492 0.120117
2 0.84668 0.399414 0.0107422 0.0214844
2 0.867188 0.400391 0.0126953 0.0371094
2 0.880615 0.400879 0.0297852 0.0458984
2 0.902344 0.404785 0.0263672 0.0693359
2 0.912842 0.407715 0.0327148 0.0712891
2 0.928223 0.416016 0.0361328 0.0761719
2 0.960693 0.41748 0.0620117 0.0947266
2 0.972168 0.428711 0.0507812 0.0996094
2 0.754395 0.396973 0.0166016 0.0361328
2 0.753418 0.398926 0.0126953 0.0322266
2 0.739746 0.399902 0.0224609 0.0380859
2 0.714111 0.407227 0.0229492 0.046875
2 0.705566 0.413086 0.0166016 0.0507812
2 0.687256 0.413574 0.0327148 0.0576172
2 0.641846 0.421875 0.0297852 0.0800781
2 0.619141 0.426758 0.0351562 0.0917969
2 0.589844 0.433594 0.0585938 0.105469
2 0.543945 0.442871 0.0830078 0.133789
2 0.454102 0.463867 0.148438 0.171875
7 0.660645 0.439941 0.015625 0.0712891
