5 0.568604 0.447754 0.0356445 0.147461
2 0.39917 0.427734 0.00537109 0.0253906
2 0.414307 0.409668 0.0131836 0.00683594
2 0.408203 0.431641 0.0195312 0.0410156
2 0.423828 0.435059 0.0273438 0.0498047
2 0.433594 0.439453 0.0351562 0.0488281
2 0.467529 0.446777 0.0512695 0.0634766
2 0.571045 0.467285 0.0795898 0.102539
2 0.640381 0.478027 0.0805664 0.15918
2 0.706787 0.504395 0.138184 0.196289
2 0.861816 0.558105 0.271484 0.374023
7 0.150879 0.527344 0.0849609 0.261719
7 0.56665 0.495605 0.012207 0.0947266
