1 0.667725 0.369629 0.00537109 0.00878906
1 0.681396 0.369629 0.00634766 0.0126953
1 0.147705 0.380859 0.0102539 0.0253906
1 0.162109 0.38916 0.0117188 0.0361328
5 0.692627 0.381348 0.0141602 0.0380859
5 0.747314 0.397949 0.0219727 0.0830078
5 0.863525 0.421875 0.0317383 0.144531
5 0.427979 0.397461 0.0112305 0.0546875
2 0.577881 0.409668 0.0395508 0.0595703
2 0.658936 0.438965 0.0952148 0.131836
2 0.515137 0.394043 0.00488281 0.00878906
2 0.519775 0.395508 0.00634766 0.0117188
2 0.527832 0.398438 0.0117188 0.015625
4 0.505615 0.385742 0.00634766 0.0253906
4 0.491943 0.387695 0.0219727 0.0429688
7 0.749023 0.455566 0.0166016 0.0556641
7 0.869873 0.453613 0.0688477 0.0830078
7 0.427246 0.40918 0.0117188 0.0390625
