2 0.625732 0.441895 0.0541992 0.0654297
2 0.593994 0.449219 0.050293 0.0644531
2 0.569824 0.453613 0.0371094 0.0732422
2 0.543457 0.451172 0.0322266 0.0859375
2 0.503906 0.453125 0.0742188 0.0917969
2 0.478271 0.461426 0.0727539 0.0908203
2 0.45459 0.466797 0.0488281 0.09375
2 0.446289 0.47168 0.0419922 0.0976562
2 0.403564 0.47168 0.0766602 0.109375
2 0.38623 0.475586 0.0644531 0.117188
2 0.35376 0.478027 0.0483398 0.124023
2 0.290283 0.474609 0.123535 0.158203
2 0.270996 0.492676 0.0712891 0.151367
2 0.200684 0.489746 0.109375 0.170898
2 0.118164 0.505859 0.19043 0.203125
2 0.0288086 0.520996 0.0517578 0.239258
