1 0.351074 0.422363 0.0078125 0.0146484
1 0.674316 0.412598 0.015625 0.118164
1 0.685791 0.405762 0.0151367 0.12793
1 0.730713 0.418945 0.0317383 0.175781
1 0.46582 0.425781 0.00976562 0.0371094
2 0.408203 0.416992 0.0507812 0.046875
2 0.412109 0.422363 0.0292969 0.0458984
2 0.376221 0.432617 0.0825195 0.0546875
2 0.332275 0.444824 0.00634766 0.0380859
2 0.294678 0.438477 0.0737305 0.0839844
2 0.283691 0.436035 0.0546875 0.0615234
2 0.244629 0.45166 0.0439453 0.104492
2 0.184326 0.455566 0.100098 0.125977
2 0.105469 0.465332 0.12207 0.120117
2 0.485352 0.431152 0.0166016 0.0322266
2 0.500488 0.427734 0.0205078 0.0351562
2 0.512939 0.42627 0.0141602 0.0361328
2 0.531982 0.423828 0.0288086 0.0410156
2 0.547852 0.42334 0.0322266 0.0419922
2 0.0375977 0.487793 0.0693359 0.170898
2 0.570801 0.423828 0.0478516 0.0429688
2 0.020752 0.523926 0.0356445 0.106445
2 0.206543 0.478516 0.0439453 0.0800781
6 0.177002 0.471191 0.0395508 0.131836
7 0.0888672 0.468262 0.0195312 0.0771484
7 0.121094 0.483398 0.0537109 0.078125
