1 0.917725 0.299316 0.0161133 0.0244141
1 0.773682 0.397461 0.0317383 0.171875
1 0.100342 0.389648 0.0180664 0.0488281
2 0.515869 0.408203 0.0161133 0.0332031
2 0.570312 0.413086 0.0136719 0.0546875
2 0.593262 0.400391 0.0429688 0.0878906
2 0.607178 0.40918 0.0473633 0.0722656
2 0.535645 0.404297 0.0341797 0.0644531
2 0.500244 0.406738 0.0112305 0.0537109
2 0.0473633 0.553711 0.0888672 0.361328
2 0.895264 0.53418 0.20459 0.447266
2 0.439453 0.405762 0.0214844 0.0302734
2 0.427246 0.404785 0.0390625 0.0419922
2 0.425537 0.42041 0.0112305 0.0302734
2 0.41748 0.411133 0.0185547 0.0351562
2 0.418701 0.425781 0.00830078 0.0253906
2 0.411865 0.416504 0.012207 0.0439453
2 0.387451 0.410156 0.0444336 0.0625
2 0.369141 0.407227 0.046875 0.0507812
2 0.374512 0.42041 0.0292969 0.0537109
2 0.36084 0.419922 0.0449219 0.0605469
2 0.291992 0.462891 0.141602 0.201172
7 0.758545 0.411133 0.0522461 0.0664062
7 0.724854 0.449707 0.0668945 0.12207
7 0.140625 0.473145 0.0361328 0.112305
