1 0.61084 0.436035 0.0205078 0.0712891
1 0.658691 0.432129 0.0175781 0.0849609
1 0.636963 0.422852 0.0258789 0.105469
2 0.464111 0.44043 0.0161133 0.0214844
2 0.478516 0.441406 0.0175781 0.0253906
2 0.493408 0.441895 0.0131836 0.0419922
2 0.512207 0.450195 0.0429688 0.0625
2 0.443115 0.439453 0.0219727 0.0390625
2 0.43457 0.443359 0.0253906 0.0410156
2 0.406982 0.447266 0.0395508 0.0546875
2 0.0134277 0.469238 0.0209961 0.0419922
2 0.355469 0.450195 0.0419922 0.0546875
2 0.971436 0.770508 0.0522461 0.449219
7 0.799072 0.515137 0.181152 0.270508
7 0.150635 0.475586 0.0366211 0.0761719
