2 0.557129 0.438965 0.00976562 0.0263672
2 0.567139 0.43457 0.012207 0.0410156
2 0.585693 0.431152 0.0395508 0.0517578
2 0.583008 0.443359 0.0273438 0.0390625
2 0.592773 0.465332 0.0302734 0.0517578
2 0.629883 0.43457 0.0722656 0.0761719
2 0.660156 0.441895 0.106445 0.104492
2 0.669922 0.468262 0.0957031 0.157227
2 0.73999 0.460449 0.0834961 0.178711
2 0.851807 0.526855 0.247559 0.375977
2 0.929932 0.59668 0.135254 0.509766
2 0.429932 0.408691 0.043457 0.0205078
2 0.5 0.423828 0.0166016 0.0292969
2 0.499756 0.432617 0.0161133 0.0253906
2 0.408691 0.424805 0.0380859 0.0253906
2 0.4104 0.432617 0.0249023 0.0273438
2 0.390381 0.443848 0.0610352 0.0576172
2 0.383789 0.444336 0.0585938 0.0546875
2 0.47876 0.438477 0.0161133 0.03125
2 0.446533 0.454102 0.059082 0.0839844
7 0.251709 0.447266 0.0112305 0.0507812
