2 0.498291 0.407715 0.0112305 0.0166016
2 0.447754 0.418457 0.0136719 0.0244141
2 0.30127 0.44043 0.0283203 0.0527344
2 0.268799 0.446289 0.043457 0.0585938
2 0.226807 0.447266 0.0454102 0.0644531
2 0.178955 0.436523 0.0688477 0.046875
2 0.455322 0.427246 0.0180664 0.0263672
2 0.530029 0.422852 0.0180664 0.0292969
2 0.555176 0.419434 0.0292969 0.0673828
2 0.557617 0.429688 0.015625 0.0644531
2 0.577881 0.42627 0.043457 0.0810547
2 0.585693 0.434082 0.0356445 0.0751953
2 0.604248 0.436035 0.0395508 0.0849609
2 0.63208 0.438965 0.0483398 0.0986328
2 0.687744 0.435059 0.0649414 0.116211
2 0.919678 0.458984 0.155762 0.265625
8 0.373779 0.390625 0.134277 0.171875
