1 0.449219 0.29834 0.00390625 0.00488281
1 0.4646 0.296387 0.00537109 0.0107422
1 0.488525 0.29834 0.00341797 0.00878906
1 0.484375 0.29834 0.00585938 0.00878906
1 0.5 0.299316 0.00390625 0.00878906
1 0.504395 0.298828 0.00488281 0.00976562
1 0.520996 0.301758 0.00390625 0.00585938
1 0.38208 0.293945 0.00341797 0.0078125
1 0.0141602 0.309082 0.0224609 0.0439453
1 0.413818 0.385742 0.00634766 0.0351562
1 0.441162 0.379395 0.00341797 0.0205078
1 0.438232 0.378418 0.00439453 0.0146484
1 0.456055 0.381348 0.00585938 0.0205078
1 0.464844 0.394043 0.00976562 0.0419922
1 0.501953 0.390625 0.00488281 0.0292969
1 0.507568 0.390137 0.00439453 0.0283203
1 0.513428 0.387207 0.00537109 0.0341797
1 0.522705 0.388184 0.00439453 0.0322266
1 0.519043 0.387695 0.00585938 0.0332031
1 0.70459 0.436035 0.046875 0.229492
1 0.770508 0.418457 0.0498047 0.266602
2 0.4729 0.381348 0.00830078 0.0185547
2 0.489746 0.384766 0.0205078 0.0234375
2 0.711426 0.408203 0.0751953 0.0878906
2 0.495605 0.388672 0.00585938 0.0117188
2 0.497559 0.387695 0.00488281 0.015625
2 0.521973 0.38623 0.0371094 0.0322266
2 0.58252 0.378906 0.0859375 0.0625
2 0.592285 0.390137 0.0351562 0.0400391
2 0.5979 0.39502 0.0288086 0.0341797
2 0.633545 0.411621 0.0786133 0.0634766
2 0.781982 0.415039 0.112793 0.0996094
2 0.885254 0.436523 0.224609 0.181641
2 0.904541 0.472168 0.186035 0.211914
2 0.94458 0.436035 0.105957 0.227539
2 0.955322 0.550781 0.0844727 0.193359
2 0.435059 0.368652 0.0078125 0.00878906
2 0.369141 0.378418 0.0722656 0.0849609
2 0.374268 0.403809 0.0219727 0.0400391
2 0.346436 0.388672 0.034668 0.0820312
2 0.343262 0.415039 0.0205078 0.0488281
2 0.277832 0.39209 0.114258 0.12793
2 0.237061 0.398438 0.0981445 0.109375
2 0.215088 0.405273 0.0864258 0.119141
2 0.13916 0.39502 0.0917969 0.155273
2 0.103027 0.403809 0.111328 0.165039
2 0.057373 0.410645 0.108887 0.168945
2 0.0327148 0.431641 0.0595703 0.167969
2 0.425537 0.390625 0.0258789 0.0449219
3 0.666748 0.381836 0.140137 0.126953
