2 0.422852 0.474609 0.0136719 0.0253906
2 0.576416 0.478027 0.0180664 0.0458984
2 0.598389 0.482422 0.034668 0.0625
2 0.597656 0.488281 0.0185547 0.0644531
2 0.618164 0.489258 0.0507812 0.0742188
2 0.550537 0.48877 0.0424805 0.0791016
2 0.414551 0.477539 0.0107422 0.0332031
2 0.397949 0.472656 0.0253906 0.0488281
2 0.381348 0.481445 0.0263672 0.0507812
2 0.371826 0.485352 0.0161133 0.0449219
2 0.359619 0.487305 0.0268555 0.0527344
2 0.333496 0.488281 0.03125 0.0644531
2 0.307861 0.493164 0.0512695 0.0664062
2 0.478516 0.525391 0.126953 0.222656
2 0.156494 0.510742 0.090332 0.0996094
6 0.800781 0.509766 0.046875 0.15625
7 0.288086 0.495117 0.0146484 0.0644531
7 0.212646 0.508789 0.0415039 0.078125
7 0.0554199 0.515137 0.0639648 0.102539
