1 0.169678 0.395996 0.00927734 0.0146484
1 0.186035 0.395508 0.0126953 0.0136719
1 0.641602 0.489746 0.0341797 0.166992
2 0.455566 0.437012 0.0126953 0.0166016
2 0.44458 0.436035 0.0131836 0.0107422
2 0.432861 0.435547 0.0112305 0.0136719
2 0.420898 0.43457 0.015625 0.0195312
2 0.397949 0.436035 0.0283203 0.0341797
2 0.380859 0.437012 0.0224609 0.0419922
2 0.364502 0.4375 0.0463867 0.0742188
2 0.328369 0.449707 0.074707 0.100586
2 0.32373 0.460449 0.0263672 0.0830078
2 0.282715 0.450195 0.078125 0.0996094
2 0.292236 0.453125 0.0268555 0.0644531
2 0.268066 0.472168 0.0673828 0.125977
2 0.242188 0.513672 0.0302734 0.0644531
2 0.184082 0.495117 0.0878906 0.171875
2 0.0974121 0.492188 0.188965 0.171875
2 0.501465 0.440918 0.015625 0.0556641
2 0.515625 0.442383 0.0390625 0.0644531
2 0.52417 0.444824 0.0180664 0.0595703
2 0.54834 0.443359 0.0429688 0.0898438
2 0.558105 0.439453 0.0439453 0.0800781
2 0.558594 0.441895 0.0351562 0.0712891
2 0.565674 0.44873 0.0239258 0.0849609
2 0.609375 0.453125 0.101562 0.132812
2 0.625977 0.45752 0.0761719 0.131836
2 0.634033 0.460449 0.059082 0.129883
2 0.648193 0.430176 0.0532227 0.225586
2 0.76123 0.48584 0.21582 0.317383
2 0.921631 0.512207 0.151855 0.37207
2 0.978027 0.572266 0.0390625 0.322266
7 0.29834 0.501953 0.0205078 0.0351562
