1 0.486084 0.4375 0.0112305 0.0644531
1 0.164551 0.51123 0.0361328 0.219727
1 0.184814 0.51123 0.0444336 0.231445
1 0.114502 0.521484 0.0454102 0.199219
1 0.0463867 0.522461 0.0390625 0.253906
1 0.0664062 0.527344 0.0527344 0.265625
1 0.36792 0.430664 0.00439453 0.00976562
1 0.373779 0.424316 0.00634766 0.0107422
1 0.42334 0.447754 0.00488281 0.0556641
1 0.419922 0.45166 0.00878906 0.0537109
1 0.427002 0.454102 0.00927734 0.0742188
1 0.38623 0.424316 0.00488281 0.00488281
1 0.44458 0.402344 0.012207 0.015625
1 0.458008 0.400879 0.00976562 0.0146484
1 0.531494 0.456543 0.0112305 0.100586
1 0.504639 0.465332 0.0161133 0.0966797
1 0.553467 0.456543 0.0219727 0.118164
1 0.522949 0.459961 0.0224609 0.119141
5 0.407715 0.447266 0.0166016 0.0703125
5 0.360107 0.445312 0.0141602 0.0605469
5 0.344482 0.457031 0.012207 0.0722656
5 0.453857 0.44873 0.0200195 0.0849609
5 0.30542 0.466797 0.0317383 0.148438
2 0.385498 0.469238 0.050293 0.0849609
7 0.323242 0.478516 0.0175781 0.0605469
7 0.408936 0.474609 0.00537109 0.0429688
7 0.342285 0.478516 0.0146484 0.0625
7 0.564453 0.474609 0.0166016 0.0644531
7 0.732666 0.512695 0.0473633 0.136719
7 0.739258 0.509766 0.0527344 0.123047
7 0.753662 0.533203 0.027832 0.109375
7 0.847168 0.486816 0.0449219 0.137695
7 0.307373 0.508301 0.0239258 0.114258
7 0.207764 0.550781 0.0541992 0.164062
