1 0.693115 0.36377 0.00537109 0.0107422
1 0.76001 0.369141 0.012207 0.0292969
1 0.384277 0.379883 0.00683594 0.015625
1 0.462402 0.386719 0.00976562 0.0273438
1 0.486084 0.427246 0.0297852 0.139648
1 0.435791 0.410645 0.012207 0.0576172
1 0.312988 0.362793 0.00488281 0.00683594
1 0.596436 0.404297 0.0112305 0.0664062
5 0.441406 0.385254 0.00488281 0.0185547
2 0.479004 0.37793 0.00585938 0.0136719
2 0.49585 0.376953 0.00927734 0.0253906
2 0.470703 0.412109 0.0341797 0.0546875
2 0.43457 0.410645 0.0234375 0.0517578
2 0.425537 0.414551 0.0170898 0.0537109
2 0.402588 0.411621 0.0385742 0.0673828
2 0.386719 0.421387 0.0332031 0.0673828
2 0.36377 0.42334 0.0332031 0.0849609
2 0.317627 0.422852 0.0717773 0.115234
2 0.261475 0.442871 0.065918 0.129883
2 0.221191 0.446777 0.0507812 0.161133
2 0.103027 0.440918 0.200195 0.290039
2 0.608643 0.42334 0.0258789 0.0791016
2 0.641113 0.418457 0.0644531 0.112305
2 0.659912 0.433594 0.0805664 0.115234
2 0.716797 0.469238 0.0966797 0.172852
2 0.855957 0.475586 0.237305 0.328125
2 0.929932 0.56543 0.135254 0.482422
4 0.53125 0.366699 0.0644531 0.166992
