1 0.0625 0.403809 0.0117188 0.0419922
1 0.563721 0.36377 0.00634766 0.0107422
1 0.628174 0.411133 0.0102539 0.0644531
1 0.618652 0.407715 0.0234375 0.0908203
1 0.61084 0.462402 0.0126953 0.0439453
5 0.530273 0.412598 0.0283203 0.141602
2 0.384277 0.416504 0.0166016 0.0263672
2 0.37915 0.408203 0.00830078 0.00976562
2 0.393311 0.415527 0.0112305 0.0322266
2 0.412354 0.411133 0.0317383 0.0429688
2 0.355957 0.435059 0.0273438 0.0986328
2 0.333496 0.44043 0.0507812 0.113281
2 0.307129 0.455078 0.0722656 0.132812
2 0.266846 0.469727 0.0991211 0.154297
2 0.167969 0.482422 0.186523 0.283203
2 0.0551758 0.492188 0.104492 0.423828
2 0.4646 0.416016 0.0229492 0.0488281
2 0.476074 0.416504 0.0136719 0.0537109
2 0.5 0.40625 0.0429688 0.0859375
2 0.51123 0.420898 0.0273438 0.0761719
2 0.571777 0.423828 0.0615234 0.111328
2 0.741699 0.38623 0.208984 0.34082
2 0.875732 0.493652 0.243652 0.299805
