1 0.420654 0.495117 0.0219727 0.111328
1 0.910889 0.474609 0.0219727 0.0703125
1 0.951416 0.479004 0.0112305 0.0634766
1 0.475586 0.483887 0.00585938 0.0361328
1 0.946533 0.480957 0.0131836 0.0517578
1 0.00610352 0.481934 0.00634766 0.0771484
1 0.970215 0.483887 0.0205078 0.0634766
1 0.987549 0.490234 0.0200195 0.0605469
1 0.464355 0.490234 0.015625 0.0761719
1 0.168457 0.483887 0.0185547 0.0595703
1 0.24292 0.476074 0.0102539 0.0224609
1 0.079834 0.473145 0.00927734 0.0166016
2 0.622559 0.497559 0.290039 0.418945
6 0.472168 0.536133 0.0117188 0.0566406
