5 0.688232 0.392578 0.0249023 0.113281
2 0.564941 0.40625 0.0283203 0.0664062
2 0.605713 0.409668 0.059082 0.104492
2 0.62793 0.433105 0.0859375 0.125977
2 0.214355 0.402832 0.0195312 0.0205078
2 0.186035 0.435547 0.0654297 0.078125
2 0.098877 0.44873 0.0952148 0.0966797
2 0.0288086 0.460449 0.0517578 0.125977
2 0.352295 0.407715 0.0161133 0.0302734
2 0.480713 0.401367 0.0180664 0.046875
2 0.468262 0.404297 0.0322266 0.0488281
2 0.445068 0.420898 0.034668 0.0703125
2 0.399902 0.420898 0.0751953 0.121094
2 0.285645 0.469238 0.170898 0.227539
3 0.515869 0.382324 0.0424805 0.102539
7 0.687988 0.432129 0.0195312 0.0576172
