1 0.664307 0.316895 0.00439453 0.0205078
1 0.896729 0.325195 0.0112305 0.0175781
1 0.444824 0.366211 0.0117188 0.0605469
1 0.409668 0.365723 0.0107422 0.0654297
1 0.391113 0.366699 0.00878906 0.0751953
1 0.382568 0.382324 0.0180664 0.12793
1 0.367432 0.37793 0.0249023 0.144531
1 0.015625 0.368164 0.0175781 0.0820312
1 0.00756836 0.365234 0.00927734 0.0957031
1 0.145264 0.378906 0.0327148 0.134766
1 0.175049 0.376953 0.0180664 0.140625
1 0.185791 0.381836 0.027832 0.130859
1 0.20874 0.37207 0.0268555 0.154297
1 0.241943 0.377441 0.0405273 0.143555
1 0.269775 0.375977 0.0131836 0.140625
1 0.293701 0.383301 0.0180664 0.12793
1 0.27832 0.377441 0.0224609 0.143555
1 0.734131 0.368164 0.0219727 0.0996094
5 0.651123 0.311035 0.00439453 0.0146484
2 0.704346 0.326172 0.00634766 0.0234375
2 0.716309 0.324707 0.0224609 0.0361328
2 0.894531 0.495605 0.206055 0.327148
2 0.485352 0.368652 0.0800781 0.0771484
2 0.553223 0.39209 0.123047 0.120117
7 0.651123 0.317871 0.00244141 0.0126953
