1 0.476562 0.375 0.00878906 0.015625
1 0.497803 0.400391 0.00732422 0.0449219
1 0.491211 0.398926 0.00976562 0.0537109
1 0.34668 0.365234 0.00976562 0.0273438
1 0.255615 0.353516 0.0170898 0.0351562
1 0.237061 0.442871 0.043457 0.219727
1 0.841309 0.424805 0.046875 0.253906
5 0.527832 0.392578 0.00976562 0.0351562
2 0.614746 0.380371 0.0126953 0.0517578
2 0.561523 0.393066 0.00488281 0.0107422
2 0.584961 0.347656 0.046875 0.0585938
2 0.596436 0.383789 0.0375977 0.0585938
2 0.521973 0.395508 0.00878906 0.0273438
2 0.58667 0.401367 0.0561523 0.0859375
2 0.538818 0.385254 0.00537109 0.0107422
2 0.548096 0.392578 0.0239258 0.0351562
2 0.512939 0.395508 0.0151367 0.0371094
2 0.476074 0.40625 0.0214844 0.0507812
2 0.371826 0.421387 0.0483398 0.104492
2 0.427734 0.426758 0.0947266 0.140625
2 0.321533 0.432129 0.0874023 0.124023
2 0.622314 0.382324 0.00732422 0.00683594
2 0.217285 0.452148 0.164062 0.167969
2 0.619141 0.374512 0.0117188 0.0107422
2 0.856445 0.414551 0.0664062 0.239258
2 0.722168 0.365234 0.220703 0.427734
2 0.92749 0.430664 0.140137 0.4375
6 0.52832 0.398926 0.00878906 0.0224609
7 0.0878906 0.462891 0.0478516 0.144531
