2 0.633301 0.40332 0.0410156 0.0800781
2 0.641357 0.410156 0.0327148 0.0859375
2 0.675293 0.406738 0.0585938 0.125977
2 0.713379 0.413574 0.0947266 0.143555
2 0.848633 0.45459 0.177734 0.229492
2 0.937988 0.472656 0.119141 0.28125
2 0.513916 0.414551 0.0649414 0.0966797
2 0.43042 0.400391 0.0229492 0.046875
2 0.404297 0.402832 0.0517578 0.0537109
2 0.375732 0.409668 0.0336914 0.0791016
2 0.326416 0.413574 0.0952148 0.102539
2 0.313965 0.427246 0.0585938 0.0986328
2 0.296143 0.432129 0.0766602 0.106445
2 0.250244 0.438965 0.124512 0.12207
2 0.245361 0.482422 0.0541992 0.0976562
2 0.189941 0.468262 0.131836 0.192383
2 0.0666504 0.42041 0.127441 0.385742
7 0.606934 0.410645 0.0126953 0.0302734
