1 0.641357 0.373047 0.00830078 0.0410156
1 0.649414 0.372559 0.00878906 0.0400391
1 0.69043 0.379395 0.0107422 0.0498047
1 0.767578 0.387695 0.0175781 0.0566406
1 0.794678 0.376465 0.012207 0.0537109
1 0.799805 0.427734 0.0253906 0.132812
1 0.701172 0.432617 0.0136719 0.142578
1 0.717773 0.434082 0.0390625 0.168945
1 0.936035 0.400879 0.0146484 0.0830078
1 0.970459 0.433594 0.0366211 0.25
1 0.973633 0.316895 0.0292969 0.0947266
1 0.987305 0.449707 0.0205078 0.225586
1 0.959473 0.492676 0.0761719 0.313477
1 0.670166 0.460938 0.0610352 0.320312
1 0.426025 0.377441 0.00634766 0.0439453
1 0.417969 0.380859 0.00488281 0.0390625
1 0.397217 0.366699 0.00634766 0.0244141
1 0.408936 0.379883 0.0112305 0.046875
1 0.399414 0.392578 0.0107422 0.0507812
1 0.386475 0.382812 0.00927734 0.0410156
1 0.49707 0.425293 0.0322266 0.19043
1 0.496094 0.439941 0.0351562 0.194336
1 0.521729 0.417969 0.0483398 0.234375
1 0.572021 0.646484 0.034668 0.0898438
1 0.569824 0.499023 0.0996094 0.398438
1 0.287598 0.368652 0.00585938 0.0185547
1 0.27832 0.372559 0.0146484 0.0361328
1 0.271484 0.375488 0.0214844 0.0458984
1 0.190918 0.349121 0.0185547 0.0400391
1 0.215332 0.409668 0.0126953 0.0634766
1 0.20874 0.403809 0.0209961 0.0830078
1 0.199951 0.405273 0.0258789 0.0820312
1 0.187256 0.40625 0.0317383 0.0820312
1 0.144043 0.371094 0.0263672 0.0664062
1 0.114014 0.36377 0.0102539 0.0419922
1 0.103516 0.37793 0.0166016 0.0664062
1 0.142822 0.391602 0.0297852 0.0742188
1 0.135742 0.402832 0.0517578 0.100586
1 0.0620117 0.400391 0.0205078 0.109375
1 0.00878906 0.410645 0.0107422 0.0986328
1 0.0229492 0.442871 0.0292969 0.188477
1 0.0100098 0.463867 0.0141602 0.263672
1 0.088623 0.443848 0.0327148 0.176758
1 0.225098 0.46875 0.0175781 0.09375
1 0.252441 0.405273 0.0302734 0.0878906
1 0.24707 0.473145 0.0166016 0.100586
1 0.372559 0.516602 0.116211 0.558594
1 0.306396 0.553711 0.119629 0.5625
2 0.583496 0.378418 0.0205078 0.0361328
2 0.600342 0.374512 0.0356445 0.0263672
2 0.607422 0.407227 0.046875 0.0761719
2 0.486328 0.369141 0.0224609 0.0214844
