1 0.299805 0.40625 0.015625 0.136719
1 0.312988 0.409668 0.0302734 0.131836
1 0.474365 0.40625 0.012207 0.0664062
1 0.478516 0.409668 0.0117188 0.0595703
1 0.537109 0.407227 0.00292969 0.0351562
1 0.539551 0.40918 0.00390625 0.0371094
1 0.494873 0.402832 0.0102539 0.0615234
1 0.504883 0.407227 0.00683594 0.0449219
1 0.515869 0.407227 0.00634766 0.0488281
1 0.51001 0.40625 0.012207 0.0507812
1 0.527588 0.406738 0.00634766 0.0419922
1 0.522949 0.408691 0.00683594 0.0419922
1 0.532227 0.406738 0.0126953 0.0458984
1 0.542969 0.408203 0.00585938 0.0410156
1 0.545654 0.411621 0.00537109 0.0322266
2 0.281738 0.417969 0.0292969 0.0800781
2 0.421387 0.429688 0.0800781 0.0976562
6 0.282471 0.443359 0.0297852 0.0800781
7 0.45874 0.412598 0.012207 0.0380859
7 0.573975 0.419922 0.0385742 0.0410156
