1 0.209717 0.413086 0.00537109 0.00976562
1 0.0983887 0.421875 0.0141602 0.0390625
1 0.0324707 0.445801 0.019043 0.0810547
1 0.490234 0.425293 0.00683594 0.0146484
1 0.766602 0.461914 0.015625 0.0507812
1 0.742188 0.460449 0.0205078 0.116211
1 0.720947 0.46582 0.0131836 0.121094
1 0.707275 0.482422 0.0317383 0.138672
5 0.783691 0.458008 0.0673828 0.259766
5 0.635254 0.456055 0.0527344 0.203125
2 0.184082 0.430664 0.0175781 0.0214844
2 0.00634766 0.446777 0.00683594 0.0595703
2 0.0332031 0.443359 0.0585938 0.0644531
2 0.0795898 0.439453 0.0585938 0.0722656
2 0.124512 0.453125 0.125977 0.078125
2 0.212646 0.468262 0.0639648 0.102539
2 0.546387 0.433594 0.0390625 0.0214844
2 0.491455 0.455566 0.0288086 0.0478516
2 0.616943 0.438477 0.0200195 0.0078125
2 0.626709 0.455566 0.0170898 0.0361328
2 0.594482 0.456543 0.0395508 0.0419922
2 0.543945 0.459473 0.0634766 0.0576172
2 0.699463 0.45166 0.00439453 0.00878906
2 0.694336 0.457031 0.0107422 0.0214844
2 0.685303 0.45752 0.0131836 0.0224609
2 0.678955 0.458496 0.00732422 0.0244141
2 0.670166 0.458496 0.0180664 0.0302734
2 0.729248 0.455078 0.00830078 0.0253906
2 0.776611 0.458984 0.0102539 0.0117188
2 0.479492 0.455078 0.0234375 0.0546875
2 0.357666 0.416992 0.239746 0.361328
6 0.875977 0.46875 0.0214844 0.0449219
7 0.9104 0.470703 0.0170898 0.0488281
7 0.894531 0.470215 0.0185547 0.0458984
7 0.989258 0.473145 0.0166016 0.0654297
7 0.781738 0.540527 0.12793 0.21582
7 0.65332 0.52002 0.0546875 0.0927734
7 0.62915 0.530273 0.0893555 0.175781
