1 0.798828 0.352051 0.00976562 0.0166016
1 0.831299 0.362305 0.00830078 0.0371094
1 0.610107 0.400879 0.0141602 0.0751953
1 0.394775 0.434082 0.0307617 0.178711
5 0.351074 0.445801 0.0351562 0.163086
2 0.59668 0.393066 0.00976562 0.0263672
2 0.621338 0.38916 0.019043 0.0400391
2 0.639404 0.387207 0.027832 0.0439453
2 0.734863 0.387207 0.0351562 0.0595703
2 0.725586 0.407715 0.0537109 0.0947266
2 0.679443 0.428711 0.0854492 0.119141
2 0.810059 0.368652 0.0488281 0.0185547
2 0.80542 0.428711 0.081543 0.128906
7 0.546143 0.439941 0.0229492 0.0654297
7 0.354492 0.480469 0.03125 0.101562
