1 0.116455 0.456543 0.0385742 0.147461
1 0.0283203 0.458008 0.0273438 0.177734
1 0.707031 0.441895 0.0205078 0.102539
1 0.625488 0.436523 0.0136719 0.0839844
1 0.43042 0.42334 0.00830078 0.0361328
2 0.259521 0.422363 0.00927734 0.0205078
2 0.456055 0.413574 0.0253906 0.00878906
2 0.319092 0.428711 0.0131836 0.0292969
2 0.331055 0.428223 0.0205078 0.0341797
2 0.358643 0.418457 0.0112305 0.0126953
2 0.346191 0.431152 0.0283203 0.0380859
2 0.375732 0.432129 0.0317383 0.0419922
2 0.407471 0.434082 0.0317383 0.0400391
7 0.939209 0.478027 0.0932617 0.166992
