1 0.397705 0.416504 0.00537109 0.0224609
1 0.403076 0.413574 0.00439453 0.0263672
1 0.681885 0.399414 0.0375977 0.181641
1 0.662109 0.411621 0.0488281 0.172852
5 0.456299 0.410156 0.00537109 0.0253906
2 0.392578 0.41748 0.0078125 0.0146484
2 0.386475 0.419434 0.00830078 0.0126953
2 0.37207 0.416992 0.00683594 0.015625
2 0.363525 0.420898 0.0141602 0.0234375
2 0.363037 0.425293 0.012207 0.0263672
2 0.35791 0.427734 0.0107422 0.0292969
2 0.346436 0.429688 0.0209961 0.0351562
2 0.345215 0.431152 0.00976562 0.0322266
2 0.3396 0.432129 0.0151367 0.0341797
2 0.327881 0.43457 0.0209961 0.0410156
2 0.319336 0.4375 0.0166016 0.0429688
2 0.307617 0.438965 0.0253906 0.0478516
2 0.296387 0.445312 0.0244141 0.0566406
2 0.285889 0.44873 0.0229492 0.0615234
2 0.261963 0.450195 0.0454102 0.0742188
2 0.236572 0.453613 0.043457 0.0791016
2 0.22876 0.44043 0.0219727 0.0273438
2 0.144287 0.582031 0.282715 0.472656
2 0.435059 0.408691 0.00292969 0.00683594
2 0.432129 0.409668 0.00585938 0.00878906
2 0.420166 0.413086 0.0112305 0.0214844
2 0.415771 0.419922 0.0180664 0.03125
2 0.441406 0.412109 0.0117188 0.0195312
2 0.465088 0.40918 0.0112305 0.0234375
2 0.467041 0.412598 0.00732422 0.0244141
2 0.472656 0.411621 0.00976562 0.0322266
2 0.474854 0.411621 0.00830078 0.0302734
2 0.484863 0.411621 0.0175781 0.0380859
2 0.487061 0.414062 0.0170898 0.0371094
2 0.503174 0.414062 0.0229492 0.0488281
2 0.515381 0.413574 0.0141602 0.0478516
2 0.526367 0.411133 0.0117188 0.0546875
3 0.425049 0.404785 0.00927734 0.0263672
7 0.456543 0.422363 0.00390625 0.0146484
