1 0.875732 0.496582 0.0102539 0.0517578
1 0.884277 0.494141 0.0136719 0.0527344
1 0.941162 0.474121 0.00927734 0.0126953
1 0.956055 0.492188 0.0107422 0.0507812
1 0.964355 0.490234 0.0107422 0.0507812
1 0.822266 0.463379 0.00585938 0.00878906
5 0.971924 0.500488 0.0161133 0.0927734
5 0.941406 0.513672 0.0234375 0.0761719
5 0.842041 0.493164 0.0229492 0.103516
2 0.988281 0.489258 0.0185547 0.00976562
2 0.98877 0.499512 0.0175781 0.0166016
2 0.908203 0.503418 0.0507812 0.0458984
2 0.811523 0.493652 0.0507812 0.0537109
2 0.754883 0.486328 0.0654297 0.0644531
2 0.23584 0.433594 0.18457 0.167969
2 0.632324 0.478516 0.0751953 0.0683594
2 0.09375 0.496094 0.181641 0.306641
7 0.971436 0.538086 0.0170898 0.046875
7 0.938721 0.535645 0.0307617 0.0576172
7 0.840088 0.516113 0.0288086 0.0712891
