5 0.308594 0.441406 0.0361328 0.160156
2 0.546631 0.410645 0.00830078 0.0107422
2 0.554199 0.427246 0.0195312 0.0419922
2 0.580078 0.439941 0.0341797 0.0869141
2 0.581299 0.450195 0.0327148 0.101562
2 0.591797 0.465332 0.0126953 0.0908203
2 0.47998 0.432617 0.0214844 0.0488281
2 0.351074 0.450195 0.0449219 0.0878906
2 0.327637 0.47168 0.0107422 0.0917969
2 0.521484 0.439941 0.0595703 0.102539
2 0.444336 0.426758 0.0615234 0.126953
2 0.164062 0.5 0.169922 0.197266
2 0.786377 0.513672 0.17627 0.328125
2 0.883545 0.609863 0.228027 0.633789
3 0.685059 0.379395 0.198242 0.401367
7 0.564697 0.433105 0.012207 0.0517578
7 0.308105 0.501953 0.0292969 0.121094
7 0.376465 0.488281 0.0341797 0.138672
