1 0.376221 0.413086 0.0170898 0.0820312
1 0.392822 0.414551 0.0180664 0.0869141
1 0.414551 0.399414 0.00683594 0.0449219
1 0.408203 0.412109 0.0126953 0.0820312
1 0.0656738 0.469238 0.0249023 0.133789
1 0.0407715 0.465332 0.0317383 0.145508
1 0.142334 0.431152 0.0209961 0.120117
1 0.173096 0.43457 0.0229492 0.111328
5 0.665039 0.417969 0.0185547 0.0644531
2 0.520508 0.361328 0.0117188 0.0195312
2 0.502197 0.372559 0.0249023 0.0302734
2 0.516602 0.383301 0.0244141 0.0322266
2 0.468262 0.381348 0.00878906 0.0322266
2 0.490479 0.405273 0.027832 0.0410156
2 0.563965 0.42627 0.0488281 0.0615234
7 0.663818 0.44043 0.0356445 0.0410156
7 0.367432 0.438477 0.00341797 0.0273438
