2 0.456299 0.416992 0.0532227 0.0703125
2 0.378174 0.418457 0.0639648 0.124023
2 0.365479 0.448242 0.0532227 0.0957031
2 0.344238 0.456543 0.0507812 0.106445
2 0.254395 0.44043 0.136719 0.226562
2 0.149902 0.479492 0.167969 0.238281
2 0.0605469 0.462891 0.115234 0.34375
2 0.433105 0.454102 0.0742188 0.109375
2 0.615967 0.429199 0.0268555 0.0400391
2 0.6604 0.4375 0.0336914 0.0742188
2 0.675293 0.440918 0.0292969 0.0791016
2 0.706787 0.443848 0.0629883 0.0966797
2 0.784424 0.463867 0.0942383 0.154297
2 0.883057 0.478516 0.181152 0.212891
2 0.554443 0.455078 0.0786133 0.117188
7 0.738525 0.462402 0.0209961 0.0869141
