1 0.793945 0.359863 0.0175781 0.0498047
1 0.248291 0.356445 0.0151367 0.0273438
1 0.70459 0.381836 0.00390625 0.0273438
1 0.707764 0.381348 0.00537109 0.0283203
1 0.766602 0.385254 0.00878906 0.0654297
5 0.559326 0.383789 0.0141602 0.0625
5 0.467529 0.395996 0.00927734 0.0966797
5 0.458496 0.396973 0.0205078 0.0947266
2 0.489746 0.387207 0.0136719 0.0146484
2 0.483154 0.391113 0.00341797 0.0107422
2 0.657959 0.390625 0.0131836 0.0175781
2 0.645264 0.389648 0.00927734 0.0136719
2 0.619629 0.388184 0.0126953 0.0166016
2 0.595947 0.386719 0.0151367 0.0273438
2 0.570801 0.388184 0.00585938 0.0107422
2 0.528809 0.38623 0.0136719 0.0283203
2 0.44751 0.378906 0.00634766 0.00976562
2 0.397217 0.404297 0.0395508 0.0664062
2 0.361572 0.40625 0.0405273 0.0820312
2 0.337158 0.415039 0.0317383 0.0761719
2 0.270996 0.435547 0.12793 0.150391
2 0.918213 0.367676 0.152832 0.225586
6 0.457275 0.424316 0.0239258 0.0771484
7 0.694092 0.395508 0.0209961 0.0234375
7 0.78418 0.400391 0.015625 0.0527344
7 0.789795 0.415527 0.00634766 0.0361328
