1 0.853516 0.479004 0.0322266 0.188477
1 0.882568 0.475098 0.0356445 0.206055
2 0.420654 0.439453 0.0200195 0.0546875
2 0.396729 0.440918 0.043457 0.0966797
2 0.356201 0.442383 0.0649414 0.126953
2 0.324219 0.461426 0.0732422 0.135742
2 0.253418 0.481445 0.113281 0.195312
2 0.147949 0.523926 0.176758 0.27832
2 0.0471191 0.531738 0.0883789 0.428711
2 0.48584 0.424805 0.0166016 0.0234375
2 0.494873 0.423828 0.019043 0.0195312
2 0.503174 0.427734 0.00927734 0.0214844
2 0.52124 0.421387 0.0327148 0.0283203
2 0.531006 0.426758 0.0229492 0.0273438
2 0.55835 0.429688 0.0307617 0.0351562
2 0.577148 0.425293 0.0263672 0.0380859
2 0.585205 0.438477 0.0102539 0.0292969
2 0.614746 0.42041 0.0498047 0.0634766
2 0.688721 0.445801 0.104004 0.124023
2 0.726074 0.449219 0.107422 0.105469
2 0.773193 0.46582 0.151855 0.15625
