1 0.537354 0.42334 0.00927734 0.0537109
2 0.530518 0.424805 0.00927734 0.0410156
2 0.503174 0.407715 0.0483398 0.0517578
2 0.570312 0.437988 0.0146484 0.0673828
2 0.59375 0.43457 0.0517578 0.0878906
2 0.598877 0.441895 0.0473633 0.0947266
2 0.641846 0.442871 0.0717773 0.104492
2 0.718994 0.466309 0.0864258 0.180664
2 0.780518 0.475586 0.105957 0.263672
2 0.896973 0.458984 0.201172 0.564453
2 0.523438 0.43457 0.0078125 0.0234375
2 0.45459 0.42041 0.0146484 0.0205078
2 0.487549 0.455566 0.0776367 0.129883
2 0.446777 0.447754 0.0078125 0.0537109
2 0.418701 0.429688 0.0541992 0.107422
2 0.29834 0.413574 0.00292969 0.00488281
2 0.318848 0.445312 0.0322266 0.0625
2 0.374023 0.458008 0.0888672 0.134766
2 0.267334 0.439941 0.0825195 0.118164
2 0.0273438 0.529297 0.0488281 0.283203
