2 0.483154 0.416504 0.00927734 0.0107422
2 0.496338 0.422852 0.00732422 0.0136719
2 0.502441 0.427246 0.00878906 0.00488281
2 0.406982 0.413574 0.0131836 0.0146484
2 0.419922 0.413574 0.0166016 0.00878906
2 0.396973 0.413086 0.00683594 0.0117188
2 0.376709 0.407715 0.0161133 0.0166016
2 0.685303 0.437988 0.00732422 0.00878906
2 0.701416 0.441406 0.00634766 0.00976562
2 0.703857 0.442383 0.00244141 0.0078125
2 0.575928 0.435547 0.0288086 0.0410156
2 0.602051 0.443359 0.0263672 0.0488281
2 0.507568 0.41748 0.0161133 0.0185547
2 0.52832 0.453613 0.0595703 0.0830078
2 0.649658 0.479492 0.101074 0.138672
2 0.847656 0.46582 0.299805 0.603516
