1 0.330322 0.447754 0.0151367 0.0771484
1 0.248779 0.484863 0.0463867 0.227539
1 0.21582 0.492676 0.0214844 0.145508
1 0.206055 0.467773 0.0205078 0.160156
1 0.0871582 0.47998 0.0708008 0.313477
1 0.921387 0.351562 0.0273438 0.09375
1 0.974854 0.359863 0.0415039 0.108398
5 0.355469 0.447266 0.0126953 0.0585938
2 0.364502 0.448242 0.0102539 0.0625
2 0.476562 0.452148 0.0429688 0.0878906
2 0.588135 0.46582 0.119629 0.21875
3 0.415039 0.387207 0.109375 0.237305
7 0.0439453 0.727539 0.0664062 0.21875
