1 0.565918 0.44873 0.0195312 0.0869141
1 0.582764 0.45166 0.0219727 0.0810547
1 0.625732 0.449707 0.0209961 0.112305
1 0.648438 0.454102 0.0205078 0.103516
2 0.285156 0.44873 0.0175781 0.0302734
2 0.398926 0.446289 0.0175781 0.0273438
2 0.455811 0.437988 0.00830078 0.0166016
2 0.300537 0.457031 0.0288086 0.0410156
2 0.345459 0.446777 0.019043 0.0302734
2 0.36792 0.449219 0.0239258 0.0390625
2 0.432861 0.454102 0.0424805 0.0703125
2 0.54126 0.433105 0.0229492 0.0205078
2 0.545166 0.450195 0.0336914 0.0527344
2 0.575684 0.450684 0.0644531 0.0556641
2 0.63501 0.446289 0.090332 0.0703125
2 0.644043 0.44873 0.0683594 0.0673828
2 0.681396 0.442383 0.0405273 0.0761719
2 0.68335 0.442871 0.0229492 0.0693359
2 0.700928 0.44873 0.050293 0.0966797
2 0.74292 0.449707 0.0795898 0.114258
2 0.821533 0.45459 0.143066 0.120117
2 0.958008 0.450195 0.0791016 0.169922
2 0.487793 0.466797 0.0810547 0.123047
2 0.0515137 0.455566 0.0952148 0.102539
2 0.275391 0.416992 0.0107422 0.015625
3 0.305176 0.40918 0.0166016 0.0390625
3 0.316895 0.421387 0.0185547 0.0478516
3 0.328125 0.432129 0.0205078 0.0439453
