1 0.413086 0.441406 0.0654297 0.306641
1 0.557129 0.380371 0.00683594 0.0283203
1 0.578613 0.432129 0.0419922 0.288086
1 0.723877 0.385254 0.0288086 0.149414
1 0.850098 0.35498 0.0195312 0.0927734
1 0.829346 0.348145 0.012207 0.0712891
1 0.933594 0.361816 0.0273438 0.112305
1 0.768555 0.381836 0.0322266 0.169922
5 0.354248 0.408691 0.0161133 0.0615234
2 0.283203 0.41748 0.0507812 0.0947266
2 0.136963 0.449707 0.0854492 0.139648
2 0.200195 0.45459 0.150391 0.163086
2 0.371338 0.415039 0.0239258 0.0449219
2 0.443115 0.411133 0.0209961 0.046875
2 0.428223 0.411621 0.0175781 0.0654297
2 0.457031 0.414062 0.0292969 0.0507812
2 0.484619 0.413574 0.043457 0.0556641
2 0.953125 0.624512 0.0888672 0.389648
6 0.510742 0.414551 0.03125 0.0615234
6 0.520508 0.422852 0.0146484 0.0566406
6 0.529541 0.418945 0.0180664 0.0625
6 0.544434 0.41748 0.0205078 0.0595703
6 0.354248 0.419922 0.0180664 0.0546875
7 0.490479 0.415527 0.0141602 0.0517578
7 0.55249 0.419434 0.0151367 0.0615234
7 0.610596 0.420898 0.0317383 0.0625
7 0.773193 0.419434 0.0161133 0.0322266
7 0.823242 0.404297 0.0273438 0.0898438
7 0.850586 0.400391 0.0205078 0.105469
