1 0.668213 0.410645 0.00244141 0.0419922
1 0.670654 0.410645 0.00537109 0.0439453
1 0.679199 0.410645 0.00390625 0.0419922
1 0.675537 0.412109 0.00732422 0.0429688
1 0.684082 0.415527 0.00976562 0.0498047
1 0.663086 0.413574 0.0126953 0.0634766
1 0.649658 0.408691 0.0307617 0.157227
1 0.624756 0.40625 0.00927734 0.0683594
1 0.621338 0.413086 0.0170898 0.0625
1 0.608643 0.411621 0.00634766 0.0654297
1 0.60083 0.414551 0.0180664 0.143555
1 0.590332 0.411133 0.0273438 0.162109
1 0.53125 0.40918 0.0117188 0.101562
1 0.52417 0.40918 0.0200195 0.111328
1 0.507324 0.412109 0.0292969 0.162109
1 0.431396 0.419434 0.0288086 0.155273
1 0.543213 0.407715 0.0200195 0.163086
1 0.573486 0.405273 0.00830078 0.0683594
1 0.556396 0.411621 0.0307617 0.166992
1 0.421631 0.427246 0.0239258 0.145508
1 0.0827637 0.40918 0.0219727 0.138672
1 0.705322 0.403809 0.0561523 0.172852
1 0.894531 0.410156 0.03125 0.134766
1 0.901855 0.412598 0.0380859 0.137695
1 0.936035 0.408691 0.0195312 0.133789
1 0.0393066 0.495117 0.0727539 0.458984
1 0.0437012 0.489258 0.081543 0.650391
1 0.355469 0.529785 0.164062 0.569336
5 0.976807 0.385742 0.0415039 0.136719
7 0.635254 0.427246 0.00878906 0.0341797
7 0.77832 0.444336 0.0820312 0.0859375
7 0.967041 0.447754 0.0610352 0.108398
