1 0.989502 0.45752 0.0161133 0.161133
1 0.163574 0.460938 0.03125 0.158203
1 0.181885 0.479004 0.0219727 0.106445
5 0.609131 0.443848 0.043457 0.196289
5 0.675781 0.46582 0.0576172 0.318359
5 0.795898 0.474121 0.0878906 0.452148
2 0.62793 0.386719 0.0195312 0.0332031
2 0.641602 0.390137 0.015625 0.0361328
2 0.489014 0.407227 0.0463867 0.0976562
2 0.537109 0.388184 0.0322266 0.0185547
2 0.557373 0.428223 0.0356445 0.0712891
2 0.420654 0.408203 0.0961914 0.146484
2 0.520508 0.4375 0.0615234 0.0839844
2 0.339355 0.46875 0.101562 0.117188
2 0.439209 0.461914 0.0932617 0.126953
7 0.289307 0.447266 0.0151367 0.0488281
7 0.267578 0.446289 0.0283203 0.0683594
7 0.602539 0.504883 0.0498047 0.136719
7 0.67334 0.567383 0.0351562 0.228516
7 0.761475 0.493164 0.0366211 0.078125
7 0.806885 0.60791 0.0600586 0.30957
