1 0.494141 0.426758 0.00683594 0.103516
1 0.494629 0.424805 0.0244141 0.09375
1 0.479004 0.425293 0.0166016 0.112305
1 0.494385 0.432617 0.0229492 0.103516
1 0.587891 0.408203 0.0107422 0.03125
1 0.615967 0.397461 0.0161133 0.0546875
1 0.569824 0.42627 0.0126953 0.106445
1 0.627441 0.441406 0.0537109 0.277344
1 0.665039 0.397949 0.0644531 0.249023
1 0.520508 0.432617 0.0136719 0.09375
1 0.380127 0.412109 0.00537109 0.0214844
1 0.372559 0.405762 0.00585938 0.0126953
1 0.363037 0.405762 0.00830078 0.0126953
1 0.388428 0.416504 0.00634766 0.0341797
1 0.385254 0.420898 0.00683594 0.0371094
1 0.408447 0.434082 0.019043 0.106445
1 0.343506 0.401855 0.00341797 0.0126953
1 0.338867 0.402344 0.00683594 0.0117188
1 0.331543 0.401367 0.00683594 0.0117188
1 0.227539 0.433594 0.0185547 0.107422
1 0.208252 0.434082 0.019043 0.114258
1 0.0517578 0.396973 0.0175781 0.0654297
1 0.0380859 0.39502 0.015625 0.0615234
1 0.0151367 0.391602 0.0185547 0.0488281
1 0.00952148 0.434082 0.0131836 0.129883
1 0.249512 0.441406 0.0205078 0.101562
1 0.269775 0.445312 0.0151367 0.09375
5 0.505859 0.430664 0.0136719 0.046875
5 0.704834 0.403809 0.0375977 0.194336
5 0.743896 0.463379 0.0854492 0.37207
2 0.506592 0.42627 0.019043 0.0498047
2 0.446777 0.417969 0.0126953 0.00585938
2 0.451416 0.438965 0.0239258 0.0419922
2 0.477295 0.437012 0.0209961 0.0458984
2 0.544922 0.426758 0.0439453 0.0820312
2 0.934082 0.426758 0.126953 0.115234
2 0.372559 0.438965 0.0214844 0.0537109
2 0.351807 0.438965 0.034668 0.0634766
2 0.328857 0.438965 0.0249023 0.0693359
2 0.298828 0.432129 0.0410156 0.0927734
6 0.506348 0.442383 0.00683594 0.0234375
7 0.694092 0.520508 0.180176 0.236328
7 0.750244 0.554199 0.187012 0.209961
