1 0.501221 0.40625 0.00244141 0.0273438
1 0.643555 0.396484 0.00390625 0.03125
1 0.63916 0.396973 0.0078125 0.0341797
1 0.00952148 0.508301 0.0131836 0.116211
1 0.0566406 0.505859 0.0283203 0.130859
1 0.0290527 0.483398 0.0307617 0.171875
5 0.565674 0.416016 0.0151367 0.0605469
5 0.664307 0.408691 0.019043 0.0576172
2 0.530273 0.402344 0.0214844 0.0175781
2 0.505859 0.407227 0.00878906 0.0253906
2 0.555908 0.404785 0.027832 0.0205078
2 0.583252 0.404785 0.0170898 0.0283203
2 0.61084 0.40332 0.0185547 0.0273438
2 0.765137 0.404297 0.0292969 0.046875
2 0.770264 0.422363 0.019043 0.0400391
2 0.729004 0.445801 0.0722656 0.106445
7 0.662109 0.429199 0.0292969 0.0439453
