1 0.574707 0.352539 0.00878906 0.0449219
1 0.582764 0.35498 0.0102539 0.0419922
1 0.569824 0.405273 0.00878906 0.0390625
1 0.57959 0.427734 0.0146484 0.0761719
1 0.614014 0.388672 0.00537109 0.0234375
1 0.608154 0.434082 0.0141602 0.114258
1 0.620117 0.430664 0.015625 0.128906
1 0.865723 0.461914 0.0507812 0.265625
1 0.35083 0.422363 0.00537109 0.0400391
1 0.224854 0.44043 0.0141602 0.0429688
1 0.177979 0.452637 0.00927734 0.110352
1 0.138428 0.452637 0.0151367 0.108398
1 0.171143 0.459961 0.0180664 0.0976562
1 0.153076 0.453125 0.0219727 0.117188
1 0.0935059 0.400879 0.00830078 0.0126953
1 0.109375 0.394531 0.0126953 0.0332031
1 0.101807 0.400879 0.00927734 0.0244141
1 0.118408 0.424805 0.0102539 0.0507812
1 0.113037 0.419434 0.0170898 0.0576172
2 0.594482 0.413086 0.0239258 0.0546875
2 0.700195 0.436523 0.130859 0.214844
2 0.517822 0.487793 0.135254 0.22168
2 0.419678 0.427246 0.0151367 0.0283203
2 0.406494 0.427734 0.0180664 0.0332031
2 0.394043 0.432129 0.0195312 0.0400391
2 0.368652 0.431152 0.0380859 0.0634766
2 0.0661621 0.489258 0.126465 0.169922
2 0.00439453 0.538574 0.00292969 0.0380859
4 0.499268 0.353516 0.0727539 0.150391
4 0.292969 0.395996 0.112305 0.198242
8 0.442139 0.383301 0.034668 0.118164
7 0.820312 0.5625 0.0849609 0.267578
