1 0.374512 0.472656 0.00292969 0.0175781
1 0.383545 0.473633 0.00537109 0.03125
1 0.60376 0.461914 0.00537109 0.0292969
1 0.68042 0.458008 0.0112305 0.0625
1 0.696533 0.452637 0.0151367 0.0751953
1 0.712891 0.435059 0.0195312 0.116211
1 0.761719 0.435547 0.0244141 0.101562
1 0.290771 0.481445 0.00732422 0.0390625
1 0.282959 0.477539 0.00927734 0.0429688
1 0.256592 0.483398 0.00732422 0.0429688
1 0.243164 0.467773 0.0117188 0.0644531
1 0.230225 0.469238 0.0131836 0.0693359
1 0.127686 0.457031 0.0170898 0.0996094
1 0.113281 0.462402 0.0205078 0.106445
1 0.0922852 0.456543 0.0244141 0.12207
1 0.132812 0.455078 0.0234375 0.121094
1 0.565674 0.472656 0.0180664 0.0507812
5 0.573486 0.467773 0.0112305 0.0351562
5 0.610107 0.470703 0.0141602 0.0429688
5 0.265137 0.445801 0.0175781 0.0615234
5 0.194336 0.445312 0.0273438 0.123047
5 0.154541 0.450684 0.0268555 0.110352
2 0.67627 0.465332 0.0527344 0.0517578
2 0.518555 0.462402 0.0498047 0.0732422
8 0.440186 0.455078 0.0454102 0.0800781
7 0.573242 0.479492 0.0234375 0.0273438
7 0.610352 0.481934 0.0263672 0.0244141
7 0.266113 0.484375 0.0166016 0.0527344
7 0.19458 0.484863 0.0239258 0.0888672
7 0.154053 0.490234 0.0229492 0.0820312
