1 0.662598 0.372559 0.0078125 0.0615234
1 0.279297 0.38916 0.0107422 0.0673828
1 0.261963 0.361328 0.00830078 0.0175781
1 0.318848 0.376465 0.0107422 0.0478516
1 0.297607 0.391602 0.0151367 0.0644531
1 0.261475 0.391602 0.0131836 0.0605469
1 0.384277 0.367188 0.00488281 0.0292969
1 0.270508 0.388184 0.0146484 0.0634766
1 0.247559 0.365234 0.0136719 0.0351562
1 0.404297 0.401855 0.0107422 0.0869141
1 0.23584 0.441895 0.0410156 0.21582
1 0.143066 0.427246 0.0498047 0.206055
1 0.356445 0.401367 0.0146484 0.117188
1 0.377197 0.395508 0.0141602 0.105469
1 0.372314 0.401367 0.0180664 0.09375
1 0.77124 0.364746 0.00537109 0.0283203
1 0.352295 0.408203 0.0258789 0.105469
1 0.547607 0.397949 0.00830078 0.0439453
1 0.550537 0.407715 0.00634766 0.0400391
1 0.555176 0.400879 0.0078125 0.0439453
1 0.588379 0.405273 0.0146484 0.109375
1 0.579102 0.412598 0.0263672 0.129883
1 0.606445 0.412109 0.0273438 0.126953
1 0.637695 0.401367 0.0126953 0.121094
1 0.629883 0.408203 0.0253906 0.136719
1 0.653809 0.406738 0.0205078 0.124023
1 0.669434 0.371094 0.0166016 0.0527344
1 0.686768 0.364258 0.0307617 0.0585938
1 0.786377 0.349121 0.0102539 0.0537109
1 0.693848 0.388672 0.0195312 0.0585938
1 0.703369 0.36377 0.0131836 0.0419922
1 0.708496 0.375977 0.0107422 0.0527344
1 0.715088 0.369141 0.0200195 0.0585938
1 0.414795 0.401855 0.0161133 0.0908203
5 0.388428 0.404297 0.0258789 0.121094
2 0.432617 0.398438 0.0253906 0.0566406
2 0.493896 0.412109 0.0825195 0.132812
6 0.768066 0.481445 0.0712891 0.255859
7 0.453369 0.415527 0.00634766 0.0224609
7 0.394531 0.451172 0.00878906 0.0546875
7 0.642334 0.430176 0.012207 0.0419922
7 0.712891 0.475098 0.0429688 0.192383
7 0.560303 0.42041 0.0151367 0.0556641
