1 0.490479 0.397949 0.012207 0.0458984
1 0.653809 0.377441 0.0263672 0.139648
1 0.663818 0.389648 0.0356445 0.210938
1 0.704346 0.388184 0.0366211 0.196289
2 0.621826 0.384277 0.0170898 0.0458984
2 0.597168 0.398438 0.0195312 0.0214844
2 0.534424 0.394531 0.0151367 0.0449219
2 0.524902 0.400879 0.0126953 0.0341797
2 0.556885 0.393066 0.0385742 0.0537109
2 0.506348 0.402832 0.0332031 0.0439453
2 0.473145 0.402344 0.0302734 0.0507812
2 0.447021 0.40332 0.043457 0.0566406
2 0.126709 0.495117 0.179199 0.255859
2 0.0563965 0.525391 0.106934 0.283203
7 0.377441 0.419922 0.0175781 0.0371094
7 0.253418 0.452148 0.0947266 0.144531
