1 0.113281 0.427246 0.0224609 0.108398
1 0.144043 0.432617 0.0195312 0.107422
1 0.164551 0.433594 0.0175781 0.103516
1 0.308105 0.407715 0.00878906 0.0283203
2 0.557129 0.413574 0.0136719 0.0439453
2 0.902832 0.430176 0.0898438 0.0654297
2 0.565918 0.42041 0.0136719 0.0380859
2 0.0881348 0.37207 0.0317383 0.0078125
2 0.456543 0.401855 0.0166016 0.0126953
2 0.44751 0.415527 0.0170898 0.0302734
2 0.44165 0.41748 0.0102539 0.0283203
2 0.464355 0.414062 0.0195312 0.0292969
2 0.481201 0.414062 0.0141602 0.0214844
2 0.490234 0.411133 0.00488281 0.0136719
2 0.520996 0.446289 0.0791016 0.121094
7 0.605469 0.429688 0.0244141 0.03125
7 0.30542 0.436523 0.00537109 0.0292969
7 0.593506 0.433594 0.0288086 0.0292969
