1 0.373291 0.408691 0.00830078 0.0224609
1 0.380615 0.407715 0.00634766 0.0244141
2 0.33252 0.411133 0.0341797 0.015625
2 0.251221 0.411133 0.0444336 0.0136719
2 0.518555 0.423828 0.015625 0.015625
2 0.567383 0.415527 0.0498047 0.0283203
2 0.634277 0.414551 0.00488281 0.0478516
2 0.680664 0.407715 0.0791016 0.0966797
2 0.671631 0.421875 0.019043 0.0605469
2 0.692627 0.410156 0.0297852 0.0742188
2 0.696777 0.424316 0.00585938 0.0322266
2 0.730957 0.399414 0.0673828 0.0800781
2 0.733643 0.41748 0.012207 0.0244141
2 0.859131 0.433105 0.249512 0.165039
2 0.803955 0.461914 0.311035 0.201172
