1 0.526123 0.40625 0.00830078 0.00976562
1 0.703369 0.452637 0.043457 0.139648
5 0.449219 0.431641 0.0175781 0.0527344
2 0.129395 0.449707 0.00976562 0.0400391
2 0.216797 0.453125 0.0742188 0.0410156
2 0.388428 0.44043 0.0229492 0.03125
2 0.527588 0.420898 0.0405273 0.0214844
2 0.518066 0.449707 0.0517578 0.0634766
2 0.566895 0.450195 0.0634766 0.0761719
2 0.630615 0.445312 0.0581055 0.105469
2 0.418701 0.452148 0.0532227 0.0625
2 0.891602 0.558105 0.211914 0.459961
7 0.452148 0.448242 0.0224609 0.03125
