1 0.454834 0.419922 0.00537109 0.0214844
1 0.460938 0.42041 0.00488281 0.0205078
1 0.545898 0.391113 0.00390625 0.00683594
1 0.560791 0.410645 0.00927734 0.0556641
1 0.57251 0.412109 0.00830078 0.0488281
1 0.592773 0.410645 0.0146484 0.0615234
1 0.581299 0.409668 0.0112305 0.0732422
1 0.68457 0.402344 0.0126953 0.123047
1 0.693848 0.429688 0.0283203 0.152344
1 0.727295 0.40918 0.0297852 0.164062
1 0.760498 0.43457 0.0209961 0.119141
1 0.775391 0.415039 0.0400391 0.1875
1 0.806641 0.416992 0.0390625 0.169922
1 0.803711 0.425293 0.0351562 0.186523
1 0.885986 0.414062 0.0239258 0.1875
1 0.8479 0.42627 0.0356445 0.172852
1 0.993408 0.411133 0.00830078 0.134766
1 0.908447 0.424316 0.0239258 0.172852
1 0.930908 0.441406 0.0356445 0.212891
1 0.913086 0.481445 0.0332031 0.166016
1 0.988525 0.484375 0.0151367 0.078125
1 0.96875 0.436523 0.0576172 0.240234
1 0.364746 0.421875 0.00292969 0.0136719
1 0.292725 0.428223 0.00341797 0.0263672
1 0.184326 0.418945 0.00537109 0.0136719
1 0.164795 0.414551 0.0112305 0.0244141
2 0.383545 0.42041 0.012207 0.0166016
2 0.441895 0.417969 0.00976562 0.015625
2 0.433105 0.424316 0.0175781 0.0244141
2 0.475586 0.423828 0.00488281 0.0351562
2 0.507324 0.424805 0.03125 0.0722656
2 0.506592 0.431641 0.0161133 0.0722656
2 0.53125 0.432129 0.0546875 0.0830078
2 0.346436 0.428223 0.0209961 0.0263672
2 0.29834 0.424316 0.0224609 0.0185547
2 0.317871 0.431152 0.0292969 0.0380859
2 0.235107 0.43457 0.0307617 0.0410156
3 0.0517578 0.333008 0.0976562 0.197266
4 0.402588 0.413574 0.027832 0.0498047
7 0.602295 0.446289 0.0180664 0.0957031
7 0.654297 0.472168 0.0800781 0.0888672
