1 0.532959 0.431641 0.00830078 0.0390625
2 0.592773 0.435059 0.0107422 0.0205078
2 0.588379 0.436523 0.00976562 0.0234375
2 0.58374 0.434082 0.00732422 0.0224609
2 0.575928 0.435059 0.0161133 0.0263672
2 0.568115 0.436035 0.00830078 0.0283203
2 0.557861 0.4375 0.0180664 0.03125
2 0.657715 0.405762 0.0136719 0.0224609
2 0.619141 0.449219 0.0107422 0.0625
2 0.63916 0.45166 0.0410156 0.102539
2 0.641846 0.472168 0.0366211 0.114258
2 0.642334 0.475098 0.034668 0.114258
2 0.6604 0.481934 0.0463867 0.141602
2 0.685547 0.494141 0.0507812 0.169922
2 0.549316 0.438477 0.00683594 0.0253906
2 0.545654 0.439453 0.00732422 0.0273438
2 0.540039 0.436035 0.00878906 0.0283203
2 0.526855 0.4375 0.0146484 0.0371094
2 0.517822 0.4375 0.0141602 0.0371094
2 0.511719 0.439941 0.0107422 0.0380859
2 0.494629 0.441406 0.0332031 0.0429688
2 0.455078 0.447754 0.0253906 0.0556641
2 0.440674 0.447266 0.0180664 0.0566406
2 0.418213 0.443359 0.0375977 0.0722656
2 0.409424 0.45166 0.0327148 0.0751953
2 0.389893 0.452637 0.0268555 0.0830078
2 0.341797 0.444336 0.0751953 0.123047
2 0.30127 0.464355 0.0751953 0.114258
2 0.256592 0.477539 0.0668945 0.119141
2 0.18335 0.480957 0.109863 0.170898
2 0.0778809 0.504883 0.149902 0.216797
2 0.728027 0.508789 0.0986328 0.234375
2 0.861084 0.541992 0.272949 0.425781
7 0.477783 0.437012 0.00830078 0.0283203
7 0.46875 0.444336 0.0126953 0.0449219
