2 0.491699 0.402832 0.0166016 0.0302734
2 0.596924 0.413574 0.0170898 0.0322266
2 0.615479 0.402344 0.0395508 0.0410156
2 0.611084 0.428223 0.0209961 0.0771484
2 0.632324 0.449707 0.0625 0.137695
2 0.685791 0.46875 0.108887 0.191406
2 0.469727 0.415039 0.0117188 0.0273438
2 0.466064 0.416992 0.00732422 0.0292969
2 0.455811 0.418945 0.0170898 0.0351562
2 0.428467 0.418945 0.0522461 0.0449219
2 0.393311 0.424805 0.0307617 0.0585938
2 0.381836 0.429199 0.0253906 0.0634766
2 0.367676 0.430176 0.0273438 0.0732422
2 0.512207 0.410645 0.0146484 0.0263672
2 0.344727 0.430176 0.0361328 0.0888672
2 0.310059 0.43457 0.0576172 0.111328
7 0.20459 0.4375 0.0185547 0.0507812
