1 0.712158 0.48291 0.0161133 0.149414
1 0.655762 0.48877 0.0273438 0.151367
1 0.685059 0.490234 0.0185547 0.138672
1 0.700928 0.487793 0.0258789 0.161133
1 0.743896 0.493164 0.0239258 0.125
1 0.814941 0.492676 0.0224609 0.147461
1 0.803467 0.49707 0.0375977 0.154297
1 0.837402 0.497559 0.0205078 0.120117
1 0.852051 0.477051 0.0107422 0.0771484
1 0.863525 0.442383 0.0229492 0.0683594
7 0.537842 0.51123 0.0102539 0.0576172
7 0.861572 0.557129 0.0366211 0.198242
7 0.561523 0.514648 0.0166016 0.0625
