1 0.869141 0.348633 0.00878906 0.0214844
5 0.628662 0.40332 0.00537109 0.0214844
5 0.554199 0.406738 0.00683594 0.0283203
5 0.422852 0.421387 0.0205078 0.0751953
2 0.383789 0.412109 0.0185547 0.0175781
2 0.373779 0.417969 0.0375977 0.03125
2 0.301758 0.422363 0.015625 0.0361328
2 0.359375 0.424805 0.0195312 0.0332031
2 0.315918 0.423828 0.0195312 0.0332031
2 0.225098 0.431641 0.0117188 0.0253906
2 0.209229 0.427246 0.0209961 0.0341797
2 0.1875 0.433105 0.0273438 0.0498047
2 0.171875 0.442383 0.0361328 0.0449219
2 0.698486 0.38916 0.0161133 0.0126953
2 0.692139 0.402832 0.0161133 0.0244141
2 0.714355 0.402832 0.0175781 0.0244141
2 0.814209 0.397461 0.0493164 0.0703125
2 0.843994 0.393066 0.0522461 0.0693359
2 0.879639 0.398926 0.081543 0.0966797
2 0.673096 0.407227 0.0219727 0.0351562
2 0.893799 0.402344 0.0844727 0.0976562
2 0.913818 0.401367 0.0776367 0.105469
2 0.961914 0.384277 0.0712891 0.106445
2 0.985596 0.405762 0.0239258 0.0576172
3 0.595215 0.386719 0.0146484 0.0253906
6 0.422119 0.439453 0.0151367 0.0625
