1 0.802734 0.400879 0.0234375 0.155273
1 0.822754 0.409668 0.0390625 0.182617
1 0.150635 0.407715 0.012207 0.0615234
1 0.0654297 0.414062 0.0146484 0.0625
1 0.0246582 0.442871 0.00830078 0.0732422
1 0.0129395 0.393066 0.0200195 0.0576172
1 0.0429688 0.412598 0.0263672 0.0869141
1 0.225586 0.405273 0.00976562 0.0429688
1 0.166016 0.424805 0.0205078 0.117188
1 0.202637 0.415039 0.0322266 0.132812
1 0.503662 0.390625 0.00439453 0.0214844
1 0.257324 0.415527 0.0136719 0.0791016
1 0.268555 0.417969 0.0126953 0.0976562
1 0.133789 0.423828 0.0283203 0.154297
1 0.660889 0.39209 0.0112305 0.0712891
1 0.102051 0.436523 0.0273438 0.128906
1 0.125 0.434082 0.0351562 0.151367
1 0.65918 0.405762 0.0117188 0.0908203
1 0.00585938 0.480469 0.00585938 0.166016
1 0.643066 0.397461 0.0107422 0.105469
1 0.694824 0.397949 0.015625 0.0947266
1 0.678223 0.405762 0.0273438 0.131836
1 0.246826 0.416016 0.00830078 0.0917969
1 0.242432 0.42041 0.027832 0.120117
1 0.347168 0.412109 0.0126953 0.0742188
1 0.338623 0.413574 0.0112305 0.0810547
1 0.321533 0.414062 0.00927734 0.0761719
1 0.328125 0.415527 0.0185547 0.0986328
1 0.393555 0.396484 0.0107422 0.046875
1 0.400635 0.408691 0.0170898 0.0478516
1 0.43042 0.393066 0.00634766 0.0244141
1 0.418945 0.401855 0.00878906 0.0615234
1 0.425049 0.407715 0.0131836 0.0556641
1 0.449219 0.404785 0.00976562 0.0576172
5 0.302002 0.409668 0.0200195 0.118164
5 0.286377 0.388672 0.0258789 0.0761719
5 0.597656 0.403809 0.0292969 0.0771484
2 0.578125 0.384277 0.0146484 0.0205078
2 0.565186 0.391602 0.0307617 0.0195312
2 0.56665 0.414551 0.0385742 0.0576172
2 0.529297 0.405762 0.0283203 0.0439453
7 0.248535 0.436523 0.0566406 0.0371094
7 0.298828 0.445312 0.0146484 0.0644531
7 0.287109 0.441895 0.0292969 0.0927734
7 0.625244 0.417969 0.0131836 0.0722656
