1 0.203125 0.440918 0.0214844 0.12793
5 0.722656 0.443848 0.0751953 0.120117
2 0.553467 0.411133 0.0131836 0.0195312
2 0.542725 0.418457 0.0131836 0.0302734
2 0.561035 0.433105 0.0244141 0.0478516
2 0.521729 0.433105 0.0405273 0.0673828
2 0.57666 0.438477 0.0234375 0.0644531
2 0.604248 0.441895 0.0581055 0.0869141
2 0.429688 0.418457 0.0117188 0.0205078
2 0.464844 0.399414 0.0214844 0.015625
2 0.490479 0.428711 0.0161133 0.0449219
2 0.477051 0.431152 0.0253906 0.0478516
2 0.450439 0.443359 0.0454102 0.0761719
2 0.375732 0.459961 0.114746 0.175781
2 0.73291 0.552246 0.241211 0.264648
