1 0.500244 0.443359 0.00537109 0.0292969
1 0.243408 0.44873 0.00927734 0.0595703
1 0.712891 0.427734 0.0117188 0.0449219
5 0.312012 0.438477 0.0136719 0.03125
2 0.445801 0.437988 0.0117188 0.0263672
2 0.493652 0.432617 0.0341797 0.0292969
2 0.487549 0.445801 0.0151367 0.0283203
2 0.473877 0.447266 0.0229492 0.03125
2 0.414062 0.452148 0.0244141 0.0449219
2 0.386719 0.45459 0.0410156 0.0517578
2 0.174072 0.448242 0.134277 0.191406
2 0.624023 0.433105 0.00585938 0.0244141
2 0.621094 0.437988 0.00683594 0.0263672
2 0.608887 0.437988 0.0205078 0.0341797
2 0.651611 0.427246 0.0161133 0.0478516
2 0.689453 0.437012 0.0253906 0.0537109
2 0.700928 0.441895 0.0327148 0.0478516
2 0.58667 0.444824 0.0229492 0.0595703
2 0.548584 0.437988 0.0649414 0.112305
2 0.333496 0.45752 0.0507812 0.0634766
3 0.653809 0.422363 0.0166016 0.0458984
4 0.854492 0.352051 0.286133 0.50293
7 0.308594 0.466797 0.00292969 0.0273438
