1 0.957275 0.433594 0.0805664 0.435547
1 0.844971 0.42334 0.0249023 0.194336
1 0.810791 0.438477 0.0288086 0.316406
1 0.741943 0.347168 0.0141602 0.0322266
1 0.745605 0.396973 0.0253906 0.124023
1 0.753662 0.462402 0.027832 0.125977
1 0.731934 0.453613 0.0234375 0.147461
1 0.791992 0.338867 0.0078125 0.0253906
1 0.776367 0.418945 0.0283203 0.208984
1 0.803467 0.441895 0.0756836 0.338867
1 0.88208 0.459473 0.0874023 0.327148
1 0.229004 0.389648 0.0166016 0.0800781
1 0.23877 0.397461 0.00878906 0.0703125
1 0.251465 0.395508 0.0175781 0.0742188
1 0.685303 0.414551 0.0366211 0.147461
1 0.658447 0.415527 0.0288086 0.149414
1 0.652344 0.414551 0.03125 0.168945
1 0.62915 0.420898 0.0307617 0.160156
1 0.119873 0.357422 0.00634766 0.0175781
1 0.11084 0.365234 0.00683594 0.0351562
1 0.0517578 0.342285 0.00585938 0.00878906
1 0.0576172 0.341797 0.00683594 0.00976562
1 0.0151367 0.345215 0.00585938 0.00683594
1 0.00561523 0.400879 0.00537109 0.0732422
1 0.0314941 0.399414 0.0112305 0.0742188
1 0.0319824 0.397949 0.0209961 0.0810547
1 0.0222168 0.404297 0.027832 0.09375
1 0.057373 0.404297 0.012207 0.0917969
1 0.0458984 0.402832 0.0195312 0.0966797
1 0.123535 0.405273 0.0107422 0.0976562
1 0.11377 0.40625 0.0185547 0.09375
2 0.0126953 0.395996 0.0195312 0.0595703
2 0.144531 0.397949 0.0878906 0.0556641
3 0.701172 0.362305 0.0761719 0.0605469
