1 0.758301 0.470703 0.0185547 0.0800781
1 0.745117 0.473145 0.0224609 0.0908203
1 0.345459 0.447754 0.00439453 0.0263672
1 0.304932 0.460449 0.00732422 0.0458984
1 0.297119 0.458984 0.00830078 0.046875
1 0.27124 0.45752 0.0131836 0.0595703
1 0.259521 0.460449 0.0112305 0.0576172
5 0.209961 0.458984 0.0175781 0.0664062
5 0.372803 0.470215 0.0219727 0.110352
5 0.687012 0.502441 0.0546875 0.239258
2 0.0861816 0.497559 0.132324 0.116211
2 0.481934 0.493652 0.118164 0.188477
8 0.356934 0.425293 0.106445 0.0556641
7 0.209473 0.487793 0.0166016 0.0517578
7 0.374756 0.503418 0.034668 0.0654297
7 0.692627 0.578613 0.0229492 0.112305
