1 0.535645 0.351562 0.00488281 0.015625
1 0.533447 0.359863 0.00439453 0.0263672
1 0.563965 0.349121 0.00292969 0.0107422
1 0.562012 0.349121 0.00390625 0.0107422
1 0.558105 0.348145 0.00585938 0.0126953
1 0.553467 0.347168 0.00244141 0.0126953
1 0.547363 0.347656 0.00292969 0.0117188
1 0.55127 0.347168 0.00585938 0.0126953
1 0.54541 0.349121 0.00390625 0.0107422
1 0.541016 0.348633 0.00585938 0.0117188
1 0.682617 0.340332 0.00488281 0.0126953
1 0.698242 0.334473 0.00683594 0.0166016
1 0.705811 0.336914 0.00732422 0.00976562
1 0.754883 0.316895 0.0117188 0.0341797
1 0.774902 0.32373 0.0117188 0.0224609
1 0.788818 0.317383 0.0180664 0.0292969
1 0.383545 0.379883 0.00439453 0.0175781
1 0.34668 0.382324 0.00488281 0.0283203
1 0.361816 0.384766 0.00488281 0.0292969
1 0.369385 0.382812 0.00537109 0.0292969
1 0.250732 0.373535 0.00830078 0.0107422
1 0.166748 0.378906 0.00830078 0.015625
1 0.143555 0.381836 0.00683594 0.0078125
1 0.135742 0.380371 0.00976562 0.0146484
1 0.123291 0.381348 0.0112305 0.0185547
1 0.09375 0.0878906 0.0136719 0.0253906
1 0.137207 0.0917969 0.00878906 0.00976562
1 0.14624 0.0922852 0.00732422 0.00878906
1 0.152588 0.0942383 0.00244141 0.00292969
1 0.156982 0.0913086 0.00732422 0.00878906
1 0.126465 0.0839844 0.0136719 0.0292969
1 0.921143 0.0791016 0.0131836 0.0761719
1 0.781982 0.0732422 0.00634766 0.00390625
1 0.669434 0.0693359 0.00585938 0.0136719
1 0.673828 0.0678711 0.0107422 0.0166016
1 0.646729 0.0742188 0.00732422 0.00585938
1 0.637939 0.0751953 0.00439453 0.00390625
1 0.630859 0.0625 0.00976562 0.0292969
1 0.516602 0.0654297 0.015625 0.0273438
1 0.432861 0.0766602 0.00634766 0.00683594
1 0.448486 0.0722656 0.012207 0.015625
1 0.419189 0.065918 0.00927734 0.0283203
1 0.400879 0.0664062 0.0078125 0.0292969
1 0.409668 0.0629883 0.0166016 0.0361328
1 0.369141 0.0776367 0.00976562 0.0107422
1 0.37915 0.0712891 0.0112305 0.0214844
1 0.236816 0.0761719 0.0107422 0.0273438
1 0.246826 0.0742188 0.012207 0.03125
1 0.246338 0.0795898 0.00927734 0.0205078
1 0.29126 0.0776367 0.0112305 0.0185547
1 0.305176 0.078125 0.0078125 0.015625
1 0.279541 0.0737305 0.012207 0.0283203
1 0.891357 0.0463867 0.0112305 0.0224609
1 0.879883 0.0756836 0.0078125 0.0634766
1 0.887695 0.0791016 0.0146484 0.0644531
1 0.849121 0.0639648 0.00878906 0.0185547
1 0.8396 0.0566406 0.0151367 0.0332031
1 0.857422 0.0581055 0.0117188 0.0302734
1 0.828369 0.0683594 0.00439453 0.0117188
1 0.628662 0.390137 0.0151367 0.0869141
1 0.894287 0.290039 0.00830078 0.03125
1 0.823486 0.325195 0.0131836 0.0507812
1 0.841309 0.366699 0.0234375 0.141602
1 0.863525 0.354492 0.0297852 0.181641
1 0.889893 0.359863 0.0336914 0.168945
1 0.838135 0.365234 0.0317383 0.179688
1 0.871094 0.0673828 0.0175781 0.0527344
1 0.885742 0.0991211 0.0234375 0.0712891
5 0.391357 0.379883 0.00830078 0.0273438
5 0.0400391 0.400391 0.0185547 0.0761719
5 0.105957 0.394043 0.0195312 0.0556641
2 0.545654 0.368164 0.0239258 0.0292969
2 0.559326 0.368164 0.0180664 0.0273438
2 0.568604 0.368652 0.0180664 0.0283203
2 0.616699 0.373535 0.0585938 0.120117
2 0.501953 0.373047 0.0136719 0.0371094
2 0.464355 0.397949 0.0576172 0.0908203
2 0.256104 0.399414 0.0180664 0.0410156
2 0.287354 0.395508 0.059082 0.0722656
2 0.237061 0.402344 0.0366211 0.0488281
2 0.208008 0.405762 0.0341797 0.0478516
2 0.178467 0.40918 0.0444336 0.0546875
2 0.140381 0.414551 0.0444336 0.0576172
2 0.0856934 0.413574 0.074707 0.0693359
2 0.687988 0.387207 0.046875 0.0927734
2 0.724365 0.386719 0.0561523 0.115234
2 0.778076 0.395996 0.10791 0.141602
2 0.937988 0.473145 0.119141 0.286133
4 0.585693 0.347168 0.019043 0.0751953
4 0.604004 0.321289 0.0224609 0.0429688
4 0.647217 0.327637 0.0649414 0.161133
4 0.306885 0.362793 0.0756836 0.0927734
7 0.392578 0.389648 0.00390625 0.0195312
7 0.0310059 0.427246 0.0493164 0.0673828
7 0.106689 0.42334 0.0258789 0.0439453
