1 0.485596 0.421387 0.00341797 0.0302734
1 0.492188 0.420898 0.00488281 0.0332031
1 0.479492 0.416504 0.00683594 0.0244141
1 0.50293 0.421387 0.00585938 0.0458984
1 0.511475 0.422363 0.00927734 0.0537109
1 0.52124 0.422852 0.00830078 0.046875
1 0.531494 0.420898 0.00927734 0.0507812
1 0.589111 0.428711 0.0161133 0.0703125
1 0.617188 0.430176 0.0195312 0.0927734
1 0.640381 0.429199 0.0229492 0.0927734
1 0.773438 0.447266 0.0390625 0.212891
1 0.815918 0.441895 0.0390625 0.223633
1 0.844238 0.432617 0.0380859 0.257812
1 0.192871 0.408203 0.0126953 0.0332031
1 0.180908 0.408203 0.0112305 0.0253906
2 0.384033 0.423828 0.00927734 0.0136719
2 0.394287 0.423828 0.012207 0.0136719
2 0.463135 0.429688 0.0307617 0.0410156
2 0.427002 0.426758 0.019043 0.0234375
2 0.441162 0.424316 0.0102539 0.0244141
2 0.446777 0.422852 0.0136719 0.0214844
2 0.443359 0.427734 0.00585938 0.0273438
2 0.45166 0.42627 0.015625 0.0341797
2 0.451904 0.427734 0.012207 0.03125
2 0.351318 0.429199 0.00830078 0.0283203
2 0.345947 0.430176 0.00927734 0.0322266
2 0.337402 0.430176 0.0146484 0.0322266
2 0.328857 0.433105 0.0131836 0.0380859
2 0.310059 0.432129 0.0322266 0.0498047
2 0.217041 0.448242 0.0532227 0.078125
2 0.158691 0.462891 0.09375 0.0898438
6 0.479492 0.434082 0.0302734 0.0400391
