1 0.0351562 0.424316 0.0166016 0.108398
5 0.818848 0.413086 0.0322266 0.179688
5 0.839844 0.383789 0.0371094 0.126953
2 0.158936 0.424316 0.0688477 0.0458984
2 0.229492 0.419922 0.0527344 0.0429688
2 0.635742 0.396973 0.0244141 0.0419922
2 0.666504 0.393555 0.0605469 0.0585938
2 0.716064 0.405762 0.081543 0.0576172
2 0.0581055 0.423828 0.110352 0.103516
2 0.430176 0.408203 0.015625 0.046875
2 0.451416 0.414551 0.0454102 0.0673828
2 0.362061 0.436035 0.129395 0.186523
4 0.530029 0.388672 0.0727539 0.03125
6 0.835205 0.456055 0.0727539 0.144531
