1 0.586426 0.302734 0.00488281 0.00976562
1 0.589844 0.303711 0.00292969 0.0078125
1 0.594971 0.303711 0.00146484 0.0078125
1 0.596924 0.305664 0.00244141 0.0117188
1 0.513672 0.312988 0.00390625 0.00878906
1 0.506592 0.312988 0.00341797 0.0107422
1 0.498291 0.312988 0.00341797 0.0107422
1 0.492676 0.313965 0.00390625 0.0107422
1 0.481689 0.313965 0.00341797 0.0126953
1 0.478516 0.315918 0.00488281 0.00878906
1 0.434326 0.326172 0.00244141 0.0117188
1 0.437256 0.325195 0.00341797 0.0136719
1 0.432373 0.335449 0.00439453 0.0126953
1 0.423584 0.350586 0.00439453 0.00976562
1 0.42041 0.360352 0.00390625 0.015625
1 0.417969 0.367188 0.00488281 0.0117188
1 0.412109 0.370117 0.00292969 0.015625
1 0.409912 0.371582 0.00244141 0.0146484
1 0.408203 0.368652 0.00292969 0.0185547
1 0.405273 0.369629 0.00292969 0.0224609
1 0.402832 0.370605 0.00292969 0.0185547
1 0.399902 0.37207 0.00292969 0.015625
1 0.391357 0.364258 0.00244141 0.0078125
1 0.392822 0.366699 0.00341797 0.0107422
1 0.395264 0.37207 0.00439453 0.015625
1 0.442139 0.369629 0.00244141 0.0166016
1 0.440674 0.369141 0.00244141 0.0136719
1 0.439941 0.37207 0.00195312 0.0136719
1 0.4375 0.368652 0.00390625 0.0185547
1 0.460205 0.391602 0.00732422 0.0292969
1 0.447266 0.390625 0.00585938 0.0351562
1 0.868164 0.374023 0.00488281 0.0117188
1 0.877686 0.373047 0.00634766 0.0136719
1 0.884521 0.373535 0.00537109 0.0126953
1 0.898438 0.375 0.00292969 0.00976562
1 0.901611 0.374023 0.00341797 0.00976562
1 0.889648 0.374512 0.00585938 0.0107422
1 0.906006 0.373535 0.00537109 0.0107422
1 0.9104 0.373047 0.00439453 0.0117188
1 0.934814 0.373535 0.00439453 0.00683594
1 0.944336 0.374023 0.00390625 0.00390625
1 0.609619 0.404785 0.0131836 0.0712891
5 0.54126 0.416016 0.0209961 0.115234
5 0.593506 0.425781 0.0249023 0.166016
5 0.56958 0.429688 0.0415039 0.208984
2 0.532227 0.355957 0.0078125 0.0107422
2 0.522217 0.358398 0.00732422 0.0117188
2 0.516113 0.359375 0.00683594 0.00976562
2 0.512207 0.36084 0.00878906 0.0107422
2 0.507568 0.361816 0.00634766 0.0107422
2 0.500488 0.361328 0.00878906 0.0117188
2 0.501465 0.367676 0.00976562 0.0166016
2 0.491455 0.36084 0.00927734 0.0107422
2 0.483398 0.36084 0.00683594 0.00878906
2 0.492188 0.369629 0.0117188 0.0166016
2 0.473877 0.369629 0.012207 0.0166016
2 0.483643 0.375488 0.0151367 0.0205078
2 0.485352 0.382812 0.0166016 0.0253906
2 0.508301 0.380371 0.0126953 0.0205078
2 0.463379 0.381348 0.0146484 0.0205078
2 0.422852 0.381836 0.0175781 0.0214844
2 0.672852 0.34082 0.0253906 0.0117188
2 0.838867 0.36377 0.0449219 0.0341797
2 0.875977 0.380371 0.0224609 0.000976562
2 0.994385 0.50293 0.00634766 0.00390625
2 0.961182 0.508301 0.0600586 0.0341797
2 0.368896 0.411621 0.059082 0.0986328
3 0.591309 0.335449 0.0117188 0.0185547
4 0.53833 0.347656 0.019043 0.0292969
4 0.460938 0.359863 0.03125 0.0380859
4 0.600586 0.355957 0.0185547 0.0498047
4 0.628418 0.361816 0.0390625 0.0654297
4 0.712646 0.34375 0.0493164 0.0234375
4 0.765625 0.340332 0.0576172 0.0283203
4 0.9729 0.367676 0.0493164 0.0146484
4 0.801514 0.365723 0.104004 0.0322266
4 0.828369 0.443359 0.192871 0.130859
7 0.543457 0.446777 0.0078125 0.0732422
7 0.593262 0.470215 0.0126953 0.102539
7 0.567871 0.484375 0.0185547 0.125
