1 0.310791 0.445801 0.00732422 0.0341797
1 0.317139 0.450195 0.00732422 0.0332031
1 0.341309 0.44873 0.00683594 0.0341797
1 0.357178 0.449707 0.0112305 0.0419922
1 0.799072 0.438477 0.00830078 0.0214844
1 0.790283 0.435059 0.0151367 0.0302734
1 0.980469 0.48877 0.0341797 0.213867
1 0.733887 0.48584 0.0283203 0.12207
1 0.569336 0.458008 0.00976562 0.0878906
1 0.561035 0.455078 0.0126953 0.0957031
5 0.10083 0.464355 0.0209961 0.0771484
2 0.201416 0.448242 0.0161133 0.0214844
2 0.239258 0.461914 0.0292969 0.046875
2 0.380371 0.450684 0.0146484 0.0283203
2 0.72583 0.441406 0.0688477 0.03125
2 0.155029 0.483398 0.0649414 0.0878906
2 0.0456543 0.568848 0.0854492 0.293945
2 0.187012 0.452148 0.0166016 0.03125
4 0.188477 0.436035 0.0126953 0.0224609
4 0.477295 0.436523 0.128418 0.167969
7 0.100098 0.481934 0.0126953 0.0537109
