1 0.588867 0.405273 0.00585938 0.00976562
1 0.867676 0.413574 0.0107422 0.0693359
1 0.840332 0.420898 0.0136719 0.0839844
1 0.820801 0.423828 0.00878906 0.0800781
1 0.827881 0.43457 0.0249023 0.111328
1 0.800293 0.431641 0.0185547 0.109375
1 0.652588 0.401855 0.00927734 0.0166016
1 0.455078 0.411133 0.00976562 0.015625
1 0.301025 0.419434 0.0102539 0.0302734
1 0.63623 0.407227 0.0117188 0.0234375
1 0.286865 0.42041 0.019043 0.0634766
1 0.206787 0.452637 0.0209961 0.102539
1 0.980469 0.399414 0.00390625 0.0292969
1 0.0932617 0.443359 0.0263672 0.138672
1 0.529297 0.491211 0.0263672 0.169922
1 0.39502 0.415039 0.0195312 0.0292969
1 0.505615 0.484863 0.0249023 0.170898
1 0.911621 0.405273 0.0126953 0.0546875
1 0.0996094 0.455566 0.0390625 0.174805
2 0.592529 0.422852 0.0219727 0.0253906
2 0.554199 0.47168 0.0878906 0.152344
2 0.688721 0.416992 0.0317383 0.0507812
2 0.697021 0.435547 0.012207 0.0332031
2 0.667969 0.428711 0.0498047 0.0488281
2 0.635986 0.435059 0.0600586 0.0537109
2 0.618164 0.416504 0.0410156 0.0166016
2 0.621826 0.467285 0.0698242 0.0908203
2 0.49707 0.429199 0.0429688 0.0302734
2 0.476807 0.434082 0.043457 0.0380859
2 0.486816 0.462402 0.0166016 0.0439453
2 0.439453 0.461914 0.0830078 0.0917969
2 0.409668 0.463867 0.0732422 0.0976562
2 0.339844 0.460938 0.128906 0.101562
7 0.278564 0.473633 0.065918 0.0761719
7 0.257324 0.467773 0.0664062 0.0878906
