1 0.582764 0.40332 0.0112305 0.0292969
1 0.474854 0.366699 0.00244141 0.0146484
1 0.477539 0.371582 0.00488281 0.0205078
2 0.543457 0.375488 0.0410156 0.0361328
2 0.538574 0.390137 0.0283203 0.0263672
2 0.558594 0.394043 0.0361328 0.0244141
2 0.543213 0.424316 0.0327148 0.0517578
2 0.567871 0.432129 0.0400391 0.0517578
2 0.470703 0.379883 0.00976562 0.0214844
2 0.467041 0.383301 0.012207 0.0224609
2 0.46167 0.388184 0.00927734 0.0244141
2 0.448486 0.389648 0.0209961 0.0390625
2 0.447021 0.399414 0.0170898 0.0351562
2 0.44165 0.406738 0.0151367 0.0361328
2 0.429688 0.411621 0.0283203 0.0439453
2 0.411377 0.428223 0.0229492 0.0458984
2 0.365723 0.489746 0.12207 0.168945
2 0.600586 0.402832 0.015625 0.0439453
2 0.079834 0.506836 0.153809 0.316406
7 0.262451 0.442383 0.0131836 0.0566406
7 0.269287 0.444824 0.0141602 0.0537109
7 0.280518 0.446777 0.0131836 0.0478516
7 0.248047 0.445801 0.00878906 0.0498047
