1 0.0805664 0.362305 0.0234375 0.0351562
1 0.830566 0.378906 0.0263672 0.0703125
1 0.34668 0.412598 0.0117188 0.0947266
1 0.365723 0.414551 0.0185547 0.0927734
1 0.407715 0.424805 0.015625 0.0839844
1 0.39502 0.424805 0.0166016 0.0839844
5 0.749512 0.428223 0.0576172 0.258789
2 0.156982 0.369141 0.0893555 0.0273438
2 0.649902 0.410156 0.0185547 0.0195312
2 0.559082 0.441895 0.00585938 0.0263672
2 0.538086 0.433105 0.0361328 0.0712891
2 0.47998 0.425293 0.0957031 0.102539
2 0.668213 0.433594 0.0258789 0.0898438
2 0.606201 0.444336 0.102051 0.111328
2 0.700439 0.427246 0.0678711 0.114258
2 0.717285 0.438965 0.0439453 0.114258
2 0.799561 0.444336 0.0717773 0.140625
7 0.750244 0.516113 0.0268555 0.176758
7 0.234619 0.453613 0.0356445 0.102539
7 0.1875 0.464844 0.0380859 0.117188
7 0.123047 0.481445 0.0419922 0.134766
7 0.0649414 0.491211 0.0361328 0.166016
7 0.96875 0.491699 0.0576172 0.149414
