1 0.614014 0.431152 0.00927734 0.0537109
1 0.390625 0.429199 0.00292969 0.0244141
1 0.388428 0.432129 0.00341797 0.0146484
1 0.503906 0.435547 0.0078125 0.0410156
1 0.280518 0.409668 0.012207 0.0185547
1 0.243408 0.409668 0.0131836 0.0224609
1 0.383057 0.45166 0.0180664 0.102539
5 0.522217 0.42334 0.00537109 0.0107422
5 0.526855 0.42334 0.00292969 0.00878906
5 0.800049 0.438965 0.0532227 0.231445
5 0.497803 0.423828 0.00341797 0.00976562
5 0.468994 0.421875 0.00927734 0.0214844
2 0.613525 0.438477 0.0209961 0.0429688
2 0.575195 0.434082 0.0585938 0.108398
2 0.827393 0.452148 0.115723 0.125
2 0.883789 0.460938 0.0429688 0.140625
2 0.509277 0.429199 0.00488281 0.00878906
2 0.44751 0.44043 0.0151367 0.03125
2 0.444336 0.443359 0.0078125 0.03125
2 0.442139 0.444824 0.00830078 0.0341797
2 0.417969 0.430664 0.0419922 0.0722656
2 0.408936 0.44873 0.0258789 0.0439453
2 0.380859 0.45752 0.0166016 0.0576172
2 0.35083 0.449707 0.0473633 0.0908203
2 0.330078 0.458496 0.0488281 0.0810547
2 0.283203 0.475586 0.0771484 0.113281
2 0.0224609 0.437988 0.0390625 0.0146484
2 0.0187988 0.472656 0.0317383 0.0605469
2 0.137451 0.562012 0.269043 0.383789
6 0.876709 0.469727 0.0522461 0.136719
6 0.399414 0.446289 0.0244141 0.0410156
7 0.522217 0.432129 0.00244141 0.00878906
7 0.526611 0.432617 0.00244141 0.0117188
7 0.651855 0.461426 0.0400391 0.0849609
7 0.719482 0.497559 0.043457 0.166992
7 0.804199 0.44043 0.0419922 0.0664062
7 0.497314 0.433594 0.00146484 0.0078125
7 0.481934 0.439453 0.00683594 0.015625
7 0.468506 0.443848 0.00927734 0.0244141
