1 0.324707 0.443359 0.00683594 0.0234375
1 0.266846 0.437988 0.0102539 0.0224609
1 0.250977 0.439453 0.00878906 0.0214844
5 0.373047 0.437988 0.00878906 0.0283203
2 0.498047 0.42627 0.0175781 0.00878906
2 0.478027 0.435059 0.0234375 0.0244141
2 0.452881 0.436035 0.027832 0.0244141
2 0.506592 0.44043 0.019043 0.0332031
2 0.524902 0.442383 0.0283203 0.0390625
2 0.314453 0.457031 0.0214844 0.0410156
2 0.29126 0.456055 0.0336914 0.0507812
2 0.226562 0.461426 0.0458984 0.0751953
2 0.203857 0.469727 0.0405273 0.0683594
2 0.173096 0.477539 0.0493164 0.0722656
2 0.12207 0.480469 0.0644531 0.0976562
2 0.0515137 0.495117 0.097168 0.113281
7 0.374268 0.444336 0.0112305 0.0195312
