2 0.323242 0.401855 0.0078125 0.0126953
2 0.470947 0.402832 0.0229492 0.0263672
2 0.337891 0.400879 0.0136719 0.0107422
2 0.340576 0.419922 0.0151367 0.03125
2 0.330566 0.424316 0.0214844 0.0361328
2 0.146729 0.460449 0.0385742 0.0654297
2 0.50293 0.397949 0.0253906 0.0244141
2 0.532715 0.402344 0.0214844 0.0332031
2 0.508789 0.4375 0.0498047 0.0820312
2 0.575928 0.428711 0.0356445 0.0683594
2 0.594238 0.436523 0.0576172 0.0742188
2 0.67334 0.433105 0.0605469 0.0771484
2 0.744629 0.438965 0.0898438 0.106445
2 0.860352 0.454102 0.150391 0.167969
6 0.641602 0.429688 0.0244141 0.0488281
