1 0.901855 0.431152 0.0214844 0.0810547
1 0.866943 0.425293 0.019043 0.0927734
1 0.925781 0.432617 0.0185547 0.09375
1 0.971191 0.431152 0.0263672 0.110352
2 0.879395 0.42041 0.00292969 0.0263672
2 0.647705 0.406738 0.0454102 0.0810547
2 0.582275 0.407715 0.043457 0.0751953
2 0.334229 0.396484 0.0473633 0.0742188
2 0.282715 0.40332 0.0361328 0.0703125
2 0.239502 0.400879 0.059082 0.0712891
2 0.176514 0.414551 0.0844727 0.0986328
2 0.0837402 0.412109 0.10791 0.136719
4 0.838135 0.398926 0.0932617 0.0595703
4 0.687012 0.37793 0.193359 0.117188
6 0.500488 0.402344 0.03125 0.0625
6 0.473633 0.402832 0.046875 0.0732422
7 0.509033 0.407227 0.019043 0.046875
7 0.463623 0.412598 0.0268555 0.0654297
7 0.449707 0.417969 0.0234375 0.0644531
7 0.438965 0.418457 0.03125 0.0732422
7 0.41626 0.425781 0.0258789 0.0800781
7 0.399658 0.433105 0.034668 0.0771484
7 0.349609 0.445312 0.0732422 0.0820312
7 0.252441 0.446289 0.0888672 0.136719
7 0.227295 0.45166 0.112793 0.143555
