1 0.822021 0.416504 0.0288086 0.151367
1 0.510254 0.433105 0.0292969 0.135742
2 0.403809 0.418457 0.0292969 0.0361328
2 0.434082 0.418945 0.0400391 0.0449219
2 0.335693 0.414062 0.0366211 0.0390625
2 0.272217 0.39209 0.0249023 0.00488281
2 0.275635 0.398438 0.0317383 0.00976562
2 0.30957 0.428223 0.0371094 0.0576172
2 0.294922 0.433594 0.0234375 0.0605469
2 0.256104 0.439453 0.074707 0.0878906
2 0.145264 0.45459 0.0883789 0.143555
2 0.0671387 0.477539 0.128418 0.193359
2 0.769775 0.418457 0.019043 0.0654297
2 0.855957 0.42627 0.0117188 0.0712891
2 0.550049 0.421387 0.0405273 0.0615234
2 0.574463 0.420898 0.0258789 0.0664062
2 0.671631 0.428711 0.108887 0.105469
4 0.658936 0.349609 0.0561523 0.0664062
4 0.575195 0.364746 0.0234375 0.0595703
