1 0.493408 0.379883 0.00537109 0.0136719
1 0.623535 0.374023 0.00585938 0.0273438
1 0.512695 0.374023 0.00585938 0.0195312
5 0.525391 0.414062 0.0244141 0.0703125
2 0.690918 0.397949 0.0917969 0.0517578
2 0.694824 0.408203 0.0703125 0.0605469
2 0.0939941 0.455566 0.012207 0.0498047
2 0.255127 0.44043 0.118652 0.0878906
2 0.167236 0.445801 0.14209 0.0927734
2 0.606445 0.382324 0.0107422 0.0205078
2 0.606445 0.390625 0.00585938 0.0136719
2 0.604004 0.384277 0.00488281 0.0224609
2 0.591797 0.385742 0.0234375 0.0351562
2 0.588135 0.39502 0.0112305 0.0263672
2 0.571045 0.392578 0.027832 0.0332031
2 0.569336 0.39502 0.0283203 0.0302734
2 0.566895 0.406738 0.0175781 0.0224609
2 0.544434 0.398926 0.0380859 0.0380859
2 0.546875 0.400391 0.0175781 0.0332031
2 0.47998 0.391602 0.0283203 0.015625
2 0.478516 0.411621 0.0712891 0.0478516
7 0.525146 0.440918 0.0385742 0.0576172
7 0.448242 0.428223 0.0400391 0.0556641
