1 0.507812 0.414551 0.00292969 0.0126953
1 0.514893 0.410156 0.00537109 0.0234375
2 0.485107 0.416504 0.00634766 0.0166016
2 0.519043 0.416504 0.00488281 0.0126953
2 0.526611 0.419434 0.0141602 0.0263672
2 0.537109 0.424805 0.0107422 0.0410156
2 0.593018 0.437012 0.0629883 0.124023
2 0.601318 0.456543 0.0581055 0.108398
2 0.650879 0.470703 0.0820312 0.164062
2 0.739746 0.486328 0.15332 0.242188
2 0.446533 0.418945 0.0131836 0.0214844
2 0.441162 0.42041 0.0131836 0.0244141
2 0.465576 0.436523 0.0288086 0.0449219
2 0.417725 0.45459 0.059082 0.0966797
2 0.356934 0.439941 0.0566406 0.0771484
8 0.499512 0.393066 0.0253906 0.0654297
