2 0.622803 0.43457 0.0405273 0.109375
2 0.659912 0.439941 0.059082 0.137695
2 0.707031 0.453613 0.104492 0.172852
2 0.799316 0.475586 0.157227 0.25
2 0.90625 0.522461 0.182617 0.388672
2 0.98584 0.624023 0.0234375 0.193359
2 0.294434 0.441406 0.0439453 0.0976562
2 0.42627 0.422852 0.0625 0.103516
2 0.265381 0.44873 0.0541992 0.112305
2 0.199463 0.459961 0.109863 0.144531
2 0.0473633 0.506836 0.0888672 0.207031
7 0.526123 0.413086 0.0151367 0.0253906
7 0.335693 0.446289 0.0268555 0.0507812
7 0.33252 0.45166 0.0195312 0.0439453
7 0.325439 0.459961 0.0209961 0.0390625
