1 0.53125 0.418945 0.00390625 0.0234375
1 0.718994 0.397461 0.00830078 0.0117188
1 0.682373 0.394043 0.0102539 0.0224609
1 0.734619 0.393555 0.0102539 0.0195312
1 0.512695 0.424805 0.00683594 0.0253906
2 0.610107 0.416992 0.00537109 0.015625
2 0.602051 0.418457 0.015625 0.0185547
2 0.622314 0.409668 0.00634766 0.00488281
2 0.628174 0.415039 0.00927734 0.0136719
2 0.618408 0.417969 0.0131836 0.0175781
2 0.659424 0.415527 0.0385742 0.0673828
2 0.31665 0.445801 0.0893555 0.116211
2 0.113525 0.432617 0.0327148 0.0546875
2 0.0905762 0.570312 0.175293 0.404297
6 0.538086 0.429688 0.015625 0.0195312
