2 0.496826 0.472168 0.0102539 0.0224609
2 0.520264 0.47168 0.0102539 0.03125
2 0.536621 0.470215 0.0292969 0.0341797
2 0.593994 0.471191 0.0327148 0.102539
2 0.620117 0.478516 0.0625 0.125
2 0.664795 0.49707 0.0893555 0.167969
2 0.751709 0.524902 0.171387 0.274414
2 0.880371 0.618164 0.234375 0.509766
2 0.482422 0.462891 0.0136719 0.0410156
2 0.477295 0.46582 0.0151367 0.0488281
2 0.456787 0.461914 0.0356445 0.0800781
2 0.434814 0.473633 0.034668 0.111328
2 0.383789 0.478516 0.0966797 0.136719
2 0.134766 0.648926 0.263672 0.59082
