1 0.168945 0.503418 0.106445 0.329102
2 0.45752 0.373535 0.0107422 0.00488281
2 0.434326 0.372559 0.0180664 0.0146484
2 0.411133 0.374512 0.0146484 0.0107422
2 0.417969 0.383301 0.00878906 0.00878906
2 0.392334 0.378906 0.012207 0.00585938
2 0.510742 0.381836 0.015625 0.015625
2 0.513672 0.389648 0.0078125 0.0234375
2 0.400391 0.404785 0.0332031 0.0517578
2 0.385254 0.4375 0.0361328 0.115234
2 0.362793 0.452148 0.0527344 0.136719
2 0.536377 0.390625 0.0454102 0.0566406
2 0.544922 0.422852 0.0488281 0.0917969
2 0.558594 0.446777 0.0332031 0.133789
2 0.61377 0.444824 0.114258 0.208008
2 0.662598 0.493164 0.157227 0.201172
2 0.29834 0.475586 0.132812 0.203125
2 0.46167 0.480957 0.147949 0.217773
