1 0.885498 0.318848 0.0170898 0.0400391
1 0.350586 0.368164 0.00683594 0.0214844
1 0.34375 0.367188 0.0078125 0.0234375
1 0.367432 0.368164 0.00634766 0.0214844
1 0.392822 0.391602 0.0112305 0.0644531
1 0.386475 0.389648 0.0151367 0.0703125
1 0.433838 0.39209 0.0112305 0.0732422
1 0.5979 0.366699 0.00732422 0.0244141
1 0.597656 0.375 0.00683594 0.03125
1 0.944092 0.351074 0.012207 0.0341797
1 0.96875 0.316895 0.0126953 0.0322266
1 0.962646 0.317383 0.0170898 0.0292969
1 0.979248 0.321289 0.0112305 0.0507812
2 0.343506 0.367676 0.043457 0.0224609
2 0.454102 0.37793 0.0234375 0.0332031
8 0.537598 0.364258 0.0390625 0.0429688
8 0.567871 0.366211 0.0390625 0.0429688
