1 0.351562 0.371094 0.00488281 0.0078125
1 0.474609 0.381836 0.00195312 0.00195312
1 0.0651855 0.419922 0.00537109 0.00195312
1 0.00634766 0.400879 0.00683594 0.0419922
1 0.0175781 0.397949 0.0117188 0.0439453
1 0.0649414 0.404785 0.00390625 0.0263672
1 0.185303 0.37793 0.00439453 0.0253906
1 0.123779 0.403809 0.0141602 0.0966797
1 0.113281 0.408691 0.0234375 0.110352
1 0.138428 0.422363 0.0161133 0.151367
1 0.621826 0.39502 0.012207 0.0732422
1 0.268311 0.392578 0.00830078 0.0253906
1 0.278076 0.425781 0.019043 0.121094
1 0.258301 0.424805 0.0175781 0.125
1 0.331055 0.383301 0.0078125 0.0419922
1 0.931152 0.392578 0.0214844 0.0429688
1 0.983398 0.394531 0.0283203 0.046875
1 0.846436 0.380859 0.0141602 0.0371094
1 0.766357 0.403809 0.0200195 0.0751953
1 0.793213 0.37793 0.019043 0.0390625
1 0.90332 0.438965 0.0527344 0.217773
5 0.24585 0.39209 0.00927734 0.0419922
2 0.661133 0.416504 0.0712891 0.102539
7 0.243652 0.401367 0.0166016 0.0234375
7 0.327393 0.421875 0.0200195 0.0507812
7 0.339844 0.439453 0.0205078 0.0839844
