1 0.718018 0.467773 0.0102539 0.0546875
1 0.900879 0.452637 0.0146484 0.0302734
1 0.737549 0.508301 0.0366211 0.305664
1 0.764893 0.502441 0.0424805 0.348633
1 0.811279 0.519531 0.0620117 0.390625
1 0.475342 0.44873 0.00634766 0.0537109
1 0.446045 0.469238 0.00634766 0.0771484
1 0.427002 0.466309 0.012207 0.0810547
1 0.452393 0.466309 0.0141602 0.0849609
1 0.438477 0.46582 0.0195312 0.0839844
1 0.35083 0.457031 0.00732422 0.0722656
1 0.346191 0.458496 0.0146484 0.0888672
1 0.400635 0.467773 0.0336914 0.138672
1 0.395752 0.470215 0.0288086 0.129883
1 0.291016 0.452637 0.0146484 0.0712891
5 0.306152 0.445801 0.0175781 0.0732422
2 0.89917 0.496582 0.043457 0.100586
2 0.496338 0.481445 0.0493164 0.0703125
2 0.55127 0.486816 0.0683594 0.0908203
2 0.586426 0.476074 0.0078125 0.0107422
2 0.593506 0.470703 0.00830078 0.0214844
2 0.615967 0.458008 0.0385742 0.0566406
2 0.612549 0.465332 0.0239258 0.0458984
2 0.614502 0.469727 0.0112305 0.0332031
2 0.616211 0.475586 0.00683594 0.0410156
2 0.646973 0.473145 0.0605469 0.0654297
2 0.655029 0.483398 0.0366211 0.0605469
2 0.692383 0.488281 0.0566406 0.0703125
7 0.416992 0.472656 0.0107422 0.0410156
7 0.30249 0.464355 0.0249023 0.0419922
7 0.233398 0.462891 0.0292969 0.0292969
