1 0.742676 0.444336 0.00683594 0.0175781
1 0.61792 0.449707 0.012207 0.0263672
1 0.45459 0.487793 0.0166016 0.0947266
1 0.517334 0.492188 0.0239258 0.0898438
1 0.642334 0.484375 0.0239258 0.107422
1 0.632568 0.48291 0.0180664 0.112305
1 0.681641 0.478027 0.0205078 0.124023
1 0.851807 0.445312 0.00634766 0.03125
1 0.902344 0.435059 0.00390625 0.0166016
1 0.908936 0.437012 0.00341797 0.0146484
1 0.597412 0.527344 0.0874023 0.326172
1 0.170898 0.507324 0.0439453 0.368164
1 0.213867 0.525879 0.105469 0.375977
1 0.214355 0.537109 0.0683594 0.425781
1 0.0393066 0.484375 0.00927734 0.09375
1 0.0546875 0.478516 0.0117188 0.107422
1 0.046875 0.481445 0.0146484 0.111328
1 0.0290527 0.519043 0.0522461 0.491211
1 0.49585 0.487793 0.012207 0.100586
5 0.25708 0.570801 0.0844727 0.262695
2 0.855469 0.435547 0.00683594 0.0136719
2 0.861816 0.438477 0.0107422 0.0175781
2 0.869873 0.444336 0.0161133 0.0253906
2 0.827881 0.474609 0.0405273 0.0722656
2 0.798584 0.486816 0.0532227 0.0712891
2 0.0212402 0.520996 0.0249023 0.0810547
2 0.890381 0.437988 0.0131836 0.0205078
2 0.883301 0.437988 0.00390625 0.0185547
4 0.963623 0.432617 0.0454102 0.0703125
6 0.27124 0.632812 0.0922852 0.203125
7 0.0871582 0.521973 0.0639648 0.0517578
