1 0.201172 0.411621 0.0136719 0.0771484
1 0.251709 0.411133 0.00537109 0.0546875
1 0.245361 0.409668 0.0112305 0.0634766
1 0.255371 0.408203 0.00878906 0.0625
1 0.272217 0.400391 0.00439453 0.0371094
1 0.325195 0.402832 0.00585938 0.0439453
1 0.585938 0.378418 0.00488281 0.0107422
1 0.73877 0.353027 0.0078125 0.0107422
5 0.188721 0.407227 0.019043 0.0957031
5 0.2146 0.409668 0.0112305 0.0751953
2 0.53833 0.398438 0.00732422 0.015625
2 0.532227 0.397461 0.0078125 0.0175781
2 0.5271 0.398438 0.00732422 0.015625
2 0.522705 0.398438 0.00537109 0.015625
2 0.51416 0.395508 0.0126953 0.0234375
2 0.510986 0.398926 0.00830078 0.0166016
2 0.501709 0.398438 0.0141602 0.0214844
2 0.488525 0.398438 0.0151367 0.0214844
2 0.481201 0.400391 0.00927734 0.0195312
2 0.472656 0.400391 0.0126953 0.0234375
2 0.459717 0.398926 0.0131836 0.0263672
2 0.452881 0.401855 0.0102539 0.0263672
2 0.445312 0.402832 0.0146484 0.0302734
2 0.440186 0.403809 0.00634766 0.0322266
2 0.436523 0.404785 0.00878906 0.0341797
2 0.431641 0.405273 0.00976562 0.0390625
2 0.414307 0.40332 0.0288086 0.0507812
2 0.414551 0.410645 0.0117188 0.0400391
2 0.404053 0.412109 0.0249023 0.046875
2 0.385254 0.416016 0.0263672 0.0566406
2 0.363281 0.421387 0.0458984 0.0615234
2 0.543457 0.400391 0.00683594 0.0292969
2 0.550537 0.400879 0.0161133 0.0341797
2 0.553223 0.402832 0.0136719 0.0341797
2 0.555664 0.405273 0.0107422 0.0390625
2 0.561279 0.405273 0.0141602 0.0449219
2 0.57251 0.405762 0.027832 0.0458984
2 0.583252 0.409668 0.0395508 0.0517578
2 0.624268 0.423828 0.0385742 0.0878906
2 0.638428 0.425781 0.034668 0.0957031
2 0.663086 0.432129 0.0546875 0.124023
2 0.710205 0.43457 0.0913086 0.173828
2 0.797852 0.457031 0.177734 0.228516
2 0.919189 0.493164 0.156738 0.347656
7 0.188721 0.447266 0.0170898 0.046875
7 0.215088 0.4375 0.0102539 0.0507812
