5 0.289062 0.394531 0.0107422 0.0273438
2 0.0327148 0.402344 0.0595703 0.0664062
2 0.207275 0.400879 0.0356445 0.0224609
2 0.323486 0.400391 0.012207 0.0214844
2 0.347656 0.411621 0.0107422 0.0283203
2 0.379395 0.410645 0.0107422 0.0224609
2 0.576416 0.424805 0.0317383 0.03125
2 0.825928 0.432617 0.0268555 0.0371094
2 0.857178 0.439453 0.0385742 0.0527344
2 0.605957 0.441406 0.0195312 0.09375
2 0.677002 0.460449 0.0844727 0.118164
2 0.767822 0.47998 0.125488 0.170898
2 0.521973 0.453613 0.0703125 0.108398
7 0.289795 0.411133 0.0200195 0.0273438
