1 0.537842 0.382812 0.00537109 0.00585938
1 0.552002 0.393066 0.00439453 0.0224609
1 0.475098 0.387207 0.0078125 0.0263672
1 0.772705 0.381836 0.0229492 0.0546875
1 0.73877 0.422363 0.0361328 0.182617
1 0.772949 0.455566 0.0380859 0.108398
5 0.557129 0.387207 0.00878906 0.0205078
5 0.580811 0.391602 0.00634766 0.0292969
2 0.486572 0.398926 0.0336914 0.0341797
2 0.512695 0.400879 0.0498047 0.0380859
2 0.463135 0.404297 0.012207 0.0332031
2 0.450684 0.403809 0.0263672 0.0439453
2 0.441406 0.406738 0.0185547 0.0419922
2 0.433594 0.402832 0.0224609 0.0419922
2 0.42334 0.41748 0.0195312 0.0322266
2 0.405762 0.401367 0.0380859 0.0742188
2 0.399414 0.410156 0.0185547 0.0605469
2 0.356201 0.405273 0.0766602 0.0898438
2 0.353271 0.415527 0.0366211 0.0771484
2 0.328613 0.416992 0.0410156 0.0878906
2 0.233643 0.407227 0.156738 0.142578
2 0.256348 0.432617 0.0605469 0.117188
2 0.178223 0.425293 0.141602 0.135742
2 0.165771 0.453613 0.0864258 0.147461
2 0.0847168 0.449707 0.163574 0.180664
2 0.0566406 0.48291 0.107422 0.204102
2 0.0178223 0.478516 0.0297852 0.1875
2 0.587891 0.40625 0.00683594 0.046875
2 0.602051 0.405762 0.0273438 0.0537109
2 0.599365 0.411133 0.0170898 0.0546875
2 0.612305 0.41748 0.0263672 0.0712891
2 0.635986 0.422852 0.043457 0.101562
2 0.680908 0.425781 0.074707 0.121094
2 0.8125 0.431152 0.104492 0.131836
2 0.893555 0.525391 0.208008 0.34375
8 0.598145 0.382324 0.0576172 0.0439453
6 0.558838 0.404785 0.0112305 0.0263672
7 0.580566 0.402832 0.00390625 0.0185547
