1 0.730957 0.374512 0.0107422 0.0263672
5 0.54126 0.393555 0.00830078 0.015625
2 0.742188 0.419434 0.105469 0.0927734
2 0.5979 0.404785 0.0141602 0.0419922
2 0.606201 0.410645 0.0112305 0.0322266
2 0.562256 0.399902 0.0131836 0.0263672
2 0.571777 0.402832 0.0117188 0.0205078
2 0.535645 0.394043 0.00878906 0.0146484
2 0.550049 0.402344 0.0141602 0.0234375
2 0.961182 0.42041 0.0493164 0.104492
2 0.990967 0.44043 0.0131836 0.0488281
2 0.517578 0.395508 0.00585938 0.0136719
2 0.525391 0.400879 0.0126953 0.0244141
2 0.502441 0.396484 0.0126953 0.015625
2 0.475586 0.398438 0.0166016 0.015625
2 0.266846 0.418945 0.0551758 0.0703125
2 0.246826 0.42627 0.0522461 0.0673828
2 0.215088 0.430664 0.0620117 0.0722656
2 0.390625 0.399902 0.0185547 0.0185547
2 0.394287 0.414551 0.0112305 0.0263672
2 0.371094 0.402344 0.0507812 0.0488281
2 0.20166 0.434082 0.0556641 0.0751953
2 0.142578 0.431641 0.0800781 0.0957031
2 0.136719 0.439941 0.0595703 0.0927734
2 0.0861816 0.442383 0.0893555 0.107422
2 0.0593262 0.449707 0.111816 0.110352
2 0.348633 0.412109 0.0371094 0.0449219
2 0.00805664 0.402344 0.0102539 0.160156
2 0.306641 0.435059 0.0712891 0.0888672
6 0.541504 0.404297 0.00488281 0.0136719
7 0.655273 0.413086 0.00878906 0.0449219
7 0.678467 0.408691 0.0131836 0.0322266
7 0.688721 0.413086 0.00927734 0.0449219
7 0.99292 0.470215 0.00927734 0.0576172
