1 0.579834 0.433594 0.00537109 0.0410156
1 0.573242 0.433594 0.0078125 0.0410156
1 0.586426 0.433594 0.00683594 0.0371094
1 0.626221 0.431152 0.00634766 0.0458984
1 0.613525 0.470703 0.0493164 0.251953
1 0.44165 0.43457 0.00927734 0.0332031
1 0.42749 0.438477 0.00927734 0.0351562
1 0.398193 0.443848 0.00634766 0.0322266
1 0.404297 0.437012 0.00878906 0.0439453
1 0.466797 0.439453 0.0126953 0.046875
1 0.389648 0.437988 0.0107422 0.0380859
1 0.377686 0.438965 0.00634766 0.0419922
1 0.314453 0.427246 0.0126953 0.0146484
1 0.300537 0.434082 0.012207 0.0263672
1 0.223633 0.451172 0.0166016 0.0839844
5 0.719727 0.48877 0.0546875 0.297852
5 0.545898 0.428711 0.00585938 0.0175781
5 0.555176 0.432617 0.00976562 0.0292969
2 0.529541 0.433105 0.0161133 0.0263672
2 0.487305 0.432129 0.0117188 0.0146484
2 0.455811 0.44043 0.0141602 0.0273438
2 0.313721 0.464844 0.0532227 0.0644531
6 0.533447 0.437988 0.00634766 0.0244141
7 0.545898 0.436523 0.00195312 0.0136719
7 0.55542 0.442871 0.00927734 0.0205078
