2 0.4729 0.406738 0.0200195 0.0419922
2 0.455566 0.410156 0.0302734 0.0566406
2 0.443115 0.411621 0.0424805 0.0654297
2 0.383789 0.435059 0.0478516 0.131836
2 0.351318 0.454102 0.0981445 0.189453
2 0.254883 0.486816 0.188477 0.274414
2 0.121338 0.589355 0.236816 0.52832
2 0.547607 0.401855 0.00927734 0.0458984
2 0.564209 0.400879 0.0375977 0.0634766
2 0.521729 0.403809 0.0444336 0.0712891
2 0.65918 0.45166 0.0751953 0.165039
2 0.742676 0.475098 0.165039 0.229492
2 0.907471 0.593262 0.180176 0.641602
