1 0.611572 0.419922 0.00927734 0.0214844
1 0.648193 0.413086 0.00634766 0.0078125
1 0.214355 0.413574 0.0146484 0.0498047
1 0.0112305 0.387207 0.0166016 0.0400391
1 0.725098 0.404297 0.0107422 0.0175781
1 0.738037 0.407227 0.00927734 0.0117188
2 0.499512 0.40625 0.0136719 0.0332031
2 0.537842 0.425781 0.0131836 0.03125
2 0.52124 0.430176 0.0249023 0.0458984
2 0.556152 0.4375 0.0185547 0.046875
2 0.562256 0.442871 0.0161133 0.0556641
2 0.384277 0.433594 0.0126953 0.0332031
2 0.348389 0.427246 0.0717773 0.125977
2 0.410889 0.456543 0.0581055 0.0966797
2 0.616699 0.43457 0.0136719 0.0371094
2 0.644043 0.450195 0.0439453 0.0664062
2 0.587158 0.453125 0.0541992 0.0859375
2 0.667236 0.45459 0.0327148 0.0810547
2 0.730713 0.467773 0.0639648 0.117188
2 0.77124 0.479492 0.0874023 0.136719
2 0.815186 0.493652 0.104004 0.155273
2 0.901611 0.508789 0.149902 0.197266
2 0.157227 0.476562 0.12207 0.185547
2 0.283691 0.493164 0.150391 0.21875
2 0.0556641 0.518555 0.105469 0.228516
8 0.455322 0.400879 0.0776367 0.145508
