1 0.622314 0.38623 0.00732422 0.0517578
1 0.6604 0.358398 0.00341797 0.00585938
1 0.662598 0.364746 0.00488281 0.0126953
1 0.668945 0.370117 0.0136719 0.0410156
1 0.657959 0.387695 0.0112305 0.078125
1 0.671875 0.38623 0.015625 0.0712891
1 0.69043 0.384277 0.0136719 0.0615234
1 0.716064 0.384277 0.00830078 0.0712891
1 0.710205 0.389648 0.00830078 0.0859375
1 0.724365 0.382324 0.0180664 0.0830078
1 0.78125 0.381348 0.0146484 0.0888672
1 0.834473 0.378906 0.0214844 0.132812
1 0.883301 0.432617 0.0292969 0.0214844
1 0.923828 0.391602 0.0302734 0.164062
1 0.756104 0.352051 0.0327148 0.0849609
1 0.755127 0.416504 0.0249023 0.18457
1 0.735352 0.432617 0.015625 0.140625
1 0.746826 0.438965 0.019043 0.141602
1 0.982178 0.419434 0.0307617 0.237305
1 0.247314 0.398438 0.0131836 0.0292969
1 0.158936 0.407715 0.0102539 0.0263672
1 0.704102 0.40332 0.0146484 0.154297
5 0.171631 0.408203 0.0219727 0.0507812
5 0.593018 0.405762 0.0209961 0.118164
5 0.567383 0.41748 0.03125 0.141602
2 0.542236 0.395996 0.027832 0.0498047
2 0.304688 0.397949 0.0234375 0.0185547
2 0.274414 0.410156 0.0390625 0.0371094
2 0.207275 0.410156 0.0102539 0.0449219
2 0.319092 0.419922 0.0493164 0.0625
2 0.507324 0.414551 0.0585938 0.0966797
2 0.413086 0.422852 0.0644531 0.0839844
2 0.108643 0.554688 0.211426 0.445312
4 0.590332 0.345703 0.0537109 0.164062
6 0.174316 0.429688 0.0263672 0.0195312
7 0.681152 0.39209 0.0107422 0.0283203
7 0.594482 0.441895 0.0102539 0.0712891
7 0.569336 0.456055 0.0292969 0.0917969
