1 0.181641 0.406738 0.00585938 0.0361328
1 0.187256 0.410156 0.00732422 0.0566406
1 0.194336 0.411133 0.0175781 0.0859375
1 0.200928 0.431641 0.00732422 0.0214844
1 0.222412 0.421387 0.00927734 0.0537109
1 0.209473 0.413086 0.0136719 0.0722656
1 0.414551 0.408203 0.00488281 0.0234375
1 0.412109 0.415039 0.00976562 0.0253906
1 0.437256 0.427734 0.0112305 0.0527344
1 0.165039 0.456055 0.0654297 0.158203
1 0.118408 0.428223 0.0161133 0.0361328
1 0.0983887 0.439453 0.0620117 0.123047
1 0.0334473 0.450195 0.0551758 0.181641
1 0.161133 0.521973 0.0742188 0.291992
1 0.448975 0.415039 0.00927734 0.0234375
1 0.470947 0.414551 0.0112305 0.0126953
1 0.874268 0.472656 0.0307617 0.269531
1 0.846924 0.475586 0.0444336 0.271484
1 0.889404 0.487793 0.0454102 0.266602
1 0.91626 0.48584 0.065918 0.276367
2 0.399658 0.434082 0.074707 0.0693359
2 0.307861 0.44043 0.0395508 0.0898438
2 0.338135 0.451172 0.0795898 0.113281
2 0.535889 0.425781 0.10498 0.166016
2 0.677979 0.471191 0.0522461 0.0908203
2 0.647217 0.47998 0.0708008 0.0966797
2 0.623047 0.474121 0.0683594 0.120117
7 0.275391 0.470703 0.0302734 0.0800781
7 0.718994 0.487305 0.0180664 0.0566406
7 0.6875 0.492676 0.0205078 0.0849609
