1 0.806152 0.437012 0.0390625 0.18457
2 0.43457 0.465332 0.0244141 0.0517578
2 0.489746 0.470215 0.00683594 0.0283203
2 0.494873 0.469238 0.0112305 0.0322266
2 0.50708 0.467773 0.0229492 0.0351562
2 0.476807 0.466797 0.0258789 0.0371094
2 0.367676 0.472656 0.0195312 0.0625
2 0.340576 0.472168 0.0444336 0.0849609
2 0.40332 0.477539 0.0605469 0.0917969
2 0.308594 0.480957 0.0654297 0.0947266
6 0.624023 0.449707 0.0195312 0.0654297
7 0.694092 0.458496 0.0249023 0.0732422
7 0.725098 0.455078 0.0244141 0.0800781
7 0.671631 0.456543 0.0200195 0.0654297
7 0.635498 0.455078 0.0141602 0.0507812
7 0.613037 0.454102 0.012207 0.0449219
7 0.637939 0.458984 0.0170898 0.0429688
7 0.650146 0.45752 0.0170898 0.0537109
7 0.742676 0.45752 0.0234375 0.0849609
7 0.790283 0.47168 0.0483398 0.0878906
7 0.802734 0.459961 0.0419922 0.0996094
7 0.837646 0.460938 0.0454102 0.121094
7 0.862305 0.464355 0.0498047 0.12793
