1 0.688232 0.446289 0.00537109 0.0253906
1 0.69873 0.447754 0.00488281 0.0244141
1 0.538574 0.442383 0.00683594 0.046875
1 0.0466309 0.442871 0.00634766 0.0107422
1 0.792725 0.525879 0.121582 0.450195
5 0.447021 0.46582 0.0766602 0.351562
2 0.604004 0.453613 0.00878906 0.00878906
2 0.679688 0.441895 0.0126953 0.0185547
2 0.664062 0.437988 0.00878906 0.00878906
2 0.669434 0.445312 0.0117188 0.0175781
2 0.660889 0.447266 0.00732422 0.0214844
2 0.61792 0.456055 0.0200195 0.0234375
2 0.715576 0.454102 0.0219727 0.0351562
2 0.764648 0.447266 0.0185547 0.0703125
2 0.825439 0.454102 0.0385742 0.0839844
2 0.853271 0.452637 0.0834961 0.110352
2 0.964844 0.468262 0.0654297 0.139648
3 0.642334 0.433105 0.0297852 0.0751953
