1 0.367188 0.429688 0.0107422 0.0566406
1 0.376465 0.432617 0.00878906 0.0488281
1 0.393066 0.434082 0.0078125 0.0361328
1 0.399658 0.43457 0.00732422 0.0390625
1 0.405029 0.430664 0.00732422 0.0488281
1 0.415283 0.422852 0.0170898 0.0917969
1 0.460205 0.438965 0.00634766 0.0322266
1 0.526611 0.435547 0.00634766 0.0371094
1 0.521484 0.436035 0.0078125 0.0400391
1 0.533691 0.433105 0.0107422 0.0576172
1 0.556396 0.43457 0.00439453 0.03125
1 0.551758 0.431152 0.0107422 0.0537109
1 0.543945 0.429688 0.0166016 0.0722656
1 0.562012 0.432617 0.0126953 0.0917969
1 0.585205 0.438965 0.00732422 0.0302734
1 0.576904 0.432617 0.0170898 0.09375
1 0.610596 0.434082 0.00830078 0.0673828
1 0.638428 0.437988 0.0112305 0.0634766
1 0.833252 0.412598 0.0366211 0.131836
1 0.913818 0.407715 0.0297852 0.0947266
1 0.955811 0.466797 0.0209961 0.0742188
1 0.935791 0.469727 0.0366211 0.09375
1 0.284424 0.384766 0.0102539 0.0234375
1 0.592041 0.430664 0.0161133 0.0917969
1 0.121582 0.456055 0.0410156 0.199219
1 0.719727 0.464355 0.0244141 0.192383
1 0.749756 0.459473 0.0405273 0.256836
5 0.384277 0.42334 0.0078125 0.0302734
5 0.512451 0.423828 0.019043 0.101562
5 0.62207 0.42627 0.0195312 0.106445
7 0.497803 0.434082 0.0131836 0.0244141
7 0.795898 0.493164 0.0390625 0.113281
7 0.900879 0.500488 0.0605469 0.166992
7 0.969482 0.460938 0.0512695 0.0917969
7 0.328613 0.433594 0.0126953 0.0429688
7 0.383545 0.442871 0.00830078 0.0283203
7 0.344482 0.435547 0.0102539 0.0351562
7 0.33667 0.434082 0.012207 0.0400391
7 0.209473 0.443848 0.0205078 0.0869141
7 0.224365 0.441895 0.0229492 0.0908203
7 0.512695 0.45166 0.00683594 0.0615234
7 0.622314 0.458984 0.00927734 0.0644531
7 0.663818 0.445312 0.0161133 0.0410156
7 0.703369 0.444824 0.012207 0.0556641
