1 0.490967 0.416992 0.00732422 0.0195312
1 0.496826 0.41748 0.00732422 0.0185547
1 0.504395 0.416504 0.00683594 0.0146484
1 0.513184 0.41748 0.00976562 0.0205078
1 0.524658 0.404785 0.00732422 0.0185547
1 0.530029 0.428223 0.00634766 0.0712891
1 0.543701 0.428711 0.00830078 0.0703125
1 0.554688 0.427246 0.00292969 0.0693359
1 0.548828 0.429688 0.0117188 0.0761719
1 0.5354 0.426758 0.0151367 0.0839844
1 0.469971 0.424805 0.0112305 0.0449219
1 0.585693 0.429688 0.0102539 0.0976562
1 0.629639 0.394531 0.012207 0.0390625
1 0.881592 0.459473 0.043457 0.27832
1 0.0458984 0.539551 0.078125 0.366211
2 0.426758 0.438477 0.0263672 0.0839844
2 0.411865 0.44043 0.0327148 0.111328
2 0.390869 0.450684 0.0571289 0.131836
2 0.36084 0.472168 0.108398 0.166992
2 0.29126 0.523438 0.156738 0.205078
7 0.477295 0.440918 0.0131836 0.0224609
7 0.51001 0.443359 0.012207 0.03125
7 0.626465 0.456055 0.0371094 0.0898438
7 0.685547 0.468262 0.0410156 0.112305
7 0.753906 0.478027 0.0419922 0.12793
7 0.785645 0.487305 0.0839844 0.158203
7 0.0175781 0.608887 0.0292969 0.166992
