2 0.418701 0.433594 0.0883789 0.0859375
2 0.438965 0.447754 0.0117188 0.0556641
2 0.402588 0.449707 0.0717773 0.0927734
2 0.309326 0.448242 0.133301 0.125
2 0.276123 0.481445 0.193848 0.162109
2 0.264648 0.487305 0.128906 0.152344
2 0.216309 0.50293 0.1875 0.212891
2 0.135742 0.51123 0.265625 0.260742
2 0.100098 0.57373 0.194336 0.358398
2 0.531494 0.428223 0.00830078 0.0244141
2 0.544189 0.423828 0.019043 0.0371094
2 0.542236 0.432617 0.00634766 0.015625
2 0.551514 0.425293 0.0131836 0.0341797
2 0.572266 0.420898 0.0419922 0.0527344
2 0.570557 0.428711 0.0229492 0.0351562
2 0.620117 0.411621 0.113281 0.0537109
2 0.593994 0.441406 0.0717773 0.0664062
2 0.622314 0.442383 0.0639648 0.0722656
2 0.615723 0.461914 0.015625 0.0449219
2 0.652588 0.438477 0.0639648 0.0664062
2 0.710693 0.443848 0.144043 0.12793
2 0.717041 0.430176 0.0922852 0.0732422
2 0.734619 0.456543 0.163574 0.161133
2 0.827881 0.478516 0.128418 0.226562
2 0.834717 0.547363 0.101074 0.176758
2 0.930664 0.474609 0.133789 0.310547
2 0.94043 0.551758 0.114258 0.257812
