1 0.519775 0.339355 0.00927734 0.0302734
2 0.507324 0.358887 0.0195312 0.0302734
2 0.490723 0.367188 0.0244141 0.0449219
2 0.408447 0.358887 0.0288086 0.0341797
2 0.39209 0.381836 0.0390625 0.0546875
2 0.432129 0.393066 0.046875 0.0751953
2 0.5354 0.370117 0.0268555 0.0449219
2 0.5896 0.418457 0.0444336 0.0966797
2 0.606689 0.425781 0.0629883 0.0996094
2 0.625 0.447754 0.0751953 0.12793
2 0.382812 0.39209 0.0332031 0.0595703
2 0.378662 0.400391 0.0161133 0.0605469
2 0.359863 0.405762 0.0390625 0.0732422
2 0.348389 0.414551 0.0444336 0.0751953
2 0.335449 0.425293 0.0527344 0.0869141
2 0.314941 0.438965 0.0429688 0.0966797
2 0.268311 0.451172 0.0864258 0.126953
2 0.660645 0.473145 0.111328 0.15332
2 0.790527 0.529785 0.201172 0.307617
2 0.910889 0.643555 0.17334 0.623047
