1 0.713379 0.321777 0.0498047 0.192383
5 0.928467 0.285645 0.138184 0.290039
2 0.72876 0.300781 0.00927734 0.0839844
2 0.696289 0.321289 0.0185547 0.109375
2 0.662842 0.329102 0.0610352 0.134766
2 0.580322 0.322266 0.0405273 0.0703125
2 0.546875 0.332031 0.0332031 0.0761719
2 0.510742 0.330566 0.0615234 0.0947266
2 0.461182 0.339844 0.0541992 0.107422
2 0.397949 0.323242 0.0908203 0.164062
2 0.313232 0.338867 0.147949 0.171875
2 0.675293 0.34668 0.0234375 0.109375
2 0.629395 0.351074 0.101562 0.137695
6 0.892578 0.516113 0.209961 0.368164
7 0.223877 0.351074 0.0366211 0.102539
