1 0.633545 0.423828 0.0131836 0.0605469
5 0.616943 0.424316 0.0141602 0.0732422
5 0.277344 0.460449 0.00488281 0.0283203
2 0.519531 0.4375 0.0107422 0.015625
2 0.508789 0.439453 0.0136719 0.0214844
2 0.493652 0.439453 0.0136719 0.0195312
2 0.474854 0.4375 0.00927734 0.015625
2 0.423828 0.444824 0.00292969 0.0146484
2 0.322998 0.45752 0.0229492 0.0263672
2 0.387695 0.448242 0.0126953 0.0195312
2 0.141113 0.516113 0.276367 0.438477
2 0.533203 0.441895 0.0126953 0.0419922
2 0.546143 0.444824 0.0102539 0.0498047
2 0.540039 0.442871 0.0126953 0.0419922
2 0.553223 0.446289 0.0136719 0.0644531
2 0.575439 0.444336 0.0454102 0.0742188
2 0.937988 0.52832 0.119141 0.453125
6 0.2771 0.467773 0.00830078 0.0175781
7 0.615967 0.449219 0.00927734 0.0371094
7 0.887939 0.444336 0.0522461 0.0703125
