1 0.0703125 0.34375 0.0185547 0.103516
1 0.929443 0.476074 0.0620117 0.350586
1 0.973877 0.428223 0.0473633 0.30957
5 0.112793 0.36084 0.0185547 0.0771484
5 0.0366211 0.348145 0.0244141 0.0908203
5 0.408447 0.35791 0.0473633 0.149414
5 0.638672 0.398926 0.0380859 0.137695
5 0.752686 0.385254 0.0444336 0.149414
5 0.868652 0.376953 0.0458984 0.134766
7 0.0866699 0.329102 0.027832 0.0761719
7 0.114746 0.383789 0.0146484 0.0410156
7 0.036377 0.364746 0.0317383 0.0576172
7 0.406738 0.409668 0.103516 0.141602
7 0.639404 0.433594 0.0698242 0.09375
7 0.751953 0.4375 0.0703125 0.0976562
7 0.86499 0.435547 0.0629883 0.103516
7 0.993164 0.460449 0.00878906 0.0576172
