1 0.440918 0.375488 0.00390625 0.00683594
1 0.449463 0.389648 0.0102539 0.0371094
1 0.327637 0.412109 0.0107422 0.0371094
1 0.393066 0.414551 0.00878906 0.0478516
1 0.385254 0.400879 0.0078125 0.0419922
1 0.13208 0.356934 0.00439453 0.0615234
1 0.0717773 0.380371 0.0195312 0.0927734
1 0.252197 0.378418 0.00927734 0.0126953
1 0.151855 0.416992 0.0234375 0.0898438
1 0.55542 0.384277 0.00830078 0.0283203
1 0.683594 0.397461 0.0078125 0.0566406
1 0.773193 0.414551 0.0239258 0.0927734
1 0.868164 0.412109 0.0244141 0.128906
1 0.845215 0.41748 0.0283203 0.120117
1 0.915283 0.437988 0.0424805 0.100586
5 0.352051 0.422363 0.0332031 0.100586
5 0.291992 0.432617 0.03125 0.130859
5 0.655029 0.418945 0.019043 0.09375
2 0.419434 0.43457 0.0556641 0.078125
2 0.210938 0.474121 0.15918 0.178711
2 0.0505371 0.508789 0.0952148 0.236328
6 0.351807 0.461914 0.0297852 0.09375
6 0.293701 0.468262 0.0258789 0.0947266
7 0.102051 0.462402 0.0449219 0.0908203
7 0.655273 0.447266 0.00683594 0.0488281
7 0.761719 0.460449 0.0458984 0.104492
7 0.727783 0.469238 0.0336914 0.110352
