1 0.62793 0.364258 0.00585938 0.00976562
1 0.474365 0.378418 0.00439453 0.0107422
1 0.25708 0.411621 0.0112305 0.0224609
1 0.325684 0.402832 0.0136719 0.0673828
1 0.276123 0.391602 0.0209961 0.0585938
1 0.206543 0.41748 0.0214844 0.116211
1 0.222412 0.425781 0.0200195 0.101562
1 0.240479 0.400879 0.0200195 0.0634766
1 0.518311 0.382812 0.00537109 0.0351562
2 0.744385 0.401367 0.144043 0.21875
2 0.442871 0.414062 0.0478516 0.0722656
2 0.551025 0.402344 0.0405273 0.0507812
2 0.614746 0.40918 0.0322266 0.0800781
2 0.640137 0.412109 0.0458984 0.0957031
2 0.663574 0.419922 0.0380859 0.126953
2 0.874023 0.459961 0.205078 0.296875
2 0.957764 0.476562 0.0795898 0.376953
7 0.26123 0.449707 0.0498047 0.0751953
