1 0.553467 0.397461 0.00439453 0.0117188
1 0.529785 0.400879 0.00488281 0.0126953
1 0.543457 0.398438 0.00488281 0.0136719
1 0.540771 0.400879 0.00341797 0.0146484
1 0.384521 0.44043 0.0395508 0.1875
1 0.223389 0.384277 0.0161133 0.0244141
1 0.198486 0.382812 0.00927734 0.0214844
1 0.190918 0.388184 0.0107422 0.0126953
5 0.460693 0.428711 0.0249023 0.117188
2 0.466309 0.42627 0.0371094 0.0673828
2 0.445068 0.431641 0.0180664 0.0742188
2 0.401367 0.422852 0.0771484 0.117188
2 0.337402 0.460938 0.0380859 0.158203
2 0.286377 0.458008 0.11084 0.226562
2 0.22168 0.525879 0.115234 0.264648
2 0.106689 0.590332 0.20752 0.458008
2 0.865479 0.450684 0.26416 0.418945
7 0.460449 0.459473 0.0185547 0.0849609
