5 0.613281 0.358398 0.0078125 0.0332031
5 0.693115 0.376953 0.0151367 0.0605469
2 0.56665 0.344727 0.00634766 0.00976562
2 0.540527 0.349121 0.00878906 0.00878906
2 0.548584 0.352051 0.00732422 0.0107422
2 0.553467 0.362305 0.0141602 0.0234375
2 0.55835 0.369629 0.0170898 0.0283203
2 0.565918 0.376953 0.0195312 0.0351562
2 0.578369 0.387695 0.0249023 0.0488281
2 0.598877 0.400391 0.0424805 0.0664062
2 0.37085 0.366211 0.0209961 0.015625
2 0.42041 0.38916 0.015625 0.0322266
2 0.404297 0.381348 0.0234375 0.0244141
2 0.391846 0.399902 0.0512695 0.0654297
2 0.375 0.411621 0.0283203 0.0751953
2 0.5271 0.375488 0.0268555 0.0517578
3 0.518799 0.34082 0.00537109 0.0273438
3 0.505859 0.34668 0.00878906 0.0390625
7 0.691406 0.39502 0.0078125 0.0419922
