1 0.465576 0.358887 0.00537109 0.0107422
1 0.541992 0.366699 0.00292969 0.0205078
1 0.438965 0.373047 0.00488281 0.0234375
2 0.490479 0.362305 0.0112305 0.0175781
2 0.484619 0.365234 0.00927734 0.015625
2 0.477539 0.367188 0.00976562 0.0195312
2 0.4729 0.369141 0.00927734 0.0195312
2 0.470459 0.371094 0.0102539 0.0175781
2 0.463623 0.372559 0.0141602 0.0166016
2 0.460693 0.375 0.0112305 0.0136719
2 0.419678 0.400391 0.00927734 0.0429688
2 0.408936 0.401855 0.0209961 0.0517578
2 0.385742 0.404297 0.0322266 0.0703125
2 0.37085 0.414551 0.0327148 0.0595703
2 0.544678 0.373047 0.0141602 0.0214844
2 0.454346 0.378418 0.0131836 0.0166016
2 0.572266 0.398438 0.0253906 0.0507812
2 0.574463 0.40332 0.019043 0.0488281
2 0.57666 0.408203 0.0126953 0.0488281
2 0.344727 0.421875 0.0361328 0.0683594
2 0.468262 0.400879 0.0214844 0.0380859
2 0.588867 0.404785 0.0234375 0.0751953
2 0.448242 0.379395 0.0146484 0.0107422
2 0.634521 0.399902 0.0776367 0.163086
2 0.660156 0.4375 0.0673828 0.117188
2 0.699219 0.458008 0.0927734 0.152344
2 0.550293 0.379883 0.0166016 0.0273438
2 0.553711 0.380371 0.015625 0.0205078
2 0.315186 0.429688 0.059082 0.0800781
2 0.807373 0.47998 0.171387 0.237305
2 0.0546875 0.476562 0.103516 0.222656
2 0.445801 0.415039 0.0390625 0.0605469
7 0.126221 0.479004 0.059082 0.0986328
7 0.273193 0.435547 0.050293 0.0683594
