5 0.403564 0.424805 0.0180664 0.0800781
5 0.838379 0.415039 0.0498047 0.25
2 0.559082 0.411621 0.00976562 0.0322266
2 0.608398 0.411133 0.0126953 0.0644531
2 0.909668 0.387207 0.121094 0.0771484
2 0.519531 0.418945 0.00878906 0.0410156
2 0.525635 0.420898 0.0112305 0.046875
2 0.539551 0.418457 0.03125 0.0458984
2 0.486084 0.413574 0.0405273 0.0439453
2 0.425537 0.417969 0.0131836 0.0332031
2 0.410645 0.425781 0.0351562 0.0527344
2 0.106201 0.469238 0.0161133 0.0595703
2 0.361084 0.495117 0.0961914 0.201172
2 0.215332 0.563965 0.269531 0.352539
7 0.402832 0.452637 0.0146484 0.0634766
7 0.832764 0.459961 0.0581055 0.164062
