1 0.390137 0.383789 0.00488281 0.0136719
1 0.397461 0.390625 0.00683594 0.03125
1 0.402344 0.39209 0.00585938 0.0380859
1 0.40918 0.405273 0.0146484 0.0605469
1 0.321777 0.411621 0.0205078 0.0673828
1 0.239502 0.421387 0.0161133 0.0927734
1 0.258789 0.416016 0.0166016 0.0976562
1 0.148193 0.432617 0.0258789 0.142578
1 0.119873 0.432617 0.034668 0.160156
1 0.19751 0.492188 0.0717773 0.349609
1 0.360596 0.487793 0.0932617 0.379883
1 0.480713 0.383789 0.00537109 0.0175781
1 0.484131 0.38623 0.00537109 0.0322266
1 0.493652 0.400391 0.00878906 0.0644531
1 0.509766 0.398438 0.0078125 0.0683594
1 0.513916 0.404297 0.00927734 0.078125
1 0.532227 0.402344 0.0136719 0.0839844
1 0.520752 0.407227 0.0141602 0.0878906
1 0.616211 0.405762 0.0224609 0.12207
1 0.726807 0.409668 0.0483398 0.202148
1 0.977783 0.405273 0.0395508 0.345703
1 0.602051 0.437988 0.0224609 0.243164
1 0.582275 0.469727 0.103027 0.472656
5 0.448975 0.391602 0.00830078 0.0429688
5 0.453613 0.40918 0.0107422 0.0644531
7 0.447998 0.41748 0.0239258 0.0380859
7 0.452637 0.432129 0.00488281 0.0341797
