5 0.387695 0.508789 0.112305 0.441406
2 0.324463 0.429199 0.0161133 0.0283203
2 0.331055 0.438965 0.0078125 0.0400391
2 0.297119 0.427734 0.0170898 0.0234375
2 0.283203 0.428711 0.0166016 0.0253906
2 0.256348 0.443359 0.0214844 0.0488281
2 0.242188 0.447754 0.0322266 0.0576172
2 0.237793 0.45459 0.0341797 0.0654297
2 0.242676 0.461914 0.0185547 0.0683594
2 0.23291 0.46582 0.0166016 0.078125
2 0.218506 0.468262 0.0327148 0.0869141
2 0.191162 0.475586 0.0473633 0.119141
2 0.156494 0.486816 0.0551758 0.163086
2 0.0722656 0.488281 0.138672 0.236328
2 0.425537 0.410156 0.0288086 0.0175781
2 0.417725 0.450684 0.0366211 0.0732422
2 0.51123 0.529785 0.196289 0.293945
2 0.341797 0.504395 0.00683594 0.0322266
7 0.404053 0.620117 0.180176 0.306641
