1 0.63501 0.433105 0.0141602 0.0615234
5 0.567627 0.434082 0.00537109 0.0283203
5 0.34668 0.459473 0.0078125 0.0224609
2 0.362793 0.458496 0.0117188 0.0166016
2 0.355225 0.459473 0.00732422 0.0185547
2 0.394043 0.449707 0.00878906 0.0224609
2 0.435059 0.455566 0.0117188 0.0205078
2 0.49585 0.447266 0.0102539 0.0253906
2 0.518066 0.447266 0.0195312 0.0410156
2 0.54248 0.452637 0.0410156 0.0693359
2 0.481689 0.450195 0.0258789 0.0390625
2 0.30127 0.457031 0.0351562 0.109375
2 0.288574 0.460938 0.0253906 0.138672
2 0.25293 0.479004 0.0820312 0.196289
2 0.110596 0.499512 0.215332 0.450195
6 0.347168 0.46875 0.00390625 0.015625
7 0.567871 0.444824 0.00292969 0.0205078
