1 0.588135 0.411621 0.00537109 0.0166016
1 0.75293 0.378418 0.0117188 0.0458984
2 0.446777 0.431641 0.00878906 0.0117188
2 0.350586 0.434082 0.0136719 0.0244141
2 0.318848 0.4375 0.0273438 0.0351562
2 0.116455 0.457031 0.0678711 0.09375
2 0.195312 0.47998 0.171875 0.15332
2 0.464844 0.436035 0.0205078 0.0380859
2 0.556396 0.424316 0.0131836 0.0126953
2 0.555908 0.431641 0.0141602 0.0253906
2 0.571045 0.428711 0.0297852 0.0371094
2 0.417969 0.436523 0.0244141 0.0371094
2 0.990479 0.473633 0.0141602 0.0859375
7 0.628906 0.450684 0.0263672 0.0732422
7 0.596436 0.437012 0.0112305 0.0380859
