1 0.485107 0.333496 0.00634766 0.0205078
5 0.373291 0.384766 0.0170898 0.0195312
5 0.152344 0.437012 0.0351562 0.118164
2 0.593994 0.305664 0.0131836 0.0195312
2 0.509521 0.334961 0.0161133 0.0273438
2 0.383057 0.34082 0.0151367 0.0273438
2 0.375244 0.34668 0.0219727 0.03125
2 0.400635 0.348633 0.0180664 0.0273438
2 0.454834 0.354492 0.0219727 0.0351562
2 0.414307 0.364258 0.0170898 0.0136719
2 0.406006 0.374023 0.0180664 0.0253906
2 0.396973 0.388672 0.0234375 0.0449219
2 0.372314 0.382812 0.0327148 0.0351562
2 0.353271 0.400879 0.0249023 0.0458984
2 0.434814 0.363281 0.0249023 0.0371094
2 0.425537 0.396973 0.0327148 0.0517578
2 0.487549 0.359375 0.0219727 0.0332031
6 0.374268 0.424805 0.027832 0.0644531
6 0.152588 0.455078 0.0737305 0.0859375
