1 0.953857 0.447266 0.0102539 0.0605469
1 0.993896 0.435547 0.00732422 0.0449219
1 0.925293 0.462402 0.0175781 0.0791016
5 0.209473 0.435059 0.00976562 0.0419922
2 0.553467 0.431152 0.00927734 0.0185547
2 0.992676 0.474609 0.00976562 0.0546875
2 0.0322266 0.424805 0.0585938 0.0605469
2 0.0976562 0.438477 0.0517578 0.046875
2 0.503906 0.444824 0.0322266 0.0498047
2 0.462402 0.435547 0.0205078 0.0292969
2 0.442383 0.432617 0.0214844 0.0449219
2 0.429688 0.437012 0.0205078 0.0458984
2 0.411377 0.440918 0.0307617 0.0517578
2 0.39624 0.447754 0.0170898 0.0595703
2 0.370361 0.45459 0.059082 0.0849609
3 0.502686 0.410645 0.043457 0.0712891
6 0.206055 0.446289 0.0146484 0.0332031
