1 0.581299 0.428711 0.00634766 0.0429688
1 0.57666 0.427734 0.0078125 0.0449219
1 0.690918 0.435547 0.0253906 0.107422
2 0.626709 0.429688 0.0561523 0.046875
2 0.500732 0.429688 0.00927734 0.0195312
2 0.498291 0.432617 0.00439453 0.0195312
2 0.491455 0.427246 0.0102539 0.0400391
2 0.464844 0.431152 0.03125 0.0556641
2 0.456787 0.44043 0.0249023 0.0507812
2 0.451172 0.451172 0.0136719 0.0546875
2 0.42041 0.432129 0.0507812 0.100586
2 0.40625 0.460938 0.03125 0.0761719
2 0.38623 0.461426 0.0341797 0.102539
2 0.25293 0.412109 0.0820312 0.0351562
2 0.33374 0.459961 0.0844727 0.148438
2 0.266846 0.492676 0.097168 0.157227
2 0.0644531 0.470215 0.0751953 0.0947266
2 0.147461 0.526367 0.191406 0.224609
2 0.0317383 0.552246 0.0576172 0.290039
2 0.536865 0.446777 0.0424805 0.0712891
3 0.500244 0.417969 0.0151367 0.0351562
3 0.472412 0.412598 0.0307617 0.0810547
7 0.767578 0.456055 0.0361328 0.117188
