1 0.437012 0.42334 0.0078125 0.0556641
1 0.44043 0.428711 0.0107422 0.0507812
1 0.429443 0.421875 0.0131836 0.0585938
1 0.487061 0.425781 0.00732422 0.0429688
5 0.710205 0.481934 0.0444336 0.206055
2 0.621094 0.433594 0.015625 0.0253906
2 0.629395 0.440918 0.0107422 0.0322266
2 0.539307 0.429199 0.0131836 0.0244141
2 0.532227 0.427246 0.015625 0.0205078
2 0.548828 0.44043 0.0263672 0.0410156
2 0.519287 0.425781 0.00634766 0.0117188
2 0.384033 0.449219 0.0571289 0.113281
2 0.337646 0.446777 0.074707 0.149414
2 0.257568 0.444824 0.146973 0.211914
2 0.120117 0.467773 0.234375 0.3125
2 0.508545 0.424316 0.00732422 0.0205078
2 0.497559 0.424316 0.0175781 0.0283203
7 0.710938 0.535645 0.0302734 0.143555
