1 0.13916 0.381348 0.00683594 0.0498047
1 0.151855 0.372559 0.0224609 0.0634766
1 0.115479 0.427246 0.0180664 0.129883
1 0.0693359 0.425781 0.0185547 0.107422
1 0.0805664 0.419922 0.0175781 0.132812
1 0.043457 0.421875 0.0117188 0.119141
1 0.0585938 0.412109 0.0244141 0.154297
1 0.259766 0.385742 0.0166016 0.0585938
1 0.246338 0.397949 0.0141602 0.0732422
1 0.235107 0.391113 0.012207 0.0947266
1 0.208984 0.393066 0.0195312 0.0849609
1 0.192871 0.384277 0.0224609 0.0595703
1 0.226318 0.386719 0.0209961 0.109375
1 0.335205 0.398926 0.00439453 0.0361328
1 0.345459 0.39209 0.0209961 0.0517578
1 0.453125 0.393555 0.0078125 0.0644531
1 0.446777 0.404785 0.00878906 0.0419922
1 0.438965 0.393555 0.00878906 0.0488281
1 0.433838 0.386719 0.0131836 0.0273438
1 0.496582 0.400391 0.0166016 0.0761719
1 0.498291 0.413086 0.0200195 0.119141
1 0.545898 0.41748 0.0107422 0.0966797
1 0.531006 0.400391 0.00341797 0.0625
1 0.539551 0.411621 0.0175781 0.114258
1 0.519043 0.414062 0.0244141 0.0878906
1 0.604004 0.416016 0.0214844 0.109375
1 0.708496 0.358398 0.00390625 0.0078125
1 0.696045 0.356934 0.0112305 0.0185547
1 0.663818 0.379883 0.0161133 0.0527344
1 0.786865 0.363281 0.012207 0.046875
1 0.795898 0.37793 0.0126953 0.0390625
1 0.837158 0.392578 0.0200195 0.0996094
1 0.829346 0.398438 0.0200195 0.0957031
1 0.866943 0.473633 0.0180664 0.179688
1 0.881348 0.384277 0.0185547 0.161133
1 0.894531 0.370117 0.0371094 0.175781
5 0.482666 0.396973 0.0131836 0.0595703
5 0.55957 0.396973 0.00976562 0.0556641
5 0.816162 0.493164 0.0522461 0.103516
2 0.606201 0.400879 0.0786133 0.0732422
2 0.735352 0.439941 0.191406 0.161133
2 0.939697 0.387207 0.0307617 0.0439453
2 0.935791 0.477539 0.123535 0.333984
7 0.126221 0.447754 0.0727539 0.108398
7 0.332031 0.447754 0.166992 0.120117
7 0.210449 0.496094 0.167969 0.214844
7 0.560547 0.42627 0.0107422 0.0400391
7 0.595703 0.442383 0.0458984 0.0527344
7 0.636475 0.437012 0.0288086 0.0830078
