1 0.494141 0.479004 0.00390625 0.0205078
1 0.324707 0.47168 0.0107422 0.0507812
1 0.653076 0.459961 0.00537109 0.0410156
1 0.76709 0.444336 0.00976562 0.0742188
1 0.755615 0.44043 0.0200195 0.0566406
1 0.776123 0.435059 0.0131836 0.0576172
1 0.784668 0.427246 0.00976562 0.0361328
1 0.810547 0.380859 0.0146484 0.0351562
5 0.634521 0.458984 0.00830078 0.0390625
5 0.644531 0.458008 0.00976562 0.0429688
5 0.65918 0.450684 0.0107422 0.0634766
5 0.671875 0.451172 0.0175781 0.0742188
5 0.710693 0.446777 0.0161133 0.0810547
2 0.478027 0.482422 0.00976562 0.0175781
2 0.468994 0.478027 0.0131836 0.0283203
2 0.421143 0.464355 0.0307617 0.0634766
2 0.449219 0.474609 0.03125 0.0371094
2 0.401855 0.476074 0.0166016 0.0419922
2 0.365479 0.479492 0.012207 0.0449219
2 0.382812 0.479004 0.0371094 0.0517578
2 0.164307 0.506348 0.132324 0.135742
2 0.868164 0.575195 0.258789 0.457031
2 0.608398 0.473633 0.0136719 0.0234375
2 0.591553 0.470215 0.0209961 0.0341797
2 0.559082 0.469238 0.0214844 0.0361328
7 0.634521 0.477051 0.00439453 0.0166016
7 0.644531 0.473145 0.00390625 0.0244141
7 0.659668 0.469727 0.00488281 0.0351562
7 0.671143 0.466309 0.0131836 0.0537109
7 0.712158 0.474609 0.00537109 0.0410156
