1 0.0673828 0.382324 0.0078125 0.0146484
1 0.730225 0.400391 0.0180664 0.0527344
1 0.751465 0.405273 0.0166016 0.0488281
1 0.763184 0.42041 0.00976562 0.0244141
1 0.87085 0.401855 0.00830078 0.0751953
1 0.858887 0.403809 0.0126953 0.0810547
5 0.620117 0.412109 0.0146484 0.0703125
5 0.597168 0.4375 0.0488281 0.179688
2 0.139404 0.419434 0.0473633 0.0224609
2 0.0773926 0.405762 0.0395508 0.0400391
2 0.0217285 0.376953 0.0375977 0.015625
2 0.00976562 0.392578 0.0136719 0.0351562
2 0.0732422 0.416504 0.0302734 0.0537109
2 0.0327148 0.419922 0.0556641 0.0722656
2 0.00439453 0.427246 0.00292969 0.0751953
2 0.810791 0.401367 0.0541992 0.0625
2 0.53418 0.446289 0.0927734 0.142578
2 0.4104 0.45459 0.137207 0.166992
4 0.302246 0.383789 0.12793 0.0957031
4 0.396484 0.348145 0.0712891 0.0947266
8 0.729248 0.402344 0.0415039 0.046875
8 0.572754 0.38623 0.274414 0.0849609
6 0.596191 0.484863 0.0283203 0.0849609
7 0.825195 0.432617 0.0429688 0.0585938
7 0.620605 0.434082 0.00390625 0.0283203
7 0.61377 0.425293 0.00292969 0.0302734
