1 0.498291 0.446289 0.00732422 0.0332031
5 0.781982 0.431641 0.0483398 0.214844
2 0.674561 0.445312 0.0131836 0.0234375
2 0.660156 0.44043 0.0078125 0.0214844
2 0.654053 0.446289 0.019043 0.0292969
2 0.464844 0.423828 0.0078125 0.0214844
2 0.471191 0.447754 0.0322266 0.0419922
2 0.228516 0.458008 0.0712891 0.0722656
2 0.137695 0.456543 0.0429688 0.0556641
2 0.0856934 0.461914 0.0600586 0.0429688
2 0.0908203 0.463867 0.0419922 0.0488281
2 0.0427246 0.46582 0.0483398 0.0585938
2 0.00830078 0.477051 0.0107422 0.0693359
2 0.538574 0.462891 0.0761719 0.125
7 0.780518 0.480957 0.0385742 0.131836
