1 0.034668 0.447266 0.00683594 0.0078125
1 0.0600586 0.443359 0.0146484 0.03125
1 0.349854 0.436035 0.00927734 0.0537109
5 0.364014 0.442871 0.0229492 0.100586
5 0.326904 0.437988 0.00634766 0.0400391
5 0.568604 0.422852 0.019043 0.0898438
5 0.0786133 0.473633 0.0185547 0.0878906
2 0.00610352 0.491211 0.00634766 0.0859375
2 0.939209 0.382324 0.0239258 0.0712891
2 0.945068 0.401855 0.019043 0.0419922
2 0.641113 0.405273 0.015625 0.0175781
2 0.658691 0.418945 0.0810547 0.0722656
2 0.712158 0.411133 0.102051 0.0820312
2 0.760742 0.413086 0.0810547 0.0996094
2 0.765137 0.42334 0.0732422 0.108398
2 0.841797 0.406738 0.18457 0.15918
2 0.409668 0.431152 0.0410156 0.0849609
2 0.495361 0.451172 0.0288086 0.0800781
2 0.456543 0.465332 0.0908203 0.133789
2 0.377686 0.455078 0.0551758 0.101562
4 0.539551 0.40918 0.192383 0.111328
6 0.364746 0.484863 0.0146484 0.0634766
7 0.200928 0.462402 0.0209961 0.0224609
7 0.272949 0.455566 0.0214844 0.0322266
7 0.221436 0.461914 0.0249023 0.0292969
7 0.179688 0.464844 0.0214844 0.0292969
7 0.161377 0.482422 0.0288086 0.0390625
7 0.138916 0.48291 0.0249023 0.0361328
7 0.326172 0.453613 0.0126953 0.0380859
7 0.570068 0.458008 0.0102539 0.0546875
7 0.0786133 0.496094 0.0224609 0.0605469
7 0.897461 0.450684 0.0175781 0.0810547
7 0.097168 0.489258 0.0283203 0.0507812
