1 0.709961 0.391113 0.0078125 0.0224609
1 0.628662 0.411621 0.0102539 0.0458984
1 0.524414 0.397949 0.00585938 0.00878906
1 0.492188 0.40332 0.0107422 0.0449219
1 0.440918 0.435059 0.0107422 0.0947266
1 0.361816 0.417969 0.0126953 0.0644531
1 0.417969 0.436523 0.0263672 0.101562
2 0.531494 0.430664 0.0375977 0.0566406
2 0.571533 0.42627 0.019043 0.0576172
2 0.598145 0.427246 0.0429688 0.0771484
2 0.748779 0.445312 0.187988 0.154297
4 0.0600586 0.373535 0.114258 0.241211
7 0.411865 0.457031 0.0336914 0.0605469
