1 0.470459 0.401367 0.012207 0.0585938
1 0.511719 0.398926 0.00976562 0.0576172
1 0.5354 0.394531 0.0141602 0.0585938
2 0.482422 0.377441 0.0400391 0.0693359
2 0.391357 0.427246 0.0581055 0.0888672
2 0.323242 0.448242 0.0976562 0.134766
2 0.225098 0.487793 0.117188 0.208008
2 0.0913086 0.515625 0.176758 0.380859
2 0.581055 0.390137 0.0517578 0.0458984
2 0.61499 0.410156 0.0317383 0.0859375
2 0.6604 0.390625 0.074707 0.130859
2 0.660645 0.428711 0.0732422 0.167969
2 0.808105 0.354004 0.268555 0.491211
