1 0.741211 0.426758 0.00976562 0.0410156
1 0.876465 0.383301 0.00976562 0.0185547
1 0.888916 0.385254 0.00830078 0.0185547
1 0.447266 0.443359 0.0175781 0.0839844
1 0.466309 0.443359 0.0175781 0.0820312
1 0.42749 0.450684 0.0209961 0.106445
1 0.40918 0.447266 0.0205078 0.113281
1 0.394775 0.449219 0.0209961 0.115234
5 0.542725 0.438965 0.0131836 0.0615234
2 0.648682 0.431152 0.00830078 0.0146484
2 0.657715 0.427734 0.0117188 0.0195312
2 0.600342 0.432129 0.0200195 0.0205078
2 0.584717 0.439453 0.0180664 0.0273438
2 0.558594 0.44043 0.0195312 0.0292969
2 0.630127 0.428223 0.0200195 0.0205078
2 0.635498 0.4375 0.0249023 0.0273438
2 0.663086 0.434082 0.0117188 0.0263672
2 0.666992 0.4375 0.00683594 0.0273438
2 0.673828 0.433594 0.00878906 0.0390625
2 0.695312 0.435059 0.0478516 0.0830078
2 0.614746 0.435059 0.0146484 0.0244141
2 0.827393 0.410645 0.0795898 0.15332
2 0.86084 0.44873 0.0566406 0.116211
2 0.879639 0.45166 0.0385742 0.120117
2 0.935059 0.451172 0.115234 0.146484
7 0.230469 0.500977 0.0449219 0.152344
7 0.54248 0.459961 0.0166016 0.0429688
