1 0.3125 0.475586 0.0332031 0.146484
1 0.249512 0.463867 0.0263672 0.154297
1 0.159668 0.479492 0.0449219 0.214844
2 0.364014 0.427734 0.0336914 0.0351562
2 0.352295 0.443848 0.0249023 0.0263672
2 0.390625 0.436523 0.0458984 0.03125
2 0.470703 0.446289 0.0634766 0.0507812
2 0.511963 0.450684 0.0200195 0.0341797
2 0.536133 0.45459 0.0371094 0.0771484
2 0.533936 0.470703 0.0327148 0.09375
2 0.556396 0.479492 0.0473633 0.125
2 0.604736 0.489746 0.10498 0.149414
2 0.737793 0.54248 0.21875 0.291992
2 0.905273 0.679199 0.18457 0.584961
