1 0.5896 0.443848 0.0131836 0.0830078
1 0.598145 0.442871 0.0117188 0.0908203
1 0.562988 0.438477 0.00585938 0.0839844
1 0.569336 0.436035 0.015625 0.0966797
1 0.554199 0.438477 0.0136719 0.0839844
1 0.529785 0.436523 0.0146484 0.0839844
1 0.341309 0.433105 0.00585938 0.0400391
1 0.335693 0.436035 0.00927734 0.0322266
1 0.456787 0.437988 0.00927734 0.0634766
5 0.124756 0.441895 0.0493164 0.202148
2 0.253662 0.414062 0.00927734 0.0136719
2 0.207275 0.420898 0.0239258 0.0527344
2 0.20752 0.436035 0.0117188 0.0341797
2 0.262207 0.40918 0.00878906 0.0136719
2 0.239258 0.421875 0.0107422 0.015625
2 0.23291 0.42627 0.00683594 0.0146484
2 0.221924 0.4375 0.0258789 0.0371094
2 0.0344238 0.444824 0.0629883 0.225586
2 0.268799 0.431641 0.0219727 0.0332031
2 0.27417 0.435059 0.0141602 0.0283203
2 0.277344 0.436523 0.0136719 0.0253906
2 0.283203 0.4375 0.0126953 0.0273438
2 0.291992 0.439453 0.0146484 0.0273438
2 0.305908 0.437988 0.0200195 0.0341797
2 0.317383 0.439941 0.0244141 0.0322266
7 0.809082 0.502441 0.0488281 0.133789
7 0.121582 0.489746 0.0292969 0.141602
