1 0.955078 0.354492 0.00878906 0.0136719
1 0.967285 0.351562 0.0146484 0.0195312
1 0.768311 0.355957 0.00830078 0.0322266
1 0.904297 0.377441 0.00976562 0.0712891
1 0.891602 0.379883 0.0185547 0.0742188
1 0.936523 0.353027 0.0117188 0.0146484
1 0.866211 0.37207 0.0146484 0.0683594
1 0.670654 0.375977 0.00634766 0.0664062
1 0.67627 0.375977 0.0107422 0.0644531
1 0.850098 0.37207 0.00976562 0.0703125
1 0.706299 0.379395 0.0131836 0.0693359
1 0.799072 0.475586 0.0600586 0.408203
1 0.471924 0.345215 0.00439453 0.0263672
1 0.479492 0.346191 0.00488281 0.0263672
1 0.414795 0.352539 0.00634766 0.0351562
1 0.419434 0.352539 0.0078125 0.0351562
5 0.749512 0.375977 0.0126953 0.0664062
5 0.72583 0.364746 0.0180664 0.0595703
5 0.430908 0.350586 0.00927734 0.0351562
5 0.604492 0.381836 0.0166016 0.09375
5 0.557861 0.384766 0.0161133 0.0800781
2 0.961426 0.352051 0.0351562 0.0166016
2 0.96875 0.355957 0.0205078 0.0107422
2 0.839111 0.367188 0.0209961 0.0429688
2 0.834717 0.372559 0.0131836 0.0263672
2 0.782471 0.366211 0.012207 0.0253906
2 0.730957 0.359375 0.0390625 0.0292969
2 0.666992 0.364258 0.0546875 0.0371094
7 0.754639 0.388672 0.027832 0.0410156
7 0.708496 0.392578 0.0361328 0.0429688
7 0.556396 0.407227 0.00634766 0.0488281
7 0.602051 0.406738 0.0107422 0.0576172
