1 0.440674 0.445312 0.0258789 0.169922
2 0.767822 0.405273 0.0151367 0.0273438
2 0.755371 0.398438 0.0117188 0.00976562
2 0.757812 0.406738 0.0205078 0.0263672
2 0.744629 0.411133 0.0185547 0.0371094
2 0.74292 0.41748 0.012207 0.0263672
2 0.722168 0.413086 0.0361328 0.046875
2 0.724121 0.415527 0.0244141 0.0419922
2 0.711426 0.418457 0.0332031 0.0458984
2 0.684326 0.416504 0.0708008 0.0537109
2 0.69043 0.421387 0.0410156 0.0517578
2 0.688965 0.437012 0.0205078 0.0341797
2 0.680664 0.427246 0.0292969 0.0556641
2 0.661865 0.427734 0.0424805 0.0625
2 0.640137 0.430664 0.0507812 0.0683594
2 0.592773 0.435059 0.0703125 0.0771484
2 0.534424 0.445801 0.0698242 0.0986328
2 0.45459 0.449707 0.102539 0.131836
2 0.855469 0.395996 0.00976562 0.0244141
2 0.862305 0.401367 0.0126953 0.0332031
2 0.873291 0.402832 0.0200195 0.0419922
2 0.880371 0.408203 0.0126953 0.046875
2 0.889893 0.409668 0.0249023 0.0673828
2 0.919189 0.419434 0.0629883 0.0986328
2 0.80542 0.428223 0.0805664 0.120117
6 0.288818 0.478516 0.0922852 0.154297
