1 0.522949 0.443359 0.00585938 0.0253906
1 0.490234 0.441895 0.00878906 0.0341797
1 0.483643 0.44043 0.00732422 0.0390625
1 0.479004 0.441895 0.0078125 0.0380859
1 0.46582 0.441895 0.00878906 0.0400391
1 0.389893 0.468262 0.0209961 0.0654297
1 0.288818 0.427734 0.0219727 0.0605469
1 0.842529 0.449219 0.0180664 0.126953
1 0.911133 0.455566 0.0175781 0.133789
1 0.827881 0.470703 0.0512695 0.257812
1 0.887695 0.479004 0.0595703 0.219727
1 0.981689 0.473145 0.0317383 0.208008
5 0.528809 0.438477 0.0078125 0.0195312
5 0.546387 0.443359 0.0078125 0.0332031
5 0.6604 0.462891 0.0307617 0.132812
5 0.682861 0.486816 0.0268555 0.137695
7 0.529053 0.45166 0.00830078 0.0166016
7 0.545898 0.453125 0.0078125 0.0195312
7 0.63916 0.467285 0.0136719 0.0302734
7 0.6604 0.51123 0.0180664 0.0849609
7 0.682861 0.536133 0.0141602 0.0683594
