1 0.51709 0.408691 0.00585938 0.0126953
1 0.267822 0.44043 0.00634766 0.0410156
1 0.251953 0.439941 0.0126953 0.0458984
1 0.216797 0.439453 0.00683594 0.046875
1 0.884033 0.41748 0.0161133 0.0888672
5 0.285156 0.428711 0.0078125 0.0292969
5 0.830566 0.41748 0.0195312 0.0869141
2 0.642334 0.427246 0.0151367 0.0205078
2 0.584717 0.42627 0.0141602 0.0302734
2 0.62207 0.428711 0.0273438 0.0410156
2 0.60083 0.434082 0.0297852 0.0380859
2 0.412598 0.423828 0.0136719 0.0175781
2 0.356201 0.429688 0.0131836 0.0136719
2 0.568604 0.422363 0.0229492 0.0400391
2 0.505615 0.415527 0.0170898 0.0126953
2 0.348877 0.438477 0.0200195 0.03125
2 0.344727 0.442871 0.0175781 0.0224609
2 0.277588 0.430176 0.012207 0.0166016
2 0.268799 0.442383 0.027832 0.03125
2 0.259766 0.444336 0.0117188 0.0234375
2 0.186768 0.422852 0.0239258 0.0175781
2 0.177246 0.445312 0.00976562 0.0273438
2 0.196289 0.437012 0.00488281 0.0126953
2 0.161377 0.442871 0.00537109 0.0263672
2 0.151611 0.443848 0.0200195 0.0302734
2 0.136719 0.445312 0.0214844 0.0332031
2 0.114014 0.444336 0.0180664 0.0253906
2 0.38208 0.430664 0.0483398 0.0605469
2 0.416504 0.438965 0.0234375 0.0380859
2 0.466553 0.427734 0.0786133 0.0664062
2 0.529541 0.432617 0.0786133 0.0605469
2 0.311279 0.447754 0.059082 0.0927734
2 0.906006 0.394531 0.0288086 0.0136719
2 0.992188 0.422852 0.0107422 0.0800781
2 0.761475 0.441406 0.081543 0.117188
3 0.6875 0.423828 0.0107422 0.03125
7 0.281494 0.451172 0.00634766 0.0253906
7 0.195557 0.462402 0.0356445 0.0400391
7 0.83374 0.435059 0.0131836 0.0517578
