1 0.38916 0.415039 0.00390625 0.0488281
2 0.59082 0.444336 0.0224609 0.0351562
2 0.0883789 0.38916 0.0302734 0.0341797
2 0.098877 0.403809 0.0405273 0.0595703
2 0.0424805 0.412109 0.0791016 0.130859
2 0.303467 0.419434 0.0219727 0.0322266
2 0.801758 0.456543 0.0253906 0.0244141
2 0.859131 0.442871 0.043457 0.0341797
2 0.862305 0.468262 0.0283203 0.0341797
2 0.729492 0.45166 0.0283203 0.0400391
2 0.436768 0.459473 0.0913086 0.112305
2 0.230957 0.477051 0.191406 0.204102
4 0.604492 0.442383 0.0253906 0.0429688
