1 0.41748 0.407715 0.0185547 0.0849609
1 0.431396 0.42041 0.0151367 0.0576172
1 0.4729 0.395996 0.0180664 0.0986328
1 0.463379 0.400391 0.0244141 0.101562
1 0.451416 0.407227 0.0180664 0.0917969
1 0.492432 0.409668 0.0161133 0.0751953
1 0.484131 0.400391 0.0249023 0.0996094
1 0.557617 0.382812 0.0117188 0.0800781
1 0.535645 0.387695 0.015625 0.0683594
1 0.600342 0.402344 0.0229492 0.09375
1 0.629883 0.402832 0.0195312 0.0908203
1 0.695312 0.395996 0.0195312 0.0966797
1 0.0192871 0.421387 0.0200195 0.0888672
1 0.0383301 0.43457 0.0170898 0.0585938
5 0.547119 0.402832 0.0258789 0.100586
5 0.65625 0.372559 0.0195312 0.0595703
5 0.66333 0.386719 0.0317383 0.109375
5 0.819336 0.392578 0.0380859 0.125
5 0.911865 0.39209 0.0366211 0.114258
5 0.989746 0.387695 0.015625 0.119141
5 0.155273 0.414551 0.0263672 0.0927734
2 0.37793 0.40332 0.0478516 0.0605469
2 0.337402 0.413086 0.0380859 0.0625
2 0.26123 0.416016 0.0488281 0.0625
7 0.977539 0.419922 0.0400391 0.078125
7 0.910645 0.422363 0.0742188 0.0830078
7 0.652832 0.425781 0.0546875 0.0742188
7 0.660645 0.425781 0.0673828 0.0800781
7 0.816162 0.424805 0.0698242 0.0800781
7 0.159424 0.429688 0.0375977 0.0761719
