2 0.223389 0.456055 0.019043 0.03125
2 0.207275 0.458008 0.0258789 0.0390625
2 0.179443 0.455078 0.0356445 0.0449219
2 0.160889 0.458008 0.0200195 0.0390625
2 0.119873 0.463867 0.0327148 0.0488281
2 0.0876465 0.467773 0.0424805 0.0546875
2 0.0388184 0.46582 0.0649414 0.0664062
2 0.0114746 0.477051 0.0170898 0.0556641
2 0.481934 0.435059 0.00878906 0.0224609
2 0.550293 0.43457 0.0205078 0.0351562
2 0.533203 0.432129 0.0175781 0.0498047
2 0.508789 0.455078 0.0585938 0.101562
4 0.58374 0.410156 0.0415039 0.189453
4 0.732178 0.361328 0.272949 0.439453
