1 0.460938 0.441895 0.0166016 0.0595703
2 0.402832 0.444824 0.0410156 0.0654297
2 0.312256 0.456543 0.0854492 0.124023
2 0.259277 0.483887 0.09375 0.12793
2 0.0874023 0.498047 0.168945 0.273438
2 0.515869 0.450195 0.0561523 0.0839844
2 0.570801 0.427734 0.0410156 0.0820312
2 0.571045 0.440918 0.0249023 0.0654297
2 0.595459 0.442871 0.050293 0.0888672
2 0.608887 0.448242 0.0527344 0.09375
2 0.704102 0.459961 0.161133 0.28125
6 0.913574 0.551758 0.167969 0.318359
7 0.200684 0.492676 0.03125 0.0849609
