1 0.437988 0.416016 0.00683594 0.0136719
1 0.443604 0.419922 0.00537109 0.0078125
1 0.531494 0.454102 0.00927734 0.0566406
1 0.468994 0.439941 0.0571289 0.235352
1 0.506836 0.430176 0.0566406 0.264648
1 0.769775 0.442383 0.0112305 0.0234375
1 0.781494 0.455078 0.0131836 0.0234375
1 0.655518 0.440918 0.0327148 0.194336
1 0.755615 0.458496 0.0209961 0.104492
1 0.702148 0.45166 0.0253906 0.174805
1 0.735352 0.454102 0.0361328 0.177734
1 0.794922 0.459473 0.0205078 0.163086
1 0.823975 0.456543 0.074707 0.375977
5 0.540527 0.458984 0.0126953 0.0410156
2 0.431885 0.426758 0.00830078 0.00976562
2 0.446045 0.450684 0.0317383 0.0556641
2 0.3479 0.461914 0.17334 0.162109
7 0.113525 0.472168 0.0209961 0.0771484
7 0.541504 0.474609 0.00683594 0.0253906
