1 0.178711 0.443359 0.0175781 0.126953
1 0.159912 0.439453 0.0258789 0.130859
1 0.135498 0.442871 0.027832 0.147461
1 0.0378418 0.484375 0.0698242 0.320312
1 0.587158 0.452637 0.0161133 0.0927734
1 0.617676 0.453125 0.0117188 0.0878906
1 0.60791 0.456543 0.0175781 0.0869141
1 0.630859 0.456055 0.0146484 0.0859375
1 0.801514 0.371582 0.0112305 0.0224609
1 0.820312 0.493652 0.0546875 0.27832
1 0.864258 0.466309 0.0585938 0.333008
1 0.189209 0.459961 0.0307617 0.167969
5 0.397949 0.427246 0.00585938 0.0224609
5 0.39502 0.439941 0.00976562 0.0458984
5 0.674805 0.458496 0.0214844 0.112305
2 0.444824 0.440918 0.0117188 0.0244141
2 0.449219 0.442871 0.0126953 0.0244141
2 0.463135 0.445801 0.0209961 0.0322266
2 0.51123 0.429199 0.0488281 0.0556641
2 0.41626 0.443359 0.0356445 0.03125
2 0.370605 0.43457 0.00878906 0.0878906
2 0.503174 0.453613 0.0200195 0.0458984
2 0.506836 0.456543 0.0107422 0.0458984
2 0.511963 0.456543 0.0151367 0.0537109
2 0.533691 0.453125 0.0410156 0.0742188
2 0.344482 0.430176 0.0483398 0.112305
2 0.330078 0.449707 0.0419922 0.0869141
7 0.39624 0.465332 0.00146484 0.00488281
7 0.394775 0.45459 0.00634766 0.0302734
7 0.551758 0.467773 0.0117188 0.0546875
7 0.643799 0.467773 0.0161133 0.0625
7 0.664062 0.464355 0.0253906 0.0830078
7 0.693115 0.472168 0.0200195 0.0810547
7 0.677246 0.48584 0.00683594 0.0654297
