1 0.595459 0.404297 0.00927734 0.0507812
1 0.614014 0.38916 0.00634766 0.0244141
1 0.557373 0.395508 0.00537109 0.046875
1 0.575195 0.40332 0.00683594 0.0546875
1 0.766357 0.383301 0.00537109 0.0126953
1 0.784668 0.399902 0.0107422 0.0478516
1 0.818115 0.379395 0.00439453 0.00683594
1 0.822754 0.396484 0.00585938 0.0292969
1 0.818115 0.400391 0.00830078 0.0390625
1 0.801025 0.395508 0.00537109 0.0136719
1 0.791748 0.412109 0.0170898 0.0605469
1 0.799072 0.419434 0.0102539 0.0478516
1 0.810059 0.400391 0.0136719 0.0859375
1 0.884766 0.385254 0.00976562 0.0478516
1 0.932861 0.412598 0.012207 0.0595703
1 0.589844 0.407227 0.00292969 0.046875
1 0.580566 0.407715 0.00390625 0.0361328
1 0.585205 0.410156 0.0112305 0.0683594
1 0.474365 0.396484 0.00537109 0.00976562
1 0.483398 0.399902 0.00683594 0.0224609
2 0.617676 0.410156 0.015625 0.0859375
2 0.623779 0.417969 0.0288086 0.107422
2 0.632324 0.425293 0.0283203 0.120117
2 0.642822 0.431641 0.0375977 0.150391
2 0.705811 0.43457 0.133301 0.222656
2 0.479736 0.425781 0.0219727 0.0644531
2 0.47168 0.428223 0.0205078 0.0888672
2 0.445312 0.427246 0.0498047 0.125977
2 0.427246 0.433105 0.0390625 0.137695
2 0.368652 0.426758 0.0966797 0.179688
2 0.294434 0.446289 0.206055 0.216797
6 0.483154 0.398926 0.0102539 0.0146484
6 0.499756 0.427246 0.0151367 0.0634766
7 0.562744 0.413086 0.0131836 0.0410156
7 0.185059 0.40625 0.0380859 0.0644531
7 0.531738 0.413086 0.0107422 0.0273438
