1 0.52124 0.378906 0.00927734 0.0332031
1 0.53833 0.382812 0.00830078 0.0449219
1 0.734131 0.396973 0.0112305 0.0322266
1 0.77002 0.400391 0.00390625 0.0117188
1 0.764404 0.399902 0.00439453 0.0126953
1 0.89502 0.39209 0.0214844 0.0654297
1 0.714355 0.398438 0.0126953 0.0644531
1 0.723877 0.392578 0.0102539 0.0410156
5 0.626709 0.394043 0.0229492 0.137695
5 0.65918 0.402832 0.0283203 0.143555
2 0.895996 0.385742 0.0273438 0.078125
2 0.357422 0.326172 0.0917969 0.123047
2 0.400635 0.421875 0.0288086 0.136719
2 0.364258 0.44043 0.0869141 0.205078
2 0.291748 0.440918 0.145996 0.352539
2 0.129639 0.510254 0.253418 0.825195
7 0.628662 0.425293 0.0258789 0.0986328
7 0.660156 0.437012 0.0302734 0.110352
7 0.91333 0.427734 0.0161133 0.0253906
7 0.535645 0.416504 0.0517578 0.0673828
