1 0.115479 0.443359 0.0170898 0.0585938
1 0.130615 0.432617 0.0131836 0.0410156
1 0.09375 0.457031 0.0341797 0.111328
1 0.5979 0.38623 0.0180664 0.0263672
2 0.547363 0.40625 0.0224609 0.0292969
2 0.574219 0.425293 0.0205078 0.0439453
2 0.581543 0.426758 0.0146484 0.0410156
2 0.543945 0.442871 0.0380859 0.0732422
2 0.414795 0.450684 0.0239258 0.0439453
2 0.368652 0.453125 0.0869141 0.136719
2 0.343018 0.484863 0.0571289 0.12793
2 0.286377 0.498047 0.11084 0.171875
2 0.181641 0.552734 0.21875 0.232422
2 0.064209 0.620117 0.122559 0.339844
2 0.650391 0.472656 0.0927734 0.177734
2 0.760986 0.49707 0.20459 0.28125
2 0.483398 0.5 0.133789 0.205078
8 0.485107 0.385742 0.0483398 0.03125
7 0.951416 0.642578 0.0424805 0.115234
