1 0.770264 0.366211 0.00537109 0.0078125
1 0.815674 0.394043 0.00830078 0.0498047
1 0.845703 0.375 0.0117188 0.0390625
1 0.858398 0.367676 0.0214844 0.0517578
2 0.63623 0.40332 0.0302734 0.0449219
2 0.667969 0.403809 0.0410156 0.0654297
2 0.587891 0.407227 0.0449219 0.0664062
2 0.553467 0.401855 0.0444336 0.0849609
2 0.514893 0.41748 0.0639648 0.0830078
2 0.717529 0.462891 0.172363 0.169922
2 0.451172 0.426758 0.0791016 0.109375
2 0.266357 0.437988 0.187988 0.274414
2 0.841553 0.51123 0.148926 0.241211
2 0.930908 0.57666 0.133301 0.459961
4 0.654785 0.372559 0.0253906 0.0302734
