1 0.39917 0.449707 0.0209961 0.0732422
2 0.423096 0.410645 0.0180664 0.0302734
2 0.40918 0.440918 0.0185547 0.0322266
2 0.447266 0.443359 0.0205078 0.0390625
2 0.482178 0.440918 0.034668 0.0693359
2 0.510498 0.446777 0.0415039 0.0830078
2 0.546875 0.462891 0.046875 0.0957031
2 0.361084 0.45752 0.0170898 0.0576172
2 0.312256 0.47168 0.0541992 0.126953
2 0.26709 0.487793 0.0839844 0.15918
2 0.207031 0.514648 0.117188 0.193359
2 0.580322 0.474609 0.074707 0.128906
2 0.659668 0.490723 0.136719 0.178711
2 0.852539 0.57373 0.290039 0.40332
2 0.928955 0.674805 0.137207 0.482422
2 0.092041 0.578613 0.178223 0.301758
3 0.376709 0.431641 0.034668 0.0703125
