1 0.344482 0.418945 0.00439453 0.0136719
1 0.338867 0.44043 0.0078125 0.0566406
1 0.346924 0.438965 0.0112305 0.0537109
2 0.798584 0.439453 0.0229492 0.0703125
2 0.734619 0.410645 0.0327148 0.00878906
2 0.74585 0.467773 0.0913086 0.119141
2 0.84375 0.494141 0.0996094 0.197266
2 0.652588 0.473145 0.0854492 0.149414
2 0.465088 0.439941 0.0170898 0.0283203
2 0.431641 0.437988 0.0380859 0.0478516
2 0.213867 0.468262 0.0722656 0.102539
2 0.5 0.465332 0.0722656 0.108398
6 0.398438 0.440918 0.0078125 0.0283203
7 0.289551 0.455078 0.03125 0.0527344
