1 0.860352 0.365723 0.0146484 0.0927734
1 0.854248 0.386719 0.0131836 0.0722656
1 0.868408 0.375488 0.0180664 0.0712891
1 0.808838 0.37207 0.0180664 0.0917969
1 0.837646 0.373047 0.0180664 0.09375
1 0.821289 0.364258 0.0244141 0.0878906
1 0.768555 0.370605 0.0126953 0.0673828
1 0.782471 0.370605 0.0180664 0.0732422
1 0.754639 0.376465 0.0180664 0.100586
1 0.349365 0.375 0.00927734 0.0214844
5 0.697266 0.375488 0.0195312 0.0732422
5 0.72583 0.377441 0.0209961 0.0888672
2 0.892578 0.362305 0.0371094 0.0351562
2 0.809326 0.362305 0.0405273 0.0175781
2 0.510498 0.391602 0.0102539 0.0292969
2 0.397461 0.422363 0.0263672 0.15918
2 0.45166 0.451172 0.132812 0.232422
3 0.433838 0.322266 0.0883789 0.117188
7 0.697021 0.403809 0.0170898 0.0576172
7 0.723145 0.399414 0.0253906 0.0585938
