1 0.53418 0.402832 0.00683594 0.0283203
1 0.581787 0.40332 0.00927734 0.0351562
2 0.518799 0.401855 0.012207 0.0224609
2 0.454102 0.402832 0.0429688 0.0244141
2 0.419189 0.411621 0.0454102 0.0380859
2 0.380371 0.414062 0.0107422 0.0253906
2 0.340576 0.427246 0.0327148 0.0869141
2 0.315186 0.429199 0.0561523 0.102539
2 0.29126 0.45459 0.0297852 0.0654297
2 0.216553 0.417969 0.159668 0.166016
2 0.162598 0.398438 0.0507812 0.0742188
2 0.110596 0.451172 0.215332 0.205078
2 0.0300293 0.504395 0.0541992 0.163086
7 0.44751 0.413574 0.0268555 0.0341797
