2 0.389404 0.424316 0.0209961 0.0205078
2 0.391357 0.443848 0.0180664 0.0517578
2 0.354248 0.410156 0.0639648 0.046875
2 0.420654 0.449219 0.0581055 0.078125
2 0.352539 0.464844 0.0634766 0.125
2 0.342773 0.481445 0.0634766 0.140625
2 0.278076 0.516602 0.11377 0.226562
2 0.129639 0.589355 0.253418 0.446289
2 0.490967 0.44873 0.0405273 0.0810547
2 0.515381 0.45166 0.0473633 0.0908203
2 0.557129 0.454102 0.0683594 0.107422
2 0.631836 0.476074 0.09375 0.139648
2 0.73999 0.501465 0.164551 0.22168
2 0.894531 0.629883 0.206055 0.611328
