1 0.199463 0.387695 0.0200195 0.0585938
2 0.666992 0.382812 0.0273438 0.0351562
2 0.670166 0.384766 0.0239258 0.0332031
2 0.676514 0.391113 0.019043 0.0263672
2 0.705811 0.369629 0.0473633 0.0712891
2 0.742676 0.398926 0.0830078 0.0888672
2 0.853027 0.358887 0.03125 0.0126953
2 0.828369 0.361328 0.019043 0.00976562
2 0.955566 0.382324 0.0839844 0.0673828
2 0.993408 0.409668 0.00830078 0.0712891
2 0.282227 0.36377 0.0136719 0.0126953
2 0.336182 0.411621 0.0180664 0.0595703
2 0.324463 0.416016 0.0258789 0.0703125
2 0.297607 0.416992 0.043457 0.0976562
2 0.265625 0.425781 0.0800781 0.113281
2 0.143311 0.450684 0.13623 0.151367
2 0.633789 0.388672 0.0380859 0.0859375
2 0.54834 0.49707 0.205078 0.337891
3 0.389404 0.367676 0.0805664 0.120117
7 0.825195 0.441895 0.0947266 0.129883
