1 0.36377 0.407227 0.00878906 0.0371094
2 0.0622559 0.42627 0.118652 0.0869141
2 0.286621 0.44043 0.138672 0.203125
2 0.450195 0.393066 0.0126953 0.0244141
2 0.440918 0.395508 0.0136719 0.0273438
2 0.432617 0.395996 0.0107422 0.0283203
2 0.422852 0.396973 0.0146484 0.0361328
2 0.417969 0.400391 0.0126953 0.0371094
2 0.401367 0.403809 0.0322266 0.0458984
2 0.513916 0.402832 0.0405273 0.0634766
2 0.580322 0.407227 0.0200195 0.0585938
2 0.605225 0.411621 0.0512695 0.0751953
7 0.367432 0.413086 0.00732422 0.0253906
