1 0.516357 0.428223 0.00341797 0.0205078
1 0.532715 0.430664 0.00488281 0.015625
1 0.540283 0.434082 0.00439453 0.0107422
1 0.589355 0.432617 0.00878906 0.0761719
1 0.58252 0.422852 0.0117188 0.0546875
1 0.584473 0.446777 0.0146484 0.0673828
1 0.568848 0.427246 0.0185547 0.100586
1 0.604004 0.444336 0.0136719 0.0644531
1 0.548096 0.422363 0.0200195 0.112305
1 0.506592 0.418457 0.00634766 0.0205078
5 0.524902 0.433594 0.00488281 0.0292969
2 0.433594 0.438965 0.0253906 0.0458984
2 0.389404 0.44873 0.0698242 0.100586
2 0.266846 0.456055 0.0854492 0.142578
2 0.127686 0.490234 0.218262 0.275391
7 0.524902 0.442383 0.00292969 0.015625
