2 0.585205 0.340332 0.00537109 0.00878906
2 0.584717 0.352539 0.00537109 0.0078125
2 0.576904 0.355957 0.00634766 0.0107422
2 0.587402 0.362793 0.00683594 0.0126953
2 0.568604 0.341309 0.00537109 0.00683594
2 0.552002 0.347656 0.0131836 0.00976562
2 0.539551 0.361328 0.0078125 0.015625
2 0.647949 0.399414 0.0214844 0.0234375
2 0.618408 0.400391 0.019043 0.0195312
2 0.596924 0.402344 0.027832 0.0234375
2 0.503174 0.430176 0.00732422 0.0283203
2 0.524414 0.421875 0.0361328 0.0996094
2 0.424316 0.458008 0.0419922 0.0703125
3 0.441162 0.394531 0.0209961 0.03125
3 0.859375 0.364746 0.276367 0.719727
4 0.537842 0.398438 0.0834961 0.046875
6 0.561523 0.354492 0.00195312 0.00585938
