1 0.432617 0.414062 0.00585938 0.0332031
1 0.427246 0.41748 0.00585938 0.0283203
1 0.418945 0.416504 0.00585938 0.0263672
1 0.412109 0.419434 0.00878906 0.0361328
1 0.40332 0.410156 0.00585938 0.0292969
1 0.38623 0.418457 0.00878906 0.0400391
1 0.325195 0.427734 0.00488281 0.0214844
1 0.312988 0.422852 0.00585938 0.0273438
1 0.305664 0.428711 0.00878906 0.0234375
1 0.575684 0.413086 0.00878906 0.046875
1 0.585938 0.408691 0.00488281 0.0498047
1 0.593994 0.417969 0.0151367 0.0742188
1 0.601318 0.40625 0.00732422 0.0507812
2 0.217285 0.427246 0.03125 0.0576172
2 0.49585 0.478027 0.116699 0.186523
4 0.483887 0.382812 0.0527344 0.0273438
4 0.434814 0.392578 0.0454102 0.0566406
4 0.246826 0.412109 0.0717773 0.078125
4 0.141602 0.423828 0.126953 0.0996094
4 0.807373 0.422852 0.380371 0.835938
