1 0.358887 0.399414 0.0107422 0.0234375
1 0.16333 0.425781 0.0141602 0.0839844
1 0.516846 0.39502 0.00732422 0.0380859
1 0.499268 0.39502 0.00341797 0.0205078
1 0.484131 0.39502 0.00830078 0.0380859
1 0.503906 0.391602 0.00488281 0.0273438
1 0.529785 0.395996 0.00488281 0.0244141
1 0.510986 0.394043 0.00634766 0.0322266
1 0.147217 0.422852 0.0141602 0.0683594
1 0.523926 0.394043 0.00976562 0.0419922
5 0.273438 0.411133 0.0458984 0.1875
5 0.320557 0.399902 0.0375977 0.178711
2 0.434326 0.410645 0.0161133 0.0517578
2 0.425049 0.415527 0.0268555 0.0595703
2 0.419922 0.414551 0.0195312 0.0615234
2 0.394531 0.412598 0.0458984 0.0732422
2 0.279053 0.439453 0.0688477 0.111328
2 0.480225 0.399902 0.0102539 0.0146484
2 0.580566 0.376953 0.0429688 0.0429688
2 0.576904 0.409668 0.0356445 0.0654297
2 0.583008 0.415039 0.0214844 0.0722656
2 0.610352 0.417969 0.0214844 0.0976562
2 0.648682 0.423828 0.074707 0.154297
2 0.734375 0.39502 0.142578 0.266602
2 0.493408 0.397949 0.012207 0.0185547
2 0.80542 0.462402 0.185059 0.268555
2 0.90332 0.526367 0.188477 0.474609
7 0.385742 0.422852 0.0224609 0.0546875
