1 0.945557 0.393555 0.019043 0.0683594
1 0.556885 0.393555 0.00537109 0.0585938
1 0.698486 0.403809 0.0307617 0.0986328
1 0.70874 0.40625 0.0288086 0.0957031
2 0.772949 0.381348 0.0195312 0.0244141
2 0.779053 0.384766 0.0180664 0.0253906
2 0.789551 0.384277 0.00585938 0.0322266
2 0.836914 0.390625 0.0185547 0.046875
2 0.809082 0.386719 0.0380859 0.0683594
2 0.850342 0.393555 0.034668 0.0527344
2 0.979248 0.393066 0.0366211 0.0732422
2 0.679932 0.390137 0.0131836 0.0400391
2 0.666016 0.392578 0.03125 0.0449219
