1 0.671875 0.398926 0.0214844 0.0576172
1 0.69165 0.425293 0.0102539 0.0517578
1 0.702637 0.455566 0.0175781 0.0927734
1 0.716309 0.429199 0.0234375 0.141602
1 0.727783 0.452637 0.0161133 0.0966797
2 0.424316 0.427734 0.0205078 0.0585938
2 0.415771 0.430176 0.0327148 0.0634766
2 0.384766 0.435059 0.0419922 0.0830078
2 0.330322 0.441895 0.0756836 0.104492
2 0.214355 0.469727 0.0986328 0.207031
2 0.0979004 0.49707 0.189941 0.296875
2 0.507812 0.42627 0.0390625 0.0576172
2 0.55835 0.423828 0.0200195 0.0585938
2 0.565186 0.426758 0.0258789 0.0625
2 0.574951 0.433105 0.0249023 0.0712891
2 0.648926 0.408691 0.0136719 0.0517578
2 0.600586 0.4375 0.0585938 0.09375
2 0.623047 0.451172 0.0585938 0.101562
7 0.745605 0.425293 0.0244141 0.0595703
7 0.675781 0.460449 0.0449219 0.0966797
7 0.807373 0.430176 0.0551758 0.0830078
7 0.793457 0.428711 0.0253906 0.0996094
