2 0.586426 0.434082 0.0185547 0.0537109
2 0.615479 0.447754 0.065918 0.12793
2 0.637207 0.466797 0.0478516 0.166016
2 0.435303 0.409668 0.00732422 0.0126953
2 0.419189 0.4375 0.0297852 0.0742188
2 0.457275 0.442871 0.0639648 0.0927734
2 0.404785 0.447754 0.0410156 0.0810547
2 0.52417 0.443359 0.0844727 0.154297
2 0.380615 0.45166 0.027832 0.104492
2 0.712646 0.464355 0.153809 0.280273
2 0.81958 0.536133 0.239746 0.367188
2 0.16748 0.508301 0.140625 0.211914
2 0.296387 0.506348 0.185547 0.256836
2 0.0668945 0.564453 0.12793 0.337891
