1 0.496826 0.417969 0.00634766 0.0117188
1 0.487549 0.435059 0.00927734 0.0400391
1 0.413086 0.446777 0.0136719 0.0419922
1 0.436768 0.437988 0.00537109 0.0634766
1 0.451904 0.437012 0.0102539 0.0732422
1 0.444336 0.44043 0.0185547 0.0820312
1 0.46875 0.445312 0.0166016 0.0742188
1 0.718262 0.460938 0.0136719 0.0507812
1 0.705811 0.499023 0.0405273 0.126953
1 0.72876 0.498047 0.0170898 0.130859
1 0.335938 0.456543 0.0449219 0.321289
1 0.131104 0.467773 0.065918 0.365234
1 0.0244141 0.416992 0.0429688 0.128906
1 0.192383 0.470703 0.0595703 0.373047
2 0.516113 0.436523 0.0322266 0.0332031
2 0.367676 0.444336 0.0078125 0.0371094
2 0.537109 0.439453 0.0146484 0.0644531
2 0.587646 0.377441 0.0795898 0.0498047
2 0.577637 0.452637 0.0839844 0.125977
2 0.65332 0.463867 0.166016 0.150391
2 0.0600586 0.709961 0.114258 0.570312
3 0.846436 0.43457 0.302246 0.859375
6 0.496582 0.439453 0.0185547 0.0332031
7 0.577148 0.490234 0.046875 0.140625
7 0.125732 0.515625 0.0825195 0.126953
