1 0.660889 0.421875 0.0161133 0.0625
1 0.823242 0.440918 0.0146484 0.100586
2 0.8479 0.357422 0.034668 0.046875
2 0.778564 0.350098 0.0356445 0.0380859
2 0.786133 0.365234 0.0205078 0.03125
2 0.758057 0.354004 0.0444336 0.0302734
2 0.811768 0.388672 0.0424805 0.0371094
2 0.689209 0.367676 0.0327148 0.0498047
2 0.746094 0.408203 0.0390625 0.0546875
2 0.571777 0.360352 0.0712891 0.0371094
2 0.519531 0.365723 0.0517578 0.0380859
2 0.540039 0.379883 0.0517578 0.03125
2 0.517578 0.408203 0.0273438 0.0488281
2 0.479736 0.401367 0.0493164 0.0898438
2 0.46167 0.423828 0.012207 0.0683594
2 0.36792 0.393555 0.0424805 0.0488281
2 0.420898 0.405273 0.0693359 0.123047
2 0.375732 0.439941 0.065918 0.0849609
2 0.316895 0.443848 0.0595703 0.104492
2 0.240967 0.442871 0.0932617 0.139648
2 0.133789 0.475098 0.145508 0.147461
2 0.0339355 0.425781 0.0620117 0.189453
2 0.0246582 0.477051 0.043457 0.165039
2 0.591064 0.5 0.153809 0.248047
3 0.631836 0.349609 0.0849609 0.078125
