1 0.644287 0.415527 0.019043 0.125977
2 0.613037 0.397461 0.0161133 0.0195312
2 0.632568 0.40918 0.0571289 0.0703125
2 0.917725 0.387207 0.0776367 0.0439453
2 0.600098 0.372559 0.0117188 0.0205078
2 0.677734 0.425293 0.0605469 0.112305
2 0.702148 0.43457 0.0478516 0.126953
2 0.760254 0.436523 0.103516 0.171875
2 0.900879 0.416992 0.129883 0.0742188
2 0.980713 0.402344 0.0307617 0.0546875
2 0.953369 0.549316 0.0883789 0.352539
2 0.503906 0.405762 0.0175781 0.0302734
2 0.488525 0.409668 0.00732422 0.0322266
2 0.477295 0.40625 0.0209961 0.0429688
2 0.478271 0.411133 0.00830078 0.0371094
2 0.470703 0.411133 0.0166016 0.0390625
2 0.464111 0.411133 0.0112305 0.0410156
2 0.456055 0.412109 0.0185547 0.046875
2 0.441162 0.414062 0.0317383 0.0488281
2 0.436523 0.418457 0.0195312 0.0498047
2 0.424316 0.42041 0.0224609 0.0576172
2 0.411377 0.423828 0.0288086 0.0625
2 0.221191 0.436523 0.0644531 0.125
2 0.1604 0.457031 0.133301 0.162109
2 0.0671387 0.456543 0.128418 0.307617
2 0.323486 0.422363 0.179199 0.321289
2 0.557617 0.423828 0.100586 0.166016
