1 0.451172 0.4375 0.00488281 0.0195312
1 0.720215 0.376465 0.0205078 0.0302734
1 0.748535 0.379395 0.0166016 0.0185547
2 0.443604 0.432617 0.012207 0.0214844
2 0.457764 0.421875 0.0170898 0.0234375
2 0.47583 0.438965 0.0131836 0.0322266
2 0.460205 0.441406 0.0180664 0.0332031
2 0.466553 0.444336 0.0239258 0.0351562
2 0.506836 0.436035 0.00976562 0.0205078
2 0.511475 0.436035 0.00634766 0.0205078
2 0.516846 0.43457 0.00927734 0.0234375
2 0.52417 0.435059 0.012207 0.0244141
2 0.524902 0.436035 0.00976562 0.0224609
2 0.530029 0.435547 0.00732422 0.0253906
2 0.53418 0.436035 0.0107422 0.0283203
2 0.542969 0.435547 0.0126953 0.0292969
2 0.549072 0.435547 0.00927734 0.0332031
2 0.553223 0.435547 0.0117188 0.0332031
2 0.557617 0.439941 0.0078125 0.0400391
2 0.56665 0.44043 0.0200195 0.046875
2 0.580322 0.427734 0.0180664 0.0253906
2 0.577881 0.449219 0.0209961 0.0625
2 0.602295 0.450195 0.0454102 0.0859375
2 0.616211 0.462402 0.0283203 0.102539
2 0.658936 0.466309 0.081543 0.163086
2 0.709229 0.484375 0.105957 0.195312
2 0.78125 0.518555 0.178711 0.263672
2 0.897705 0.57959 0.199707 0.540039
2 0.432617 0.450684 0.0166016 0.0595703
2 0.426758 0.45459 0.0166016 0.0654297
2 0.408691 0.456055 0.0351562 0.0742188
2 0.393555 0.462891 0.0214844 0.0820312
2 0.362549 0.466309 0.065918 0.0947266
2 0.264893 0.5 0.0874023 0.162109
2 0.170654 0.515137 0.135254 0.233398
2 0.0742188 0.568359 0.142578 0.324219
