1 0.526855 0.390625 0.00683594 0.0175781
1 0.535645 0.390137 0.00976562 0.0244141
1 0.584473 0.426758 0.0146484 0.0820312
1 0.579346 0.424316 0.0200195 0.0908203
1 0.593262 0.429199 0.0126953 0.0869141
1 0.625488 0.420898 0.00878906 0.0898438
1 0.618896 0.424805 0.012207 0.0839844
1 0.714355 0.428711 0.0126953 0.0488281
1 0.693115 0.418457 0.00537109 0.0205078
1 0.882324 0.433105 0.0205078 0.141602
1 0.54541 0.408691 0.00390625 0.0205078
1 0.0634766 0.387695 0.0078125 0.0332031
1 0.703369 0.424805 0.0151367 0.0839844
2 0.564697 0.410645 0.00634766 0.0107422
2 0.57373 0.409668 0.00878906 0.0283203
2 0.588379 0.410156 0.00585938 0.015625
2 0.604004 0.416992 0.0126953 0.0371094
2 0.609619 0.42041 0.012207 0.0361328
2 0.636963 0.407715 0.034668 0.0771484
2 0.637207 0.42627 0.0214844 0.0478516
2 0.747803 0.445801 0.0512695 0.0986328
2 0.79126 0.455078 0.090332 0.117188
2 0.521484 0.443359 0.0654297 0.0898438
2 0.640869 0.429199 0.0131836 0.0458984
2 0.659424 0.429688 0.0395508 0.0605469
3 0.550781 0.397461 0.0234375 0.0585938
6 0.0715332 0.415039 0.0288086 0.0546875
6 0.116943 0.418945 0.019043 0.0429688
