1 0.408203 0.429688 0.00683594 0.0351562
2 0.377441 0.418945 0.0263672 0.0136719
2 0.643799 0.436523 0.0180664 0.015625
2 0.577637 0.436523 0.015625 0.0234375
2 0.606445 0.385742 0.0107422 0.015625
2 0.595459 0.391602 0.00927734 0.015625
2 0.5896 0.393066 0.00634766 0.0146484
2 0.583008 0.395996 0.0107422 0.0126953
2 0.571777 0.403809 0.0146484 0.0185547
2 0.562744 0.444336 0.0161133 0.0351562
2 0.268311 0.371094 0.0551758 0.03125
2 0.074707 0.46875 0.114258 0.117188
2 0.331055 0.439453 0.0224609 0.0351562
2 0.356934 0.452148 0.0458984 0.0625
2 0.220947 0.532227 0.244629 0.333984
2 0.53418 0.450684 0.0556641 0.112305
2 0.462402 0.473145 0.0830078 0.12793
2 0.726807 0.439453 0.0522461 0.0390625
2 0.730713 0.444824 0.0424805 0.0439453
2 0.7771 0.442871 0.0874023 0.0478516
2 0.810791 0.442383 0.0961914 0.0488281
2 0.835449 0.45459 0.046875 0.0693359
2 0.836914 0.472168 0.03125 0.0341797
2 0.923828 0.453125 0.147461 0.0976562
3 0.502686 0.442383 0.0161133 0.0488281
