1 0.692627 0.387695 0.0151367 0.101562
1 0.683105 0.385254 0.015625 0.104492
1 0.709229 0.390625 0.0112305 0.0742188
1 0.718994 0.391113 0.0239258 0.0908203
1 0.766357 0.384277 0.0229492 0.0947266
1 0.795898 0.385742 0.0205078 0.0917969
1 0.77832 0.400391 0.0166016 0.0644531
1 0.97998 0.379395 0.0126953 0.0751953
1 0.991699 0.373047 0.0078125 0.0234375
1 0.872803 0.402832 0.012207 0.0341797
1 0.906494 0.381348 0.0385742 0.161133
5 0.497314 0.40918 0.019043 0.0722656
2 0.424561 0.380371 0.0395508 0.0263672
2 0.667236 0.392578 0.0239258 0.015625
2 0.417725 0.395996 0.0532227 0.0361328
2 0.387451 0.399902 0.0219727 0.0107422
2 0.538574 0.393555 0.0292969 0.0292969
2 0.25415 0.416504 0.0991211 0.180664
2 0.11792 0.444824 0.22998 0.44043
2 0.487305 0.407715 0.0410156 0.0498047
2 0.697998 0.401367 0.0405273 0.0410156
2 0.995117 0.381836 0.00488281 0.0195312
3 0.509033 0.365723 0.101074 0.0712891
3 0.101074 0.253906 0.195312 0.224609
7 0.493652 0.426758 0.0283203 0.046875
7 0.96582 0.39209 0.0185547 0.0517578
