2 0.4104 0.391602 0.00927734 0.0117188
2 0.356445 0.398926 0.0429688 0.0458984
2 0.395752 0.402344 0.0366211 0.0410156
2 0.43457 0.402832 0.0224609 0.0400391
2 0.44873 0.42041 0.0234375 0.0849609
2 0.481689 0.427246 0.0698242 0.114258
2 0.678223 0.388184 0.0644531 0.0732422
2 0.749512 0.432129 0.0986328 0.176758
2 0.325439 0.412109 0.00830078 0.0488281
2 0.30542 0.414551 0.0375977 0.0732422
2 0.267578 0.427734 0.0517578 0.0820312
2 0.216309 0.440918 0.0761719 0.106445
2 0.125 0.452148 0.113281 0.171875
2 0.0515137 0.484863 0.097168 0.211914
3 0.277832 0.37207 0.0205078 0.0449219
6 0.813965 0.446289 0.078125 0.201172
7 0.622559 0.416992 0.0488281 0.0664062
