1 0.7146 0.452637 0.0454102 0.217773
2 0.124756 0.390137 0.177246 0.124023
2 0.129395 0.424805 0.115234 0.0957031
2 0.151123 0.4375 0.128418 0.115234
2 0.246826 0.500488 0.162598 0.21582
2 0.480713 0.423828 0.0463867 0.0625
2 0.497803 0.426758 0.0356445 0.0644531
2 0.562012 0.424805 0.0673828 0.0957031
2 0.566406 0.442871 0.0224609 0.0634766
2 0.585938 0.436523 0.0322266 0.0976562
2 0.637939 0.434082 0.115723 0.12793
2 0.818848 0.48877 0.158203 0.233398
2 0.891846 0.557617 0.211426 0.345703
3 0.546875 0.397949 0.0908203 0.129883
