1 0.218506 0.427246 0.00732422 0.0224609
1 0.67334 0.421875 0.0175781 0.0839844
1 0.802734 0.40918 0.0214844 0.105469
2 0.26001 0.447266 0.0209961 0.0410156
2 0.237305 0.456055 0.0195312 0.0449219
2 0.222656 0.458496 0.0371094 0.0419922
2 0.406982 0.431641 0.0229492 0.0175781
2 0.46582 0.435547 0.0214844 0.0351562
2 0.479248 0.43457 0.0141602 0.0351562
2 0.480713 0.439941 0.012207 0.0322266
2 0.497314 0.431152 0.0249023 0.0498047
2 0.512939 0.439453 0.0239258 0.0488281
2 0.531006 0.436523 0.0297852 0.0527344
2 0.548096 0.439941 0.034668 0.0576172
2 0.581787 0.44043 0.0483398 0.0683594
7 0.136475 0.469727 0.0141602 0.046875
7 0.629395 0.442871 0.00976562 0.0556641
