1 0.255371 0.384277 0.0136719 0.0517578
1 0.264404 0.38623 0.00732422 0.0576172
1 0.699707 0.413086 0.0214844 0.113281
2 0.00415039 0.371582 0.00244141 0.0263672
2 0.0297852 0.373047 0.0214844 0.0332031
2 0.0493164 0.374512 0.00683594 0.0283203
2 0.141602 0.383789 0.0136719 0.0292969
2 0.175537 0.385742 0.019043 0.03125
2 0.278809 0.392578 0.00585938 0.0273438
2 0.298828 0.393066 0.0126953 0.0244141
2 0.311523 0.396973 0.0205078 0.0263672
2 0.363525 0.402832 0.0131836 0.0302734
2 0.341064 0.400879 0.0327148 0.0400391
2 0.400879 0.400879 0.00976562 0.0244141
2 0.380615 0.402344 0.0336914 0.0449219
2 0.242432 0.390137 0.0151367 0.0244141
2 0.208496 0.389648 0.0566406 0.0683594
