1 0.51001 0.413086 0.00341797 0.0195312
1 0.512695 0.415527 0.0078125 0.0244141
1 0.610596 0.404785 0.00927734 0.0244141
1 0.7146 0.42627 0.0180664 0.0966797
1 0.770752 0.446289 0.0366211 0.15625
1 0.981201 0.428711 0.027832 0.0546875
1 0.422119 0.414062 0.00634766 0.015625
5 0.44165 0.441895 0.0366211 0.124023
5 0.28833 0.464355 0.0522461 0.227539
2 0.550781 0.426758 0.00878906 0.0332031
2 0.562988 0.424805 0.0244141 0.0429688
2 0.567871 0.436035 0.0146484 0.0498047
2 0.588867 0.436035 0.0410156 0.0693359
2 0.594238 0.447754 0.0302734 0.0654297
2 0.626709 0.445312 0.0581055 0.0859375
2 0.488525 0.431152 0.0249023 0.0400391
2 0.45874 0.439453 0.00634766 0.0273438
2 0.430664 0.428711 0.0175781 0.046875
2 0.417236 0.450195 0.0209961 0.0644531
2 0.391602 0.449219 0.0429688 0.0859375
2 0.365723 0.463379 0.0644531 0.0927734
4 0.483643 0.406738 0.0151367 0.0107422
7 0.445557 0.473145 0.027832 0.0830078
7 0.286865 0.526855 0.0551758 0.15332
