1 0.0715332 0.472656 0.00927734 0.0429688
1 0.116943 0.476074 0.00732422 0.0341797
1 0.125 0.466309 0.0117188 0.0458984
1 0.177002 0.464844 0.00732422 0.0410156
1 0.2229 0.458984 0.00830078 0.0566406
1 0.228516 0.461426 0.0107422 0.0478516
1 0.304443 0.455566 0.00732422 0.0458984
1 0.334229 0.451172 0.00830078 0.0488281
1 0.506104 0.44873 0.00927734 0.0517578
1 0.496338 0.452148 0.012207 0.0664062
1 0.486328 0.452148 0.0117188 0.0683594
1 0.561035 0.447754 0.00488281 0.0224609
1 0.565918 0.441406 0.00585938 0.0351562
1 0.570312 0.439941 0.00585938 0.0341797
1 0.967285 0.413086 0.0117188 0.0800781
1 0.991211 0.437012 0.0126953 0.116211
5 0.977051 0.429688 0.0253906 0.123047
5 0.946533 0.42627 0.0239258 0.102539
5 0.902832 0.436523 0.0234375 0.078125
5 0.833984 0.447754 0.0214844 0.0693359
4 0.774414 0.413086 0.277344 0.152344
7 0.406006 0.485352 0.034668 0.0253906
7 0.584473 0.449219 0.0078125 0.0429688
7 0.627686 0.45166 0.0219727 0.0458984
7 0.983154 0.466309 0.019043 0.0654297
7 0.950439 0.461914 0.0141602 0.0429688
7 0.904541 0.456543 0.0415039 0.0380859
7 0.835449 0.46582 0.0361328 0.0371094
