1 0.573975 0.435547 0.0102539 0.0644531
2 0.576172 0.422852 0.0117188 0.0273438
2 0.695068 0.391113 0.0112305 0.0244141
2 0.647461 0.38916 0.00585938 0.0263672
2 0.672852 0.397949 0.0107422 0.0126953
2 0.715576 0.40918 0.0170898 0.0292969
2 0.723633 0.414551 0.0175781 0.0283203
2 0.73291 0.42041 0.0185547 0.0322266
2 0.745605 0.42627 0.0195312 0.0361328
2 0.67627 0.410645 0.0185547 0.0302734
2 0.684082 0.418945 0.0195312 0.0332031
2 0.69458 0.443848 0.0317383 0.0400391
2 0.7771 0.459961 0.0541992 0.0878906
2 0.821777 0.432617 0.0849609 0.173828
