1 0.386719 0.436035 0.00390625 0.0224609
1 0.383301 0.436035 0.00488281 0.0244141
1 0.535645 0.449219 0.0117188 0.0585938
1 0.549072 0.446777 0.0131836 0.0595703
1 0.561768 0.447754 0.00927734 0.0576172
1 0.735596 0.47998 0.0385742 0.151367
1 0.766602 0.474121 0.0341797 0.166992
2 0.067627 0.42041 0.0112305 0.0146484
2 0.177979 0.428223 0.0151367 0.0205078
2 0.137939 0.42334 0.0336914 0.0185547
2 0.294189 0.435059 0.0268555 0.0400391
2 0.229248 0.424316 0.0102539 0.0185547
2 0.245117 0.421875 0.0185547 0.0351562
2 0.213867 0.42627 0.015625 0.0185547
2 0.224609 0.428711 0.015625 0.0214844
2 0.201172 0.428223 0.0146484 0.0205078
