1 0.185059 0.416016 0.00585938 0.0351562
1 0.392334 0.384766 0.00341797 0.00976562
1 0.398193 0.387207 0.00439453 0.0146484
2 0.199219 0.391113 0.0146484 0.0126953
2 0.208252 0.39502 0.00732422 0.00683594
2 0.221191 0.394043 0.0117188 0.00683594
2 0.213867 0.403809 0.00976562 0.0205078
2 0.232422 0.393066 0.00976562 0.00488281
2 0.293213 0.390137 0.012207 0.00488281
2 0.303711 0.398926 0.0107422 0.0166016
2 0.217529 0.407715 0.00830078 0.0205078
2 0.238281 0.402344 0.0146484 0.0214844
2 0.20459 0.40918 0.0166016 0.0253906
2 0.227295 0.406738 0.0200195 0.0224609
2 0.251221 0.40332 0.012207 0.0214844
2 0.278564 0.388184 0.0141602 0.00488281
2 0.352539 0.408691 0.0136719 0.0341797
2 0.550049 0.40918 0.00927734 0.0234375
2 0.594238 0.397949 0.0517578 0.0400391
2 0.626709 0.395508 0.0600586 0.0410156
2 0.386475 0.408203 0.0629883 0.0449219
2 0.329102 0.422852 0.0478516 0.0800781
2 0.279785 0.437012 0.0703125 0.0947266
2 0.495361 0.478516 0.132324 0.207031
4 0.631348 0.361328 0.0556641 0.0546875
4 0.476562 0.357422 0.0839844 0.128906
7 0.6521 0.433594 0.0454102 0.0976562
7 0.757324 0.424316 0.0380859 0.104492
7 0.867188 0.437988 0.0566406 0.145508
7 0.898926 0.441406 0.0605469 0.150391
7 0.948486 0.456055 0.0874023 0.162109
7 0.99292 0.500977 0.00927734 0.0996094
