1 0.492188 0.405762 0.00488281 0.0224609
1 0.467285 0.402832 0.00488281 0.0107422
1 0.0915527 0.381836 0.019043 0.0410156
1 0.353516 0.435547 0.0478516 0.162109
1 0.917969 0.414551 0.0253906 0.170898
1 0.0720215 0.382324 0.0219727 0.0537109
1 0.759033 0.344238 0.0297852 0.270508
1 0.750244 0.455566 0.0571289 0.30957
1 0.963379 0.375977 0.0234375 0.111328
1 0.849121 0.459961 0.0654297 0.386719
5 0.407227 0.43457 0.0527344 0.136719
2 0.536377 0.40918 0.00927734 0.0292969
2 0.550781 0.41748 0.0136719 0.0322266
2 0.582031 0.409668 0.0498047 0.0673828
2 0.576416 0.427734 0.0219727 0.0546875
2 0.591064 0.425781 0.0297852 0.0605469
2 0.598389 0.424805 0.0141602 0.0507812
2 0.599609 0.436035 0.0117188 0.0654297
2 0.477051 0.398438 0.0166016 0.0175781
2 0.460938 0.403809 0.0078125 0.00683594
2 0.449463 0.404297 0.0161133 0.0214844
2 0.434326 0.405273 0.0209961 0.0273438
2 0.410156 0.401855 0.0498047 0.0263672
2 0.422363 0.42041 0.0302734 0.0478516
2 0.372314 0.400879 0.043457 0.0224609
2 0.368408 0.417969 0.0356445 0.046875
2 0.475586 0.430664 0.0351562 0.046875
2 0.510742 0.416504 0.0380859 0.0615234
2 0.23877 0.401367 0.205078 0.189453
2 0.733643 0.348145 0.285645 0.477539
2 0.0407715 0.528809 0.0756836 0.385742
3 0.517334 0.391602 0.034668 0.078125
6 0.408691 0.478516 0.0888672 0.115234
6 0.357422 0.481445 0.0986328 0.136719
7 0.452637 0.424316 0.0126953 0.0322266
7 0.441162 0.419434 0.0102539 0.0185547
7 0.437988 0.430664 0.0126953 0.0351562
7 0.314453 0.458008 0.0224609 0.111328
7 0.895508 0.489746 0.0263672 0.0654297
7 0.217773 0.460938 0.0273438 0.115234
7 0.236328 0.46875 0.0302734 0.111328
7 0.175537 0.436035 0.0395508 0.0634766
7 0.182861 0.458984 0.0366211 0.119141
