1 0.289062 0.429688 0.0107422 0.0273438
1 0.283691 0.441406 0.0136719 0.0390625
1 0.272217 0.444824 0.0141602 0.0556641
1 0.263428 0.475098 0.0170898 0.112305
1 0.256104 0.464844 0.0200195 0.134766
1 0.245361 0.475098 0.0112305 0.0986328
1 0.238281 0.469727 0.0136719 0.111328
1 0.229736 0.462891 0.0219727 0.134766
1 0.213135 0.475098 0.0131836 0.100586
1 0.225342 0.467773 0.0336914 0.132812
1 0.200684 0.467773 0.0234375 0.121094
1 0.169189 0.466797 0.0219727 0.130859
1 0.143066 0.466309 0.0234375 0.131836
1 0.118408 0.47168 0.027832 0.117188
1 0.0415039 0.473145 0.0332031 0.15332
1 0.55249 0.46582 0.019043 0.111328
1 0.554199 0.472656 0.0136719 0.0976562
1 0.788574 0.45459 0.0107422 0.0908203
1 0.793945 0.45459 0.0166016 0.0986328
1 0.818359 0.464844 0.0107422 0.078125
1 0.814209 0.453613 0.0200195 0.102539
1 0.877686 0.446289 0.0239258 0.115234
1 0.901123 0.447266 0.0151367 0.107422
2 0.490723 0.472168 0.00292969 0.00683594
2 0.495117 0.474609 0.00878906 0.015625
2 0.519775 0.472168 0.00927734 0.0107422
2 0.522949 0.483887 0.00878906 0.0283203
2 0.535645 0.484863 0.0244141 0.0498047
2 0.506836 0.485352 0.0263672 0.0351562
2 0.484619 0.490723 0.0209961 0.0595703
2 0.44043 0.479492 0.0712891 0.101562
2 0.330322 0.480957 0.137207 0.149414
2 0.666504 0.473145 0.0585938 0.110352
2 0.627441 0.507324 0.136719 0.151367
7 0.763916 0.476562 0.027832 0.0507812
