1 0.296631 0.422852 0.00341797 0.0175781
1 0.292236 0.447266 0.0131836 0.0605469
1 0.704834 0.391602 0.0131836 0.0136719
1 0.933105 0.335938 0.0185547 0.03125
5 0.304932 0.432617 0.0102539 0.0371094
5 0.343262 0.434082 0.0146484 0.0400391
5 0.374756 0.447754 0.0141602 0.0751953
5 0.579834 0.4375 0.0170898 0.0898438
5 0.604248 0.437988 0.0141602 0.0732422
2 0.459229 0.426758 0.0102539 0.0175781
2 0.433838 0.45459 0.0522461 0.0732422
2 0.487061 0.422852 0.019043 0.0273438
2 0.499268 0.42627 0.0141602 0.0244141
2 0.534424 0.430176 0.0180664 0.0322266
2 0.545654 0.434082 0.0200195 0.0322266
2 0.556152 0.435059 0.0244141 0.0322266
2 0.66748 0.476074 0.0458984 0.147461
2 0.73291 0.500977 0.160156 0.208984
2 0.891602 0.628906 0.211914 0.564453
8 0.438721 0.402832 0.0375977 0.0615234
7 0.304443 0.456055 0.00830078 0.0351562
7 0.299316 0.456543 0.00390625 0.0224609
7 0.27832 0.461426 0.0253906 0.0595703
7 0.329834 0.456055 0.012207 0.046875
7 0.341309 0.454102 0.0146484 0.0507812
7 0.375488 0.46582 0.0107422 0.0488281
7 0.580322 0.470703 0.0141602 0.0488281
7 0.604004 0.462891 0.00683594 0.0390625
