1 0.528564 0.407715 0.00439453 0.00488281
1 0.535645 0.408203 0.0107422 0.0175781
1 0.400879 0.497559 0.0722656 0.331055
1 0.625488 0.447266 0.0205078 0.105469
1 0.597168 0.432129 0.0146484 0.0751953
1 0.607666 0.44043 0.0170898 0.0917969
1 0.459717 0.402832 0.00341797 0.0205078
1 0.498779 0.501953 0.0786133 0.294922
2 0.329346 0.431641 0.0131836 0.0371094
2 0.321533 0.434082 0.0141602 0.0439453
2 0.302734 0.433105 0.0332031 0.0517578
2 0.360107 0.40918 0.0512695 0.119141
2 0.521484 0.415039 0.0185547 0.00976562
2 0.466309 0.406738 0.0107422 0.0146484
2 0.436279 0.415527 0.0131836 0.0205078
2 0.425049 0.419434 0.012207 0.0205078
2 0.416748 0.422852 0.00537109 0.0214844
2 0.5354 0.447754 0.0375977 0.0634766
2 0.476807 0.424316 0.0327148 0.0498047
2 0.480957 0.424805 0.0253906 0.0507812
2 0.479492 0.43457 0.0166016 0.0410156
2 0.481445 0.437012 0.0107422 0.0400391
6 0.252441 0.42627 0.0126953 0.0380859
7 0.152344 0.425293 0.0380859 0.0498047
7 0.1521 0.435547 0.0385742 0.0507812
7 0.294189 0.442383 0.0170898 0.0371094
7 0.279785 0.438477 0.0351562 0.0429688
