1 0.0410156 0.414551 0.00292969 0.0205078
1 0.0344238 0.416016 0.00439453 0.0195312
1 0.333008 0.393555 0.0117188 0.0390625
1 0.349121 0.403809 0.0078125 0.0595703
1 0.36377 0.40625 0.0107422 0.0644531
1 0.371338 0.408691 0.00341797 0.0576172
1 0.379883 0.405273 0.00585938 0.0625
1 0.382324 0.404297 0.00976562 0.0625
1 0.668457 0.404785 0.0292969 0.145508
1 0.649658 0.407715 0.0151367 0.139648
1 0.694092 0.409668 0.0200195 0.0810547
1 0.801025 0.414062 0.00732422 0.0429688
1 0.848877 0.415039 0.00537109 0.0234375
1 0.887207 0.396973 0.00878906 0.0185547
1 0.938965 0.416504 0.0078125 0.0341797
1 0.951416 0.419434 0.00732422 0.0361328
5 0.178711 0.40332 0.00976562 0.0234375
5 0.206299 0.416016 0.0151367 0.0664062
5 0.622559 0.402344 0.0439453 0.121094
5 0.783691 0.410645 0.0117188 0.0556641
5 0.822754 0.413086 0.0117188 0.0507812
5 0.825684 0.424316 0.00390625 0.0224609
5 0.787598 0.42334 0.00390625 0.0185547
5 0.967773 0.411133 0.0146484 0.0371094
2 0.0935059 0.416504 0.0170898 0.0283203
2 0.198975 0.42334 0.0102539 0.0556641
2 0.216064 0.428223 0.019043 0.0654297
2 0.24292 0.42334 0.0581055 0.104492
2 0.164307 0.416992 0.0219727 0.0546875
2 0.131104 0.418945 0.0600586 0.115234
2 0.285889 0.458984 0.122559 0.15625
2 0.970703 0.420898 0.03125 0.0332031
2 0.92041 0.42627 0.0195312 0.0224609
2 0.992432 0.416504 0.0102539 0.0244141
6 0.180908 0.41748 0.012207 0.0302734
6 0.205811 0.439941 0.00439453 0.0263672
7 0.617676 0.437012 0.0537109 0.0888672
7 0.784912 0.424805 0.0112305 0.0351562
7 0.823486 0.426758 0.00927734 0.0351562
7 0.964844 0.428223 0.0273438 0.0263672
