1 0.794922 0.381836 0.00585938 0.0117188
1 0.80127 0.384766 0.00585938 0.0117188
1 0.806396 0.384766 0.00341797 0.0136719
1 0.317871 0.424805 0.0263672 0.207031
1 0.323975 0.428711 0.0444336 0.210938
1 0.300781 0.436523 0.0292969 0.212891
1 0.283203 0.437012 0.0341797 0.22168
5 0.344971 0.370605 0.0297852 0.0693359
5 0.770508 0.391113 0.0078125 0.0205078
5 0.761719 0.39209 0.00976562 0.0185547
2 0.365723 0.413574 0.0126953 0.0283203
2 0.391846 0.414062 0.0297852 0.0253906
2 0.727539 0.414551 0.0371094 0.0576172
2 0.71167 0.438477 0.0141602 0.101562
2 0.440674 0.404297 0.0268555 0.0078125
2 0.546143 0.382812 0.0180664 0.0488281
2 0.500732 0.43457 0.102051 0.15625
2 0.628174 0.432617 0.165527 0.328125
2 0.231689 0.415527 0.0483398 0.0439453
2 0.222168 0.425781 0.0185547 0.03125
2 0.253418 0.437012 0.0380859 0.0537109
2 0.186035 0.427246 0.00976562 0.0126953
2 0.151367 0.426758 0.0253906 0.0253906
2 0.136475 0.432129 0.0170898 0.0322266
2 0.788818 0.418457 0.0522461 0.0615234
2 0.900635 0.471191 0.193848 0.272461
4 0.745361 0.380859 0.081543 0.0410156
7 0.761719 0.405762 0.0078125 0.0185547
7 0.356201 0.450684 0.0668945 0.112305
