1 0.0803223 0.39502 0.00634766 0.0107422
1 0.0876465 0.400391 0.00830078 0.0175781
1 0.226074 0.391113 0.00292969 0.00683594
1 0.219727 0.40918 0.00683594 0.0390625
1 0.224854 0.408203 0.00634766 0.0390625
1 0.344482 0.400879 0.00537109 0.0244141
1 0.335938 0.391602 0.00488281 0.0078125
1 0.763916 0.42041 0.027832 0.225586
1 0.312988 0.413574 0.0078125 0.0498047
1 0.294678 0.420898 0.0297852 0.0859375
1 0.399902 0.402832 0.00683594 0.0400391
1 0.469238 0.404297 0.00976562 0.0410156
1 0.237549 0.42041 0.0268555 0.0927734
1 0.473633 0.410156 0.00683594 0.0292969
1 0.407715 0.420898 0.0166016 0.0839844
1 0.505615 0.397461 0.00634766 0.0488281
1 0.502197 0.401855 0.00830078 0.0439453
1 0.484619 0.408691 0.00732422 0.0341797
1 0.581299 0.411133 0.00927734 0.0800781
1 0.571045 0.414062 0.0141602 0.0957031
1 0.544678 0.413086 0.0141602 0.0800781
1 0.5979 0.383301 0.00634766 0.0302734
1 0.560303 0.417969 0.0209961 0.113281
1 0.588867 0.413574 0.0224609 0.112305
5 0.527832 0.399414 0.0136719 0.0429688
5 0.387939 0.415039 0.0180664 0.0917969
5 0.425537 0.401855 0.0229492 0.0673828
5 0.455811 0.400879 0.00830078 0.0341797
2 0.0703125 0.416504 0.100586 0.0693359
2 0.338135 0.409668 0.012207 0.0283203
2 0.321045 0.407227 0.0239258 0.046875
2 0.311035 0.412598 0.0253906 0.0498047
2 0.378418 0.400391 0.015625 0.0253906
2 0.365967 0.40625 0.0249023 0.0253906
2 0.418457 0.40918 0.0166016 0.0292969
7 0.112305 0.471191 0.0214844 0.0595703
7 0.525879 0.416504 0.0283203 0.0283203
7 0.426758 0.42334 0.0351562 0.0537109
7 0.455322 0.416992 0.00927734 0.0175781
