1 0.966309 0.36084 0.0263672 0.0712891
1 0.608154 0.371094 0.00634766 0.00976562
1 0.753662 0.356445 0.00830078 0.015625
1 0.914307 0.352539 0.0170898 0.0664062
1 0.828125 0.363281 0.015625 0.0683594
1 0.850342 0.37207 0.0151367 0.0351562
1 0.86377 0.362305 0.0195312 0.0546875
1 0.884766 0.35791 0.0234375 0.0654297
1 0.940186 0.379395 0.0180664 0.0439453
1 0.896729 0.378418 0.0307617 0.0673828
1 0.91333 0.412598 0.0454102 0.131836
1 0.726318 0.43457 0.043457 0.273438
1 0.791504 0.336914 0.0742188 0.15625
1 0.626465 0.387207 0.00878906 0.0341797
1 0.556885 0.373047 0.00537109 0.0175781
1 0.546875 0.397461 0.00878906 0.0566406
1 0.284668 0.400391 0.0214844 0.162109
1 0.268799 0.422363 0.0249023 0.149414
1 0.192383 0.355469 0.0253906 0.0820312
1 0.188721 0.368652 0.0258789 0.0830078
1 0.0854492 0.364258 0.0585938 0.175781
1 0.216553 0.341797 0.0249023 0.0839844
1 0.218262 0.420898 0.0292969 0.134766
1 0.168457 0.394531 0.0419922 0.160156
1 0.0385742 0.42041 0.0410156 0.250977
1 0.0222168 0.419434 0.0385742 0.270508
1 0.533936 0.391602 0.0151367 0.0585938
5 0.78833 0.482422 0.0473633 0.0761719
5 0.832764 0.486328 0.043457 0.0683594
5 0.43042 0.384277 0.0151367 0.0556641
5 0.456787 0.412598 0.0512695 0.170898
5 0.311279 0.414551 0.0512695 0.249023
2 0.650391 0.404785 0.0107422 0.0205078
2 0.670166 0.399414 0.0297852 0.03125
2 0.687744 0.422363 0.034668 0.106445
2 0.723877 0.427246 0.0786133 0.129883
2 0.633789 0.397461 0.0253906 0.0351562
2 0.613525 0.404785 0.0366211 0.0693359
2 0.575928 0.413086 0.059082 0.0878906
2 0.47583 0.406738 0.0493164 0.0595703
2 0.379639 0.404785 0.059082 0.0634766
2 0.237305 0.381836 0.0195312 0.0195312
2 0.253174 0.402344 0.0424805 0.0664062
7 0.432373 0.416016 0.0209961 0.046875
7 0.457275 0.457031 0.0786133 0.126953
7 0.309326 0.504395 0.0522461 0.178711
7 0.207764 0.45752 0.0620117 0.198242
7 0.161377 0.478516 0.0639648 0.197266
