2 0.606934 0.438477 0.0458984 0.0351562
2 0.791504 0.445312 0.015625 0.0546875
2 0.683838 0.470215 0.10791 0.151367
2 0.480957 0.435547 0.00585938 0.0136719
2 0.446533 0.430664 0.00146484 0.00390625
2 0.4646 0.446777 0.0356445 0.0576172
2 0.389893 0.441406 0.0151367 0.0253906
2 0.525879 0.47998 0.0957031 0.147461
2 0.331787 0.445312 0.0307617 0.0332031
2 0.422607 0.457031 0.0639648 0.0996094
2 0.13501 0.513184 0.26416 0.428711
3 0.565186 0.422852 0.0131836 0.0253906
3 0.496826 0.42041 0.0288086 0.0361328
