2 0.521729 0.425781 0.00634766 0.0117188
2 0.52832 0.425781 0.00683594 0.0136719
2 0.525391 0.432617 0.00585938 0.0078125
2 0.617676 0.400879 0.0185547 0.0283203
2 0.384277 0.472656 0.0214844 0.0683594
2 0.50708 0.431152 0.012207 0.0283203
2 0.633789 0.458008 0.0478516 0.103516
2 0.44873 0.433594 0.111328 0.273438
2 0.0703125 0.593262 0.134766 0.290039
2 0.354736 0.484863 0.0395508 0.0986328
2 0.314697 0.492676 0.0668945 0.129883
2 0.239014 0.520996 0.131348 0.174805
2 0.57251 0.447754 0.0834961 0.151367
2 0.664551 0.471191 0.0908203 0.124023
2 0.841797 0.499023 0.242188 0.335938
2 0.971191 0.675781 0.0527344 0.332031
