1 0.962646 0.356934 0.00439453 0.0244141
1 0.966797 0.358887 0.00390625 0.0283203
1 0.665771 0.361816 0.00341797 0.0361328
1 0.657471 0.373535 0.00537109 0.0458984
1 0.648438 0.373047 0.00390625 0.0175781
1 0.652832 0.374512 0.0078125 0.0498047
1 0.631104 0.361328 0.00244141 0.0195312
1 0.628662 0.375488 0.00634766 0.0537109
1 0.619141 0.371582 0.00292969 0.0361328
1 0.626709 0.37793 0.00537109 0.0488281
1 0.622803 0.374023 0.00732422 0.0527344
1 0.575439 0.347656 0.00341797 0.0175781
1 0.571777 0.346191 0.00488281 0.0244141
1 0.567139 0.346191 0.00634766 0.0244141
1 0.561768 0.348145 0.00732422 0.0341797
1 0.568115 0.366699 0.00634766 0.0380859
1 0.568115 0.395508 0.00634766 0.0234375
1 0.529053 0.350098 0.00830078 0.0341797
1 0.534424 0.349609 0.00439453 0.0351562
1 0.493408 0.348145 0.00537109 0.0341797
1 0.50293 0.345215 0.00390625 0.0302734
1 0.510986 0.349609 0.00439453 0.0351562
1 0.514893 0.348145 0.00537109 0.0439453
1 0.517822 0.347656 0.00439453 0.0429688
1 0.507568 0.35498 0.00732422 0.0400391
1 0.5 0.34375 0.00976562 0.0292969
1 0.456055 0.347168 0.00488281 0.0419922
1 0.460693 0.344238 0.00927734 0.0458984
1 0.467285 0.345703 0.00683594 0.0390625
1 0.474121 0.34375 0.00976562 0.046875
1 0.480713 0.348633 0.00830078 0.0371094
1 0.396484 0.345215 0.00488281 0.0478516
1 0.394043 0.347656 0.00292969 0.0488281
1 0.411865 0.341797 0.00537109 0.0351562
1 0.399902 0.344727 0.00683594 0.0429688
1 0.405518 0.343262 0.0102539 0.0380859
1 0.428711 0.34375 0.00390625 0.0253906
1 0.424072 0.343262 0.00732422 0.0283203
1 0.416748 0.34082 0.0102539 0.0390625
1 0.432617 0.347168 0.00585938 0.0419922
1 0.446045 0.324707 0.00634766 0.0107422
1 0.451172 0.344727 0.0078125 0.0429688
1 0.436768 0.345215 0.00732422 0.0341797
1 0.443848 0.349121 0.00878906 0.0498047
1 0.350586 0.349121 0.00585938 0.0380859
1 0.358398 0.340332 0.0117188 0.0556641
1 0.368652 0.343262 0.0107422 0.0498047
1 0.46582 0.382324 0.0107422 0.0478516
1 0.474365 0.388184 0.0112305 0.0576172
1 0.417236 0.363281 0.00537109 0.0175781
1 0.421631 0.370605 0.00830078 0.0283203
1 0.437256 0.366699 0.00732422 0.0146484
1 0.427734 0.364746 0.0126953 0.0205078
1 0.450195 0.366211 0.00976562 0.0175781
1 0.407471 0.395996 0.00830078 0.0576172
1 0.413818 0.388184 0.00830078 0.0595703
1 0.342529 0.339844 0.00830078 0.0292969
1 0.333252 0.348145 0.00439453 0.0400391
1 0.338379 0.349121 0.0126953 0.0380859
1 0.320801 0.34082 0.0146484 0.0546875
1 0.29248 0.337891 0.00488281 0.0566406
1 0.300537 0.34082 0.00439453 0.0566406
1 0.181885 0.33252 0.0131836 0.0732422
1 0.205811 0.347168 0.00439453 0.0458984
1 0.216064 0.34668 0.00927734 0.046875
1 0.209717 0.347168 0.00634766 0.0439453
1 0.246826 0.348633 0.00537109 0.0410156
1 0.268066 0.347656 0.0078125 0.0449219
1 0.251221 0.346191 0.0102539 0.0458984
1 0.260254 0.343262 0.0107422 0.0537109
1 0.224609 0.34668 0.0078125 0.0449219
1 0.236084 0.344238 0.00439453 0.0517578
1 0.232178 0.34375 0.0102539 0.0527344
1 0.241699 0.344727 0.00976562 0.0507812
1 0.20166 0.344238 0.0117188 0.0517578
1 0.195801 0.358398 0.0117188 0.0195312
1 0.189697 0.338867 0.0151367 0.0605469
1 0.1521 0.339844 0.00732422 0.0566406
1 0.144043 0.334961 0.0146484 0.0644531
1 0.0905762 0.338867 0.0131836 0.0507812
1 0.064209 0.330078 0.0151367 0.0585938
1 0.076416 0.345215 0.00830078 0.0263672
1 0.0488281 0.325195 0.00878906 0.0703125
1 0.0327148 0.328613 0.00585938 0.0380859
1 0.0100098 0.322266 0.012207 0.0644531
1 0.0183105 0.321289 0.012207 0.0722656
1 0.0249023 0.324707 0.0136719 0.0712891
1 0.57373 0.373535 0.00683594 0.0361328
1 0.556396 0.367676 0.00927734 0.0361328
1 0.0649414 0.40332 0.0078125 0.0839844
1 0.0717773 0.398926 0.0146484 0.0966797
5 0.792236 0.358887 0.00439453 0.0205078
5 0.509766 0.421387 0.0537109 0.129883
5 0.338867 0.387207 0.00976562 0.0166016
2 0.926514 0.354004 0.0112305 0.00683594
2 0.817383 0.345215 0.0351562 0.0224609
2 0.822998 0.358887 0.034668 0.0283203
2 0.775879 0.368164 0.0146484 0.0390625
2 0.80249 0.373535 0.0239258 0.0341797
2 0.917969 0.367676 0.0146484 0.0458984
2 0.897949 0.376465 0.0390625 0.0654297
2 0.76001 0.368164 0.0151367 0.0390625
2 0.739502 0.367676 0.0268555 0.0458984
2 0.725586 0.378418 0.0263672 0.0380859
2 0.533203 0.395996 0.0566406 0.0576172
2 0.439209 0.431641 0.0737305 0.119141
4 0.982178 0.339355 0.0307617 0.0615234
4 0.915283 0.330566 0.0717773 0.0458984
4 0.8479 0.336426 0.0708008 0.0556641
6 0.510254 0.45459 0.0908203 0.12793
7 0.401123 0.401367 0.0161133 0.0390625
7 0.218262 0.409668 0.015625 0.0478516
7 0.130371 0.407715 0.0205078 0.0498047
7 0.142578 0.432617 0.0136719 0.0117188
7 0.0554199 0.416504 0.0170898 0.0576172
