1 0.026123 0.399414 0.0239258 0.0703125
1 0.129883 0.39502 0.0136719 0.0439453
1 0.0192871 0.464844 0.0327148 0.226562
1 0.0983887 0.478516 0.050293 0.269531
1 0.146484 0.481934 0.0644531 0.276367
1 0.47876 0.402832 0.019043 0.114258
1 0.498779 0.407715 0.0170898 0.100586
1 0.524902 0.410156 0.0244141 0.103516
1 0.5625 0.425781 0.00683594 0.0546875
1 0.581055 0.425293 0.00976562 0.0615234
1 0.571777 0.412598 0.0175781 0.0888672
1 0.552979 0.410645 0.0209961 0.106445
1 0.604492 0.421387 0.00878906 0.0302734
1 0.59668 0.41748 0.0136719 0.0771484
2 0.68457 0.433105 0.0234375 0.0498047
2 0.712402 0.435059 0.0419922 0.0966797
