1 0.298096 0.425293 0.0102539 0.0361328
1 0.272461 0.387695 0.0107422 0.0234375
1 0.112793 0.409668 0.00878906 0.0185547
1 0.134521 0.40918 0.0102539 0.0410156
1 0.315674 0.425293 0.0112305 0.0712891
1 0.307617 0.431641 0.0107422 0.0820312
1 0.606689 0.372559 0.00439453 0.00683594
1 0.890381 0.467773 0.0649414 0.367188
5 0.156494 0.410156 0.0151367 0.0292969
5 0.470459 0.387695 0.034668 0.0605469
2 0.490967 0.405273 0.0141602 0.0214844
2 0.406738 0.411133 0.0107422 0.0292969
2 0.276123 0.4375 0.0444336 0.078125
2 0.260254 0.450195 0.0351562 0.0761719
2 0.375732 0.444336 0.0766602 0.113281
2 0.21167 0.448242 0.0786133 0.107422
2 0.174561 0.476074 0.0717773 0.102539
2 0.0839844 0.487793 0.141602 0.147461
2 0.010498 0.503418 0.0151367 0.149414
2 0.509033 0.393066 0.00927734 0.00488281
2 0.503418 0.407227 0.0126953 0.0273438
2 0.553955 0.418945 0.0522461 0.107422
2 0.566895 0.422852 0.0585938 0.107422
2 0.582275 0.439453 0.081543 0.128906
2 0.678223 0.480469 0.162109 0.183594
6 0.473633 0.447754 0.0361328 0.0751953
7 0.154785 0.421875 0.00976562 0.00585938
