1 0.314453 0.416992 0.00878906 0.0585938
5 0.355225 0.412109 0.0170898 0.0625
5 0.473389 0.407227 0.0161133 0.0585938
5 0.576904 0.40332 0.012207 0.0527344
2 0.452637 0.427734 0.00585938 0.0175781
2 0.404785 0.423828 0.0195312 0.0351562
2 0.426514 0.420898 0.0297852 0.046875
2 0.48999 0.421387 0.0161133 0.0341797
2 0.469727 0.415527 0.0302734 0.0419922
7 0.353027 0.432129 0.0371094 0.0400391
7 0.106934 0.464844 0.0507812 0.105469
7 0.472412 0.424316 0.034668 0.0380859
7 0.60498 0.42041 0.0078125 0.0205078
7 0.574951 0.420898 0.0356445 0.0410156
