1 0.158936 0.416016 0.0102539 0.0527344
1 0.170898 0.40625 0.0146484 0.0351562
1 0.207764 0.40918 0.0170898 0.0253906
1 0.226318 0.40625 0.0141602 0.0195312
2 0.348877 0.437012 0.0268555 0.0478516
2 0.337402 0.438965 0.0273438 0.0537109
2 0.319092 0.442871 0.0258789 0.0576172
2 0.288574 0.441895 0.0478516 0.0712891
2 0.264893 0.451172 0.043457 0.0703125
2 0.228271 0.456543 0.0483398 0.0830078
2 0.183594 0.463867 0.0732422 0.0878906
2 0.577637 0.412109 0.0205078 0.03125
2 0.587158 0.442383 0.0317383 0.101562
2 0.623535 0.439453 0.0644531 0.132812
2 0.664551 0.462891 0.113281 0.164062
2 0.850098 0.498047 0.294922 0.441406
2 0.541992 0.416504 0.0371094 0.0400391
2 0.508057 0.414551 0.00439453 0.0126953
2 0.498047 0.421875 0.0214844 0.03125
2 0.477539 0.428223 0.0292969 0.0439453
2 0.522949 0.424316 0.0292969 0.0439453
