1 0.560791 0.371582 0.00439453 0.0322266
1 0.60498 0.371582 0.00488281 0.0244141
1 0.645996 0.366699 0.00585938 0.0361328
1 0.656982 0.406738 0.0307617 0.116211
1 0.690186 0.378418 0.012207 0.0693359
1 0.703857 0.378418 0.012207 0.0673828
1 0.591309 0.408691 0.0205078 0.106445
1 0.960938 0.497559 0.0732422 0.600586
1 0.99292 0.210938 0.00927734 0.148438
1 0.577148 0.373535 0.00390625 0.0322266
1 0.574463 0.374023 0.00439453 0.0273438
1 0.570312 0.374512 0.00488281 0.0283203
1 0.634766 0.369629 0.00488281 0.0283203
1 0.637695 0.371094 0.00585938 0.0292969
2 0.588379 0.373047 0.0195312 0.0214844
2 0.550537 0.376465 0.00830078 0.0244141
2 0.522949 0.373535 0.00195312 0.0166016
2 0.508301 0.376953 0.0126953 0.0234375
2 0.498047 0.376465 0.0166016 0.0283203
2 0.486084 0.37793 0.012207 0.0429688
2 0.46582 0.370117 0.0351562 0.0703125
2 0.416016 0.383789 0.0117188 0.03125
2 0.405518 0.390137 0.027832 0.0400391
2 0.358154 0.416992 0.0561523 0.09375
2 0.447998 0.385254 0.0307617 0.0537109
2 0.437012 0.387695 0.0322266 0.0566406
2 0.0805664 0.436523 0.116211 0.134766
2 0.307617 0.442383 0.0917969 0.132812
