1 0.0810547 0.401367 0.0126953 0.0546875
1 0.134277 0.400879 0.0107422 0.0400391
1 0.513428 0.428711 0.0229492 0.0839844
1 0.451172 0.415039 0.0117188 0.0488281
1 0.302979 0.522949 0.131348 0.446289
1 0.907715 0.44043 0.0263672 0.0820312
2 0.562988 0.412598 0.0234375 0.0166016
2 0.544678 0.413086 0.019043 0.0117188
2 0.63208 0.421387 0.00830078 0.0166016
2 0.732422 0.418457 0.0244141 0.0205078
2 0.506104 0.413574 0.00732422 0.0263672
2 0.490967 0.415527 0.0151367 0.0224609
2 0.432129 0.427734 0.0175781 0.046875
2 0.385986 0.416992 0.0297852 0.046875
2 0.410645 0.429688 0.0390625 0.0546875
2 0.382812 0.422363 0.0117188 0.0361328
2 0.375977 0.42627 0.015625 0.0517578
2 0.334717 0.42334 0.0141602 0.0400391
2 0.355225 0.425293 0.0395508 0.0595703
2 0.269775 0.416992 0.0239258 0.0566406
2 0.276123 0.420898 0.0161133 0.0664062
2 0.249756 0.42334 0.0288086 0.0537109
2 0.219727 0.425781 0.0478516 0.0585938
2 0.121338 0.391602 0.0727539 0.0761719
2 0.159912 0.419434 0.0581055 0.0673828
3 0.503418 0.392578 0.0166016 0.0234375
7 0.467041 0.444336 0.0405273 0.0410156
