1 0.678955 0.387207 0.00439453 0.0283203
1 0.683838 0.386719 0.00634766 0.0292969
1 0.695068 0.407227 0.012207 0.0683594
1 0.638672 0.384277 0.00683594 0.0302734
1 0.644531 0.410645 0.0146484 0.0712891
1 0.660889 0.410645 0.0151367 0.0654297
1 0.556885 0.395996 0.00341797 0.0361328
1 0.552979 0.39502 0.00732422 0.0400391
1 0.828613 0.375 0.00488281 0.015625
1 0.824707 0.379883 0.00585938 0.03125
1 0.811523 0.366211 0.00585938 0.015625
1 0.813721 0.377441 0.00439453 0.0322266
1 0.804443 0.375 0.00830078 0.03125
1 0.818604 0.37793 0.00927734 0.0429688
1 0.809326 0.401855 0.0102539 0.0576172
1 0.719482 0.44873 0.0805664 0.407227
1 0.740479 0.473633 0.11377 0.416016
1 0.506592 0.399414 0.00830078 0.03125
1 0.494141 0.398926 0.00683594 0.0322266
1 0.434326 0.40332 0.00634766 0.0332031
1 0.438232 0.400879 0.00634766 0.0263672
1 0.443115 0.401855 0.00537109 0.0263672
1 0.450439 0.414551 0.012207 0.0576172
1 0.368408 0.410156 0.019043 0.0800781
1 0.358154 0.425293 0.00830078 0.0576172
1 0.339844 0.421387 0.0146484 0.0654297
1 0.324219 0.416504 0.0234375 0.114258
1 0.298096 0.413574 0.0239258 0.120117
1 0.259033 0.407227 0.00732422 0.0273438
1 0.470215 0.450195 0.0683594 0.359375
5 0.265381 0.416504 0.0229492 0.0615234
5 0.221436 0.412109 0.0229492 0.0996094
5 0.067627 0.411133 0.0444336 0.150391
5 0.0463867 0.457031 0.0283203 0.101562
2 0.663086 0.39209 0.0292969 0.0244141
2 0.804443 0.388672 0.0366211 0.0136719
2 0.891846 0.416504 0.160645 0.161133
7 0.264404 0.446289 0.0180664 0.0527344
7 0.223145 0.435547 0.0224609 0.0742188
7 0.127686 0.45166 0.059082 0.0869141
7 0.0766602 0.44873 0.0556641 0.0986328
7 0.0449219 0.475586 0.0449219 0.0742188
