1 0.205566 0.411133 0.0117188 0.03125
1 0.449951 0.445801 0.0102539 0.0576172
1 0.495605 0.421387 0.00488281 0.0107422
1 0.425049 0.45166 0.0151367 0.0751953
1 0.943115 0.450684 0.012207 0.0849609
2 0.414062 0.436523 0.0107422 0.0214844
2 0.378418 0.443848 0.00976562 0.0380859
2 0.371094 0.441406 0.0146484 0.046875
2 0.35791 0.441895 0.0224609 0.0517578
2 0.352051 0.458008 0.00976562 0.0449219
2 0.340576 0.44873 0.0161133 0.0712891
2 0.318848 0.450684 0.0449219 0.0810547
2 0.252441 0.452637 0.0810547 0.0986328
2 0.204346 0.466309 0.0678711 0.0791016
2 0.147217 0.47168 0.0708008 0.0742188
2 0.0837402 0.473633 0.0756836 0.0800781
2 0.0268555 0.477051 0.0478516 0.0849609
2 0.435303 0.436523 0.0102539 0.0175781
2 0.456543 0.429199 0.0078125 0.0107422
2 0.466064 0.437012 0.019043 0.0341797
2 0.474854 0.438965 0.0200195 0.0361328
2 0.481445 0.442383 0.0224609 0.0449219
2 0.487793 0.436523 0.0126953 0.0292969
2 0.538086 0.439453 0.0380859 0.0507812
2 0.509277 0.453613 0.046875 0.0634766
2 0.56958 0.439453 0.0405273 0.0449219
2 0.554199 0.45166 0.0410156 0.0556641
2 0.654053 0.450684 0.0444336 0.0595703
2 0.70874 0.44873 0.0561523 0.0615234
2 0.753418 0.44873 0.0371094 0.0615234
2 0.794189 0.442383 0.0561523 0.0664062
2 0.827881 0.442871 0.0288086 0.0595703
2 0.856934 0.442871 0.0380859 0.0615234
2 0.874268 0.435547 0.0385742 0.0644531
2 0.910156 0.437988 0.0361328 0.0537109
2 0.923584 0.431152 0.0405273 0.0634766
2 0.97998 0.432617 0.0224609 0.0527344
2 0.990967 0.434082 0.0131836 0.0458984
2 0.602539 0.450684 0.0361328 0.0634766
