1 0.339111 0.375 0.00537109 0.0136719
1 0.534912 0.382324 0.00244141 0.0107422
1 0.296143 0.370117 0.0151367 0.03125
1 0.537598 0.394531 0.00488281 0.0214844
1 0.350586 0.37793 0.00878906 0.0332031
1 0.280273 0.359375 0.00488281 0.0117188
1 0.375488 0.386719 0.00976562 0.00976562
1 0.0412598 0.355469 0.0219727 0.0429688
1 0.986572 0.337891 0.0219727 0.0488281
1 0.768066 0.368652 0.0078125 0.0166016
1 0.780273 0.366211 0.00976562 0.0273438
1 0.212402 0.442871 0.0292969 0.206055
2 0.463379 0.389648 0.0283203 0.0195312
2 0.537598 0.389648 0.0195312 0.0371094
2 0.540527 0.40918 0.0146484 0.0371094
2 0.518311 0.407715 0.0161133 0.0361328
2 0.502197 0.392578 0.0200195 0.0195312
2 0.485352 0.38623 0.015625 0.00683594
2 0.490967 0.41748 0.0581055 0.0556641
2 0.457764 0.418945 0.0151367 0.0585938
2 0.453369 0.419922 0.0112305 0.0605469
2 0.414307 0.410156 0.0678711 0.101562
2 0.387207 0.429688 0.0585938 0.0839844
2 0.329834 0.440918 0.081543 0.12207
2 0.233643 0.440918 0.130371 0.186523
2 0.119385 0.461914 0.138184 0.193359
2 0.076416 0.504883 0.146973 0.292969
2 0.646484 0.424805 0.0195312 0.0644531
2 0.668945 0.430664 0.046875 0.117188
2 0.695312 0.445312 0.0712891 0.132812
2 0.73877 0.459473 0.0761719 0.172852
2 0.817383 0.473633 0.134766 0.25
2 0.901611 0.536133 0.191895 0.351562
2 0.947998 0.625 0.0991211 0.400391
4 0.579346 0.368164 0.0639648 0.169922
