1 0.458252 0.453125 0.0288086 0.162109
1 0.476807 0.452637 0.0327148 0.161133
1 0.504395 0.42041 0.0146484 0.0439453
1 0.496826 0.464355 0.0200195 0.0771484
2 0.438232 0.410156 0.0161133 0.015625
2 0.4375 0.427246 0.0107422 0.0263672
2 0.436523 0.430176 0.00683594 0.0263672
2 0.430908 0.433105 0.0131836 0.0400391
2 0.422363 0.439453 0.0224609 0.0527344
2 0.410645 0.445801 0.0205078 0.0576172
2 0.381836 0.459961 0.0585938 0.0957031
2 0.483887 0.410156 0.0107422 0.0117188
2 0.484619 0.422363 0.00732422 0.0185547
2 0.494385 0.42041 0.012207 0.0322266
2 0.515137 0.417969 0.0107422 0.0214844
2 0.528809 0.422363 0.0195312 0.0380859
2 0.53833 0.433594 0.0200195 0.0644531
2 0.542725 0.436035 0.0209961 0.0732422
2 0.565186 0.439453 0.0551758 0.0898438
2 0.921631 0.445801 0.151855 0.188477
2 0.63208 0.451172 0.103027 0.138672
