1 0.586182 0.394043 0.0151367 0.0654297
1 0.594482 0.37793 0.00927734 0.0507812
1 0.601074 0.394043 0.0185547 0.0830078
1 0.641113 0.396484 0.0302734 0.119141
1 0.343506 0.415527 0.0112305 0.0556641
1 0.333252 0.418457 0.00830078 0.0517578
2 0.0881348 0.444824 0.0131836 0.0537109
2 0.112061 0.442383 0.0454102 0.0546875
2 0.159424 0.434082 0.0454102 0.0634766
2 0.208252 0.433105 0.0581055 0.0595703
2 0.433838 0.406738 0.00927734 0.0126953
2 0.456055 0.395508 0.0126953 0.0273438
2 0.455566 0.403809 0.0107422 0.0185547
2 0.489746 0.402344 0.00488281 0.0195312
2 0.476074 0.407715 0.0253906 0.0380859
2 0.510986 0.402344 0.0102539 0.0253906
2 0.0378418 0.466309 0.0698242 0.149414
2 0.52002 0.401855 0.015625 0.0283203
