1 0.59375 0.415527 0.0107422 0.0537109
1 0.758057 0.40332 0.00634766 0.0507812
1 0.763916 0.39502 0.00830078 0.0654297
1 0.519775 0.41748 0.0141602 0.0595703
1 0.319092 0.431152 0.00634766 0.0556641
1 0.323486 0.426758 0.00830078 0.0644531
1 0.20166 0.450684 0.0585938 0.27832
1 0.484619 0.441895 0.074707 0.239258
5 0.556641 0.413574 0.0146484 0.0439453
2 0.730225 0.408691 0.00927734 0.0126953
2 0.739502 0.412598 0.0356445 0.0361328
2 0.661133 0.394043 0.129883 0.0927734
2 0.84082 0.390137 0.150391 0.0869141
2 0.356689 0.421875 0.0610352 0.0683594
2 0.443848 0.407227 0.139648 0.0976562
2 0.14209 0.402832 0.166992 0.137695
7 0.55835 0.432129 0.0170898 0.0244141
7 0.526367 0.432617 0.0205078 0.0292969
