1 0.501221 0.424316 0.00830078 0.0380859
1 0.41626 0.416992 0.00439453 0.0078125
1 0.363281 0.412109 0.0126953 0.0117188
1 0.332275 0.411621 0.00830078 0.0146484
1 0.325684 0.415527 0.00683594 0.0107422
1 0.266602 0.410645 0.0078125 0.0107422
1 0.247803 0.425781 0.00927734 0.0410156
1 0.158203 0.416016 0.0263672 0.0410156
1 0.303467 0.456055 0.043457 0.169922
1 0.600586 0.461914 0.0263672 0.136719
1 0.55835 0.45752 0.0366211 0.165039
5 0.450439 0.446289 0.0366211 0.142578
2 0.514404 0.421387 0.0102539 0.0146484
2 0.548828 0.42334 0.00683594 0.0205078
2 0.436523 0.43457 0.0322266 0.0351562
2 0.428467 0.435547 0.0151367 0.0332031
2 0.421143 0.4375 0.012207 0.0351562
2 0.406982 0.44043 0.0297852 0.0429688
2 0.367432 0.44873 0.0229492 0.0634766
2 0.355713 0.454102 0.027832 0.0703125
2 0.336914 0.458496 0.0283203 0.0810547
2 0.324219 0.46582 0.0302734 0.0898438
2 0.272217 0.47168 0.0756836 0.119141
2 0.577148 0.40332 0.0234375 0.0273438
2 0.579346 0.419434 0.0229492 0.0302734
2 0.57959 0.441895 0.0205078 0.0576172
2 0.629639 0.45752 0.0629883 0.114258
7 0.156006 0.564453 0.0219727 0.0390625
7 0.957031 0.481445 0.0810547 0.128906
7 0.779785 0.463379 0.0488281 0.0615234
7 0.803223 0.453125 0.0253906 0.09375
7 0.69458 0.48291 0.0756836 0.12793
7 0.607178 0.481934 0.0727539 0.102539
