1 0.100342 0.366211 0.0219727 0.0820312
1 0.14624 0.34082 0.00830078 0.0253906
1 0.0158691 0.345215 0.0141602 0.0263672
1 0.544434 0.411133 0.00683594 0.0292969
1 0.213135 0.339844 0.012207 0.0195312
1 0.395752 0.393066 0.0102539 0.0166016
1 0.38501 0.402832 0.0112305 0.0498047
1 0.349854 0.383789 0.019043 0.0371094
1 0.450439 0.411133 0.00830078 0.0351562
1 0.552246 0.411133 0.00585938 0.0332031
1 0.556641 0.40625 0.0078125 0.0449219
1 0.562256 0.409668 0.00927734 0.0537109
1 0.573242 0.407227 0.0107422 0.0605469
1 0.584961 0.40918 0.00976562 0.0722656
1 0.604492 0.409668 0.0400391 0.172852
1 0.630371 0.419922 0.0146484 0.0878906
1 0.645996 0.404297 0.0166016 0.119141
1 0.686768 0.413574 0.0307617 0.141602
1 0.733398 0.38623 0.0224609 0.100586
1 0.725098 0.390137 0.0175781 0.0947266
1 0.711914 0.409668 0.0283203 0.143555
1 0.751465 0.403809 0.0146484 0.0693359
2 0.050293 0.404297 0.0390625 0.0664062
2 0.49707 0.418457 0.0917969 0.149414
2 0.317627 0.430664 0.144043 0.238281
2 0.193115 0.498047 0.245605 0.298828
2 0.065918 0.553711 0.125977 0.425781
