1 0.219727 0.430176 0.00878906 0.0419922
1 0.197998 0.431641 0.00732422 0.046875
1 0.585693 0.407227 0.00634766 0.0195312
1 0.213135 0.433105 0.0141602 0.0400391
1 0.723145 0.450195 0.0556641 0.294922
1 0.786133 0.459961 0.0341797 0.292969
1 0.849121 0.443359 0.0761719 0.414062
1 0.954834 0.479004 0.0512695 0.415039
1 0.911621 0.446777 0.0576172 0.516602
1 0.986816 0.473633 0.0214844 0.283203
1 0.194092 0.433594 0.00927734 0.0449219
5 0.258789 0.430664 0.0244141 0.0996094
5 0.376953 0.423828 0.0302734 0.109375
5 0.604736 0.433105 0.0288086 0.149414
2 0.355469 0.40625 0.0888672 0.0820312
2 0.379639 0.416504 0.0668945 0.0283203
2 0.496826 0.398926 0.0131836 0.00488281
2 0.54248 0.400879 0.0810547 0.0498047
2 0.692139 0.398438 0.0180664 0.03125
2 0.813232 0.397461 0.027832 0.0195312
2 0.826416 0.396484 0.0170898 0.015625
2 0.0334473 0.501465 0.0610352 0.200195
3 0.677979 0.358887 0.145996 0.114258
3 0.0732422 0.339844 0.140625 0.367188
7 0.260498 0.453613 0.027832 0.0693359
7 0.377441 0.45752 0.0390625 0.0849609
7 0.61084 0.474609 0.0683594 0.125
