1 0.5 0.412109 0.00976562 0.0527344
1 0.843018 0.422852 0.0463867 0.207031
1 0.098877 0.393555 0.0327148 0.173828
1 0.0595703 0.398926 0.0341797 0.168945
1 0.619629 0.427246 0.00488281 0.0205078
5 0.514648 0.40625 0.0107422 0.0410156
2 0.715332 0.425781 0.00878906 0.0195312
2 0.697754 0.422363 0.0175781 0.0302734
2 0.651123 0.42041 0.0268555 0.0341797
2 0.62793 0.422363 0.0263672 0.0322266
2 0.603516 0.423828 0.0253906 0.0332031
2 0.574463 0.420898 0.0180664 0.0390625
2 0.553223 0.419434 0.0351562 0.0458984
7 0.516846 0.421875 0.012207 0.0351562
