1 0.509521 0.357422 0.0102539 0.0136719
1 0.628906 0.42041 0.0322266 0.176758
1 0.792236 0.352539 0.0229492 0.0820312
1 0.769775 0.371582 0.0415039 0.104492
1 0.833008 0.316406 0.0205078 0.0429688
1 0.649902 0.408203 0.03125 0.224609
1 0.583252 0.414062 0.0493164 0.199219
1 0.530273 0.423828 0.0498047 0.199219
1 0.462402 0.378906 0.015625 0.0546875
1 0.286377 0.424316 0.0375977 0.188477
1 0.266113 0.420898 0.0244141 0.175781
1 0.290771 0.428223 0.0444336 0.19043
5 0.61377 0.370117 0.00878906 0.0332031
5 0.57373 0.362793 0.00976562 0.0400391
5 0.618896 0.366211 0.00439453 0.0253906
5 0.665283 0.371582 0.00634766 0.0419922
5 0.343018 0.368164 0.0151367 0.0390625
5 0.421387 0.373535 0.0175781 0.0517578
2 0.494385 0.370117 0.0239258 0.0273438
2 0.54834 0.366699 0.0283203 0.0263672
2 0.566162 0.361328 0.0102539 0.015625
2 0.560547 0.378418 0.0253906 0.0341797
2 0.758545 0.37793 0.0629883 0.0683594
2 0.512207 0.390625 0.0751953 0.0527344
2 0.344727 0.373047 0.0332031 0.0390625
2 0.224121 0.387695 0.046875 0.015625
2 0.873047 0.48584 0.249023 0.391602
2 0.366699 0.397949 0.0996094 0.0615234
7 0.568359 0.394531 0.00878906 0.0332031
7 0.605469 0.393066 0.00878906 0.0361328
7 0.669434 0.393066 0.015625 0.0322266
7 0.42627 0.394043 0.0263672 0.0419922
