1 0.314697 0.45166 0.0307617 0.151367
2 0.506592 0.436523 0.0102539 0.0234375
2 0.493652 0.422363 0.0175781 0.0322266
2 0.499023 0.441406 0.00878906 0.03125
2 0.494141 0.442383 0.0117188 0.0332031
2 0.487061 0.444336 0.0161133 0.0546875
2 0.475586 0.443359 0.0263672 0.0625
2 0.544922 0.442383 0.00878906 0.0449219
2 0.561523 0.441406 0.0341797 0.0585938
2 0.467041 0.453613 0.0249023 0.0888672
2 0.433105 0.460938 0.0654297 0.138672
2 0.400146 0.477051 0.10791 0.170898
2 0.591553 0.460449 0.0219727 0.110352
2 0.638184 0.415527 0.0957031 0.249023
2 0.687256 0.483398 0.13623 0.181641
2 0.155518 0.630371 0.305176 0.547852
2 0.873047 0.615234 0.249023 0.550781
