1 0.824707 0.355469 0.0292969 0.132812
1 0.856445 0.363281 0.0322266 0.117188
1 0.817383 0.315918 0.0166016 0.0439453
1 0.203369 0.388672 0.0112305 0.0585938
1 0.208252 0.404297 0.0180664 0.0722656
5 0.963135 0.388672 0.0688477 0.455078
5 0.605713 0.395508 0.0161133 0.103516
5 0.617188 0.392578 0.0195312 0.109375
5 0.633057 0.397949 0.019043 0.125977
5 0.646484 0.401855 0.0341797 0.151367
5 0.565674 0.381836 0.00732422 0.0371094
5 0.572998 0.389648 0.00927734 0.0605469
5 0.585938 0.398438 0.015625 0.0664062
5 0.405518 0.384766 0.00634766 0.0273438
2 0.309814 0.390625 0.0268555 0.0273438
2 0.468994 0.39502 0.0141602 0.0439453
2 0.518555 0.443359 0.120117 0.189453
7 0.610596 0.427246 0.00732422 0.0537109
7 0.621826 0.430176 0.00927734 0.0673828
7 0.635986 0.437012 0.0112305 0.0693359
7 0.64917 0.444824 0.0151367 0.0888672
7 0.57373 0.406738 0.00390625 0.0380859
7 0.587646 0.418945 0.00732422 0.0410156
7 0.406006 0.404297 0.00439453 0.0214844
