1 0.294189 0.425781 0.0151367 0.0585938
1 0.706543 0.391113 0.00292969 0.0166016
1 0.715088 0.396973 0.00537109 0.0205078
1 0.749023 0.414062 0.00976562 0.0527344
1 0.737793 0.417969 0.015625 0.0507812
1 0.810791 0.416504 0.00927734 0.0791016
1 0.797852 0.42334 0.0107422 0.0908203
1 0.77832 0.431641 0.0175781 0.0898438
1 0.80542 0.432617 0.0170898 0.105469
1 0.849854 0.433105 0.0258789 0.145508
1 0.883545 0.42627 0.00732422 0.102539
1 0.991943 0.420898 0.0112305 0.046875
1 0.973145 0.456543 0.0488281 0.120117
1 0.953613 0.430176 0.0439453 0.202148
1 0.894287 0.440918 0.0405273 0.186523
5 0.404053 0.462402 0.0795898 0.198242
2 0.564697 0.416016 0.00927734 0.0175781
2 0.706299 0.437012 0.0415039 0.0634766
2 0.526367 0.450195 0.0761719 0.136719
2 0.652832 0.430176 0.0136719 0.0498047
2 0.609863 0.475586 0.112305 0.173828
6 0.403564 0.52002 0.0825195 0.180664
7 0.746094 0.425781 0.00976562 0.0351562
7 0.736816 0.427246 0.0117188 0.0341797
