1 0.557861 0.435547 0.00341797 0.0175781
2 0.176025 0.474121 0.0610352 0.114258
2 0.11499 0.483398 0.114746 0.144531
2 0.0344238 0.510254 0.0629883 0.166992
2 0.625488 0.434082 0.0107422 0.0146484
2 0.57666 0.439453 0.00878906 0.0253906
2 0.583984 0.437012 0.00976562 0.0283203
2 0.586426 0.437988 0.0078125 0.0263672
2 0.523682 0.439453 0.0131836 0.0273438
2 0.59375 0.435059 0.0107422 0.0361328
2 0.606445 0.434082 0.0253906 0.0361328
2 0.772949 0.448242 0.0830078 0.132812
2 0.950439 0.478516 0.0942383 0.240234
