1 0.346191 0.467773 0.0175781 0.0683594
1 0.331299 0.464844 0.0161133 0.0800781
1 0.269531 0.444824 0.00683594 0.0283203
1 0.29834 0.464355 0.015625 0.0927734
1 0.308105 0.467773 0.0166016 0.0800781
1 0.231201 0.44873 0.0268555 0.170898
1 0.0898438 0.509277 0.0449219 0.250977
1 0.136963 0.494629 0.0522461 0.268555
1 0.282471 0.457031 0.0239258 0.146484
1 0.251709 0.464355 0.034668 0.188477
1 0.443604 0.424316 0.00732422 0.0107422
1 0.519775 0.448242 0.00927734 0.0605469
1 0.498535 0.449707 0.0195312 0.118164
1 0.541504 0.421875 0.00683594 0.015625
1 0.529541 0.45166 0.0141602 0.0634766
1 0.750732 0.405273 0.0112305 0.03125
1 0.733154 0.447266 0.0268555 0.119141
1 0.986328 0.480469 0.0224609 0.322266
2 0.277832 0.482422 0.03125 0.0527344
2 0.0803223 0.437988 0.0620117 0.0419922
2 0.012207 0.412109 0.0185547 0.0136719
2 0.0620117 0.494629 0.118164 0.157227
2 0.41333 0.467285 0.0581055 0.0849609
2 0.491455 0.422363 0.0493164 0.0458984
2 0.492432 0.465332 0.0610352 0.0830078
2 0.691406 0.456055 0.015625 0.0625
2 0.537842 0.460938 0.0141602 0.0722656
2 0.611328 0.45166 0.0166016 0.0849609
2 0.646973 0.442871 0.0761719 0.116211
2 0.708252 0.458008 0.0424805 0.0820312
2 0.879639 0.410156 0.0395508 0.03125
2 0.80835 0.461426 0.155762 0.147461
2 0.916504 0.493164 0.140625 0.232422
2 0.569336 0.45459 0.0712891 0.100586
6 0.329102 0.48291 0.0283203 0.0400391
