5 0.546387 0.438477 0.0126953 0.046875
2 0.57666 0.435547 0.0175781 0.0351562
2 0.583984 0.437988 0.00976562 0.0380859
2 0.588867 0.438477 0.0107422 0.0429688
2 0.600342 0.436523 0.0249023 0.0488281
2 0.605469 0.437988 0.0185547 0.0458984
2 0.616699 0.441895 0.0302734 0.0517578
2 0.635986 0.443359 0.0258789 0.0664062
2 0.637939 0.445801 0.0170898 0.0615234
2 0.741455 0.443848 0.0698242 0.114258
2 0.822266 0.46875 0.120117 0.154297
2 0.953613 0.489258 0.0878906 0.234375
2 0.686279 0.488281 0.120605 0.179688
2 0.51123 0.449219 0.0429688 0.0683594
2 0.550293 0.441406 0.0273438 0.0410156
6 0.547607 0.449707 0.0112305 0.0322266
