1 0.414795 0.45459 0.0180664 0.0966797
1 0.419189 0.459473 0.0239258 0.0888672
1 0.654541 0.397461 0.0288086 0.0742188
1 0.698486 0.355469 0.019043 0.0351562
2 0.590576 0.402832 0.019043 0.0380859
2 0.327881 0.345215 0.0454102 0.0556641
2 0.0932617 0.568359 0.180664 0.380859
2 0.614014 0.405762 0.0249023 0.0322266
2 0.632812 0.407227 0.0175781 0.0351562
2 0.641846 0.407227 0.012207 0.0390625
2 0.745361 0.564453 0.504395 0.453125
2 0.562012 0.405273 0.0195312 0.0292969
7 0.273682 0.475586 0.0161133 0.0390625
