1 0.53418 0.439453 0.00585938 0.0234375
1 0.521484 0.444336 0.00976562 0.0371094
1 0.397461 0.423828 0.00488281 0.00585938
1 0.422607 0.420898 0.00439453 0.00976562
1 0.411865 0.41748 0.00927734 0.0146484
1 0.623047 0.435547 0.00488281 0.0253906
1 0.617188 0.429688 0.00585938 0.0234375
1 0.921387 0.385254 0.0332031 0.102539
2 0.527344 0.441895 0.00878906 0.0185547
2 0.479736 0.450195 0.0131836 0.0449219
2 0.474121 0.45166 0.015625 0.0498047
2 0.455566 0.454102 0.0380859 0.0546875
2 0.414551 0.467285 0.0458984 0.0869141
2 0.375488 0.470215 0.0507812 0.104492
2 0.368896 0.481445 0.0366211 0.109375
2 0.325195 0.483887 0.0761719 0.15332
2 0.248779 0.508301 0.144043 0.18457
2 0.614746 0.425293 0.00390625 0.0126953
2 0.592285 0.447754 0.0185547 0.0400391
2 0.604736 0.455566 0.0307617 0.0498047
2 0.926025 0.547852 0.143066 0.511719
3 0.555176 0.431641 0.00683594 0.015625
7 0.621338 0.476074 0.00634766 0.0458984
