1 0.376221 0.399902 0.00537109 0.0283203
1 0.368896 0.398926 0.00439453 0.0263672
1 0.728271 0.416504 0.0180664 0.0908203
2 0.534668 0.393066 0.00585938 0.0107422
2 0.550781 0.394531 0.00585938 0.0117188
2 0.543213 0.393555 0.0141602 0.015625
2 0.556885 0.398438 0.00927734 0.0175781
2 0.568115 0.406738 0.0200195 0.0302734
2 0.538574 0.424316 0.0380859 0.0537109
2 0.513428 0.400391 0.0112305 0.0195312
2 0.497803 0.388184 0.00830078 0.00488281
2 0.484375 0.400879 0.015625 0.0224609
2 0.500244 0.40918 0.0229492 0.0390625
2 0.386719 0.391113 0.0332031 0.0341797
2 0.296387 0.50293 0.142578 0.181641
2 0.428467 0.422363 0.0366211 0.0654297
2 0.662598 0.449219 0.0800781 0.111328
2 0.0795898 0.405273 0.0332031 0.015625
3 0.444092 0.384277 0.0649414 0.0849609
3 0.19043 0.39209 0.189453 0.325195
