1 0.457031 0.39502 0.00390625 0.0341797
1 0.479004 0.39209 0.0175781 0.0537109
1 0.494141 0.405762 0.0146484 0.0771484
1 0.883545 0.434082 0.0561523 0.249023
1 0.651123 0.414062 0.0297852 0.201172
1 0.683838 0.42041 0.0258789 0.176758
1 0.726807 0.402344 0.0424805 0.226562
1 0.704346 0.418457 0.0512695 0.21582
2 0.382568 0.410156 0.00732422 0.0117188
2 0.392822 0.391113 0.00732422 0.0146484
2 0.39502 0.40625 0.00585938 0.0214844
2 0.398193 0.408203 0.00537109 0.0214844
2 0.410645 0.401367 0.0244141 0.03125
2 0.417725 0.404297 0.0356445 0.0292969
2 0.58252 0.460449 0.134766 0.18457
2 0.366211 0.411621 0.00292969 0.00683594
2 0.373047 0.410645 0.0117188 0.0166016
2 0.362305 0.411133 0.00488281 0.00976562
2 0.356445 0.409668 0.00683594 0.0146484
2 0.343262 0.406738 0.0244141 0.0205078
2 0.344727 0.409668 0.0117188 0.0146484
2 0.322998 0.406738 0.012207 0.0146484
2 0.31665 0.40918 0.0170898 0.0175781
2 0.312744 0.411621 0.0170898 0.0166016
2 0.298584 0.411621 0.0258789 0.0185547
7 0.450684 0.419922 0.0195312 0.046875
7 0.462891 0.421387 0.00878906 0.0400391
7 0.468506 0.42627 0.0151367 0.0576172
