1 0.51416 0.46875 0.0117188 0.0507812
1 0.222168 0.455078 0.00878906 0.0253906
1 0.0649414 0.436035 0.0253906 0.0439453
1 0.0317383 0.438965 0.0146484 0.0166016
1 0.548096 0.465332 0.0131836 0.0576172
2 0.321533 0.483398 0.0102539 0.0292969
2 0.340576 0.479492 0.00634766 0.0214844
2 0.330811 0.478027 0.0161133 0.0263672
2 0.93457 0.450195 0.0615234 0.03125
2 0.915771 0.455078 0.0209961 0.0234375
2 0.284424 0.506348 0.0717773 0.145508
2 0.253906 0.531738 0.0800781 0.141602
2 0.162109 0.552734 0.135742 0.208984
2 0.0627441 0.591797 0.119629 0.291016
2 0.609619 0.499512 0.050293 0.124023
2 0.643066 0.50293 0.0585938 0.158203
2 0.678711 0.514648 0.0703125 0.203125
2 0.787354 0.530762 0.213379 0.297852
3 0.389893 0.443359 0.0961914 0.1875
7 0.529541 0.481934 0.0131836 0.0361328
7 0.452393 0.478516 0.0141602 0.0195312
7 0.468018 0.477539 0.0200195 0.0234375
