1 0.632568 0.420898 0.0102539 0.0488281
1 0.399658 0.422852 0.0102539 0.0585938
5 0.375977 0.44043 0.0234375 0.126953
2 0.533691 0.418945 0.00683594 0.0136719
2 0.544678 0.424805 0.0180664 0.0253906
2 0.515869 0.417969 0.00341797 0.00585938
2 0.513428 0.417969 0.00439453 0.00585938
2 0.509521 0.419922 0.00634766 0.00976562
2 0.506104 0.416504 0.00830078 0.0146484
2 0.502197 0.419434 0.00634766 0.0126953
2 0.498291 0.421875 0.00439453 0.015625
2 0.493652 0.42041 0.00585938 0.0205078
2 0.484619 0.418457 0.0131836 0.0263672
2 0.483154 0.422852 0.00634766 0.0214844
2 0.47998 0.424316 0.00683594 0.0244141
2 0.473877 0.422852 0.00830078 0.03125
2 0.457764 0.419434 0.0258789 0.0478516
7 0.373291 0.472168 0.0180664 0.0810547
