2 0.468018 0.405762 0.0141602 0.0322266
2 0.454834 0.408203 0.0209961 0.0371094
2 0.443359 0.415039 0.0126953 0.0371094
2 0.428223 0.414551 0.0253906 0.0458984
2 0.412598 0.420898 0.0146484 0.0527344
2 0.396729 0.422852 0.0336914 0.0605469
2 0.379395 0.426758 0.0410156 0.0644531
2 0.30249 0.443359 0.163574 0.164062
2 0.496094 0.408203 0.0146484 0.03125
2 0.558105 0.408691 0.0166016 0.0361328
2 0.565674 0.414062 0.012207 0.0507812
2 0.574463 0.414062 0.0170898 0.0585938
2 0.47998 0.413086 0.0292969 0.0429688
2 0.600586 0.411133 0.0498047 0.09375
2 0.613037 0.423828 0.0375977 0.0898438
2 0.655762 0.432617 0.0839844 0.125
2 0.803223 0.459961 0.226562 0.318359
2 0.945068 0.582031 0.10498 0.455078
