1 0.702881 0.413086 0.0102539 0.0195312
5 0.510742 0.442871 0.00878906 0.0341797
2 0.524414 0.450195 0.00683594 0.03125
2 0.529785 0.452148 0.0117188 0.0371094
2 0.541992 0.45166 0.0224609 0.0517578
2 0.543213 0.458008 0.0161133 0.0488281
2 0.5625 0.461914 0.0341797 0.0800781
2 0.587402 0.468262 0.0380859 0.0927734
2 0.604492 0.479492 0.0400391 0.109375
2 0.628174 0.489746 0.0561523 0.135742
2 0.682129 0.503418 0.113281 0.166992
2 0.477783 0.452637 0.00439453 0.0322266
2 0.46167 0.443848 0.0307617 0.0634766
2 0.464844 0.453613 0.0195312 0.0517578
2 0.455078 0.459961 0.0166016 0.0683594
2 0.448242 0.461914 0.0166016 0.0761719
2 0.414062 0.462402 0.0644531 0.124023
2 0.404541 0.481445 0.043457 0.117188
2 0.372803 0.5 0.0522461 0.175781
2 0.0339355 0.741211 0.0620117 0.507812
2 0.283691 0.530273 0.193359 0.25
2 0.902344 0.619141 0.19043 0.539062
7 0.510254 0.453125 0.00195312 0.0273438
7 0.203369 0.500977 0.0551758 0.160156
7 0.122559 0.482422 0.0439453 0.132812
7 0.783203 0.496582 0.0361328 0.106445
7 0.807617 0.499512 0.0214844 0.112305
