1 0.695068 0.425781 0.0239258 0.0976562
1 0.790771 0.477051 0.0493164 0.264648
1 0.980225 0.412598 0.034668 0.174805
2 0.438965 0.429199 0.0126953 0.0693359
2 0.406738 0.416992 0.0556641 0.111328
2 0.475586 0.415039 0.0136719 0.0410156
2 0.523926 0.407715 0.0078125 0.0146484
2 0.518799 0.40918 0.00830078 0.015625
2 0.26001 0.465332 0.147949 0.174805
2 0.567139 0.412109 0.012207 0.0292969
2 0.572021 0.416016 0.0141602 0.0292969
2 0.593262 0.414062 0.0234375 0.0566406
2 0.612061 0.421875 0.0395508 0.0566406
2 0.968018 0.59375 0.059082 0.244141
