1 0.976318 0.4375 0.0366211 0.205078
1 0.563965 0.413574 0.0234375 0.125977
2 0.855713 0.420898 0.050293 0.0175781
2 0.171631 0.363281 0.0444336 0.0195312
2 0.655518 0.429688 0.0424805 0.0527344
2 0.715088 0.42041 0.150879 0.0927734
2 0.992188 0.44873 0.0107422 0.0634766
2 0.459961 0.436035 0.0195312 0.0380859
2 0.430664 0.408691 0.0644531 0.0771484
2 0.29248 0.333984 0.212891 0.148438
2 0.257812 0.395996 0.134766 0.0732422
2 0.0776367 0.36084 0.0751953 0.0419922
2 0.0412598 0.365723 0.0766602 0.0673828
2 0.919678 0.433594 0.0913086 0.105469
