1 0.485352 0.42334 0.00878906 0.0439453
1 0.493164 0.421875 0.00683594 0.0351562
1 0.441895 0.431152 0.0136719 0.0595703
1 0.567871 0.442871 0.0273438 0.0947266
1 0.605713 0.433105 0.019043 0.108398
1 0.668457 0.437988 0.0292969 0.161133
1 0.61499 0.434082 0.0131836 0.102539
1 0.597412 0.460449 0.0112305 0.0478516
2 0.506104 0.45459 0.0825195 0.0576172
2 0.449707 0.458984 0.00976562 0.0429688
2 0.43042 0.457031 0.034668 0.0957031
2 0.415283 0.463379 0.0444336 0.110352
2 0.392578 0.472168 0.0410156 0.131836
2 0.340088 0.483887 0.10791 0.166992
7 0.549561 0.444824 0.0141602 0.0458984
