1 0.797119 0.426758 0.0249023 0.105469
1 0.416016 0.445312 0.015625 0.0644531
2 0.666016 0.423828 0.00488281 0.0078125
2 0.659424 0.428223 0.0151367 0.0166016
2 0.650879 0.429199 0.00488281 0.0166016
2 0.67041 0.437012 0.00976562 0.0439453
2 0.671875 0.441895 0.00585938 0.0361328
2 0.687012 0.431641 0.03125 0.0703125
2 0.697266 0.443359 0.0449219 0.0683594
2 0.917236 0.523438 0.160645 0.390625
2 0.552002 0.439453 0.0141602 0.03125
2 0.537598 0.443848 0.0166016 0.0361328
2 0.5271 0.444824 0.0151367 0.0380859
2 0.513672 0.444824 0.0205078 0.0400391
2 0.497803 0.448242 0.0249023 0.0488281
2 0.477783 0.450684 0.0317383 0.0537109
2 0.441162 0.454102 0.0512695 0.0664062
2 0.240479 0.486816 0.102051 0.125977
2 0.326416 0.499512 0.141113 0.168945
2 0.299316 0.533691 0.0341797 0.0146484
2 0.0410156 0.513184 0.0761719 0.192383
4 0.643555 0.416504 0.00976562 0.0888672
4 0.601562 0.40918 0.0849609 0.173828
7 0.799561 0.499512 0.0913086 0.112305
7 0.468994 0.46875 0.00537109 0.0214844
7 0.0734863 0.511719 0.0317383 0.15625
