1 0.356445 0.418457 0.0078125 0.0361328
1 0.361328 0.413574 0.00390625 0.0205078
1 0.382812 0.414062 0.0078125 0.0332031
1 0.377686 0.41748 0.00634766 0.0263672
1 0.387207 0.417969 0.00488281 0.0371094
1 0.392578 0.418457 0.0078125 0.0380859
1 0.417969 0.415039 0.0126953 0.0449219
1 0.42749 0.415039 0.00732422 0.0351562
1 0.436279 0.404297 0.00732422 0.0214844
1 0.552002 0.400391 0.0141602 0.0429688
1 0.571533 0.39502 0.0200195 0.0419922
1 0.678711 0.40332 0.0302734 0.09375
1 0.8479 0.38916 0.050293 0.139648
1 0.318848 0.425293 0.0078125 0.0498047
1 0.306641 0.431152 0.0117188 0.0634766
1 0.298096 0.430664 0.00927734 0.0664062
1 0.291504 0.429199 0.00976562 0.0888672
1 0.227295 0.444824 0.0229492 0.129883
1 0.249268 0.452148 0.0209961 0.115234
1 0.203125 0.447754 0.0214844 0.129883
1 0.188232 0.448242 0.00927734 0.117188
1 0.146973 0.450195 0.0341797 0.138672
1 0.173828 0.442383 0.03125 0.154297
5 0.275635 0.456055 0.0327148 0.1875
5 0.327148 0.428711 0.0117188 0.0664062
5 0.337891 0.447266 0.0361328 0.179688
5 0.40332 0.42041 0.0107422 0.0537109
2 0.489258 0.481445 0.132812 0.207031
7 0.416748 0.424805 0.0112305 0.0273438
7 0.365967 0.428223 0.0161133 0.0205078
7 0.26001 0.474609 0.0112305 0.0742188
7 0.272949 0.496582 0.0263672 0.129883
7 0.326904 0.471191 0.00732422 0.0673828
7 0.336426 0.491699 0.0322266 0.124023
7 0.403564 0.438965 0.00439453 0.0341797
7 0.730957 0.497559 0.0996094 0.219727
7 0.75293 0.512695 0.114258 0.242188
7 0.779053 0.543945 0.0805664 0.208984
7 0.818604 0.515625 0.127441 0.271484
7 0.822754 0.537109 0.100586 0.283203
7 0.878662 0.438965 0.034668 0.0654297
7 0.883789 0.552246 0.15332 0.323242
7 0.931641 0.594238 0.131836 0.31543
7 0.976318 0.628418 0.0424805 0.342773
