1 0.317871 0.412109 0.0146484 0.0488281
1 0.715332 0.41748 0.0185547 0.104492
5 0.299805 0.444824 0.0390625 0.135742
2 0.504883 0.418457 0.0078125 0.0185547
2 0.534424 0.419922 0.012207 0.0175781
2 0.466553 0.432617 0.0239258 0.0410156
2 0.137939 0.521484 0.23584 0.388672
2 0.0319824 0.583984 0.0581055 0.427734
2 0.557129 0.429688 0.0146484 0.046875
2 0.564209 0.429688 0.012207 0.0488281
2 0.582031 0.427734 0.0400391 0.0644531
2 0.58252 0.434082 0.0361328 0.0693359
2 0.592285 0.44043 0.0332031 0.0742188
2 0.60498 0.441406 0.0341797 0.0761719
2 0.956055 0.67334 0.0830078 0.354492
3 0.514893 0.416992 0.012207 0.03125
7 0.297852 0.477051 0.0517578 0.0869141
7 0.983643 0.414062 0.027832 0.0703125
