1 0.44165 0.424316 0.0161133 0.0498047
1 0.453369 0.419922 0.012207 0.0566406
1 0.466553 0.42627 0.0131836 0.0478516
1 0.491699 0.42627 0.0136719 0.0732422
1 0.588867 0.39502 0.00976562 0.0166016
1 0.23999 0.42041 0.0170898 0.118164
1 0.253418 0.414551 0.0253906 0.131836
1 0.657715 0.380859 0.0107422 0.0175781
1 0.799316 0.448242 0.0332031 0.185547
1 0.83374 0.442383 0.0385742 0.197266
1 0.0949707 0.431152 0.019043 0.137695
1 0.0175781 0.443359 0.0292969 0.195312
1 0.0424805 0.41748 0.0566406 0.241211
5 0.408936 0.419922 0.00732422 0.0390625
2 0.478271 0.418945 0.0141602 0.0234375
2 0.499756 0.422363 0.00634766 0.0341797
2 0.467041 0.417969 0.0170898 0.0195312
2 0.443115 0.418457 0.0151367 0.0166016
2 0.506348 0.421875 0.015625 0.0351562
2 0.433105 0.415039 0.00683594 0.0136719
2 0.425781 0.422363 0.0205078 0.0283203
2 0.507324 0.426758 0.0117188 0.0371094
2 0.552979 0.431152 0.0454102 0.0830078
2 0.56665 0.436035 0.0405273 0.0791016
2 0.578369 0.443848 0.0561523 0.0869141
2 0.229248 0.407715 0.00634766 0.0185547
2 0.383545 0.428223 0.0317383 0.0478516
2 0.33667 0.411621 0.0317383 0.0908203
2 0.628662 0.459961 0.0834961 0.144531
2 0.707275 0.488281 0.149902 0.203125
7 0.584961 0.452148 0.0322266 0.0722656
7 0.776611 0.472656 0.0249023 0.146484
7 0.40918 0.431641 0.00683594 0.0273438
7 0.140381 0.448242 0.0854492 0.123047
7 0.977051 0.69873 0.0410156 0.237305
