1 0.657471 0.398438 0.0317383 0.125
1 0.685547 0.404785 0.0146484 0.114258
1 0.724365 0.353027 0.043457 0.114258
1 0.412109 0.413574 0.0205078 0.19043
1 0.430908 0.398438 0.0307617 0.210938
1 0.110107 0.400879 0.0268555 0.12793
1 0.136475 0.39209 0.0307617 0.141602
1 0.275391 0.414551 0.046875 0.264648
1 0.306885 0.421875 0.050293 0.279297
1 0.38208 0.422363 0.0541992 0.295898
1 0.472656 0.418945 0.0605469 0.3125
1 0.554688 0.364746 0.0175781 0.135742
1 0.607422 0.365234 0.0136719 0.0820312
1 0.63501 0.439941 0.0532227 0.27832
1 0.810791 0.4375 0.0249023 0.212891
1 0.792236 0.430176 0.043457 0.233398
1 0.738281 0.445312 0.0380859 0.195312
1 0.84375 0.401367 0.0253906 0.169922
1 0.898682 0.365723 0.0229492 0.0673828
1 0.915771 0.379395 0.0551758 0.0576172
2 0.0554199 0.384766 0.0209961 0.0410156
2 0.0466309 0.568848 0.0874023 0.569336
6 0.264893 0.418945 0.0102539 0.0605469
7 0.717529 0.412109 0.0219727 0.03125
7 0.422852 0.436523 0.0449219 0.119141
7 0.194336 0.42334 0.0488281 0.102539
7 0.346436 0.473145 0.00537109 0.0419922
7 0.549805 0.424805 0.0283203 0.0292969
7 0.61084 0.483398 0.0683594 0.257812
7 0.544678 0.492188 0.0883789 0.214844
