1 0.801025 0.387207 0.00927734 0.0400391
1 0.43042 0.415527 0.0151367 0.0771484
1 0.493896 0.378418 0.0141602 0.0419922
1 0.526123 0.380371 0.0131836 0.0263672
1 0.516357 0.382812 0.00732422 0.0214844
1 0.0302734 0.503906 0.0546875 0.273438
1 0.098877 0.547852 0.0170898 0.0898438
1 0.0905762 0.502441 0.0493164 0.266602
1 0.654541 0.519531 0.104004 0.515625
1 0.562744 0.561523 0.0864258 0.533203
1 0.860352 0.529297 0.120117 0.574219
5 0.766357 0.410156 0.0209961 0.0566406
5 0.966553 0.450195 0.0620117 0.279297
2 0.993164 0.415527 0.00878906 0.0244141
2 0.929932 0.420898 0.0307617 0.0488281
2 0.505859 0.402832 0.0361328 0.0185547
2 0.470459 0.436523 0.0688477 0.0761719
2 0.393311 0.455078 0.0883789 0.0917969
2 0.669189 0.404785 0.0249023 0.0498047
2 0.546875 0.480469 0.134766 0.1875
7 0.762939 0.43457 0.0151367 0.0449219
7 0.0161133 0.566406 0.0263672 0.154297
7 0.947754 0.54541 0.0996094 0.188477
