1 0.281738 0.463867 0.0107422 0.046875
1 0.626465 0.445312 0.0126953 0.0410156
1 0.616943 0.447754 0.0102539 0.0458984
1 0.635742 0.442383 0.0078125 0.0566406
1 0.64624 0.44873 0.00732422 0.0712891
1 0.657715 0.458496 0.0126953 0.0654297
1 0.857666 0.443359 0.0297852 0.132812
2 0.473145 0.462402 0.0126953 0.0361328
2 0.531494 0.449707 0.00927734 0.0185547
2 0.519531 0.453125 0.0175781 0.03125
2 0.496582 0.46582 0.0400391 0.0625
2 0.553711 0.461914 0.0371094 0.0546875
2 0.752441 0.433105 0.180664 0.344727
2 0.923584 0.619629 0.147949 0.500977
