1 0.417725 0.380371 0.00634766 0.0263672
1 0.506592 0.393066 0.00830078 0.0263672
2 0.0385742 0.370605 0.0322266 0.0322266
2 0.0600586 0.35791 0.0185547 0.0537109
2 0.210205 0.369141 0.00634766 0.0078125
2 0.221436 0.369629 0.0209961 0.0107422
2 0.312012 0.374512 0.0175781 0.00683594
2 0.333496 0.382812 0.0195312 0.0175781
2 0.25 0.374512 0.0136719 0.0244141
2 0.198486 0.383301 0.0297852 0.0380859
2 0.354736 0.39209 0.00927734 0.0322266
2 0.366699 0.393066 0.0244141 0.0341797
2 0.395508 0.395508 0.0224609 0.0351562
2 0.973145 0.406738 0.0488281 0.0439453
2 0.425781 0.397461 0.0214844 0.03125
2 0.88208 0.453125 0.168457 0.189453
2 0.683838 0.459961 0.245605 0.365234
