1 0.64502 0.354004 0.00488281 0.0126953
1 0.636963 0.36377 0.00732422 0.0283203
1 0.607666 0.387207 0.00830078 0.0302734
1 0.629395 0.382324 0.015625 0.0634766
1 0.619629 0.393555 0.0117188 0.0546875
1 0.61499 0.395508 0.0102539 0.0488281
1 0.686523 0.34082 0.00390625 0.0117188
1 0.689697 0.339844 0.00634766 0.0136719
1 0.695801 0.34082 0.0078125 0.0136719
1 0.706055 0.342773 0.00683594 0.0117188
1 0.728271 0.336914 0.00732422 0.0136719
1 0.820801 0.302246 0.0175781 0.0322266
1 0.977051 0.290527 0.0195312 0.0322266
1 0.511475 0.354492 0.00439453 0.0078125
1 0.519287 0.394531 0.0112305 0.0722656
1 0.516846 0.391602 0.0229492 0.0839844
1 0.498535 0.401367 0.00878906 0.0507812
1 0.503662 0.40625 0.00439453 0.0292969
1 0.508301 0.396484 0.0146484 0.078125
1 0.443359 0.397461 0.00488281 0.00585938
1 0.439941 0.416504 0.00488281 0.0166016
1 0.427246 0.40332 0.00683594 0.0429688
1 0.41333 0.385742 0.00439453 0.015625
1 0.410156 0.390625 0.00488281 0.0214844
1 0.418945 0.391113 0.015625 0.0517578
1 0.433105 0.402832 0.0136719 0.0751953
1 0.473877 0.393066 0.012207 0.0888672
1 0.486572 0.396484 0.0200195 0.0976562
1 0.463623 0.398438 0.0151367 0.0800781
1 0.458252 0.402344 0.0200195 0.0761719
1 0.376465 0.365234 0.00488281 0.0078125
1 0.37207 0.365234 0.00683594 0.0078125
1 0.350586 0.362793 0.0078125 0.00488281
1 0.296875 0.381836 0.00292969 0.0175781
1 0.283203 0.375 0.00390625 0.0078125
1 0.286621 0.375977 0.000976562 0.00976562
1 0.269531 0.375 0.00585938 0.00585938
1 0.260986 0.373535 0.00732422 0.00878906
1 0.223877 0.372559 0.0161133 0.0244141
1 0.188477 0.378906 0.00878906 0.0195312
1 0.200439 0.384277 0.0151367 0.0361328
1 0.107422 0.505859 0.0810547 0.441406
1 0.0571289 0.533691 0.0625 0.46582
2 0.640381 0.405762 0.0268555 0.0986328
2 0.669922 0.410156 0.0664062 0.128906
2 0.702881 0.42041 0.0483398 0.15332
2 0.758545 0.426758 0.115723 0.21875
2 0.860352 0.469238 0.224609 0.342773
2 0.945557 0.498047 0.104004 0.472656
2 0.570801 0.419434 0.0888672 0.129883
2 0.382568 0.422852 0.0327148 0.109375
2 0.339355 0.433594 0.0849609 0.136719
2 0.258301 0.464844 0.124023 0.173828
2 0.110596 0.500488 0.215332 0.266602
7 0.413574 0.427734 0.0263672 0.0546875
