2 0.208008 0.472656 0.0234375 0.0273438
2 0.398682 0.460449 0.012207 0.0595703
2 0.374023 0.462402 0.0537109 0.0927734
2 0.418701 0.453613 0.0258789 0.0341797
2 0.263916 0.474609 0.0444336 0.0605469
2 0.433594 0.464355 0.0175781 0.0751953
2 0.459717 0.467285 0.0581055 0.0908203
2 0.512207 0.456543 0.0390625 0.0576172
2 0.692871 0.431641 0.0527344 0.0410156
2 0.772461 0.426758 0.0654297 0.0429688
2 0.824463 0.415039 0.0424805 0.0644531
2 0.968018 0.362305 0.0327148 0.0410156
2 0.843994 0.415039 0.0327148 0.0683594
2 0.859131 0.413574 0.027832 0.0673828
2 0.889404 0.390625 0.050293 0.0371094
2 0.928711 0.408691 0.137695 0.0810547
