1 0.263916 0.44043 0.0131836 0.0800781
1 0.25415 0.439941 0.0161133 0.0908203
1 0.154785 0.445801 0.0136719 0.0751953
1 0.169189 0.449707 0.0131836 0.0732422
1 0.104004 0.45459 0.0136719 0.0908203
1 0.0812988 0.458008 0.0151367 0.0957031
1 0.0500488 0.461914 0.0170898 0.0996094
1 0.0327148 0.460449 0.0205078 0.106445
1 0.0175781 0.453613 0.0292969 0.206055
1 0.344482 0.438965 0.0131836 0.0810547
1 0.544922 0.414062 0.0117188 0.03125
1 0.851562 0.42041 0.0166016 0.0947266
1 0.853271 0.430664 0.0180664 0.0898438
5 0.220947 0.444336 0.0141602 0.0976562
5 0.20752 0.436035 0.0263672 0.104492
5 0.299316 0.433105 0.0195312 0.110352
5 0.283936 0.43457 0.0258789 0.142578
5 0.325195 0.432129 0.0292969 0.143555
2 0.674072 0.442383 0.0366211 0.134766
2 0.749023 0.475586 0.163086 0.257812
7 0.474609 0.430664 0.0175781 0.0175781
7 0.420898 0.458496 0.0400391 0.0634766
7 0.219971 0.469238 0.00537109 0.0576172
7 0.208252 0.482422 0.019043 0.0722656
7 0.300781 0.473145 0.0205078 0.0791016
7 0.287842 0.476562 0.0151367 0.0820312
7 0.328125 0.466309 0.0136719 0.100586
7 0.905518 0.427246 0.0424805 0.0595703
7 0.928711 0.427734 0.0419922 0.0722656
