1 0.513672 0.445801 0.0244141 0.104492
1 0.540771 0.447266 0.0268555 0.101562
1 0.619629 0.449219 0.0253906 0.134766
1 0.591553 0.449219 0.0151367 0.132812
1 0.597656 0.474121 0.0283203 0.0849609
2 0.547852 0.422363 0.00976562 0.0166016
2 0.527588 0.419434 0.0180664 0.0263672
2 0.481445 0.42334 0.0166016 0.0263672
2 0.463379 0.432617 0.00390625 0.0371094
2 0.456787 0.428223 0.0131836 0.0537109
2 0.425781 0.416992 0.0527344 0.0917969
2 0.409668 0.437988 0.0419922 0.0595703
2 0.359131 0.445801 0.0600586 0.106445
2 0.33374 0.459961 0.0610352 0.121094
2 0.287354 0.46875 0.0795898 0.148438
2 0.212402 0.488281 0.117188 0.193359
2 0.0900879 0.521484 0.174316 0.296875
2 0.599121 0.398438 0.0654297 0.0605469
2 0.626709 0.403809 0.0336914 0.0146484
2 0.649658 0.409668 0.0415039 0.0205078
2 0.648193 0.422363 0.0356445 0.0400391
2 0.671631 0.411621 0.0415039 0.0322266
