1 0.220947 0.394531 0.0444336 0.105469
1 0.590576 0.435547 0.00830078 0.0234375
1 0.562012 0.456543 0.0107422 0.0361328
1 0.691162 0.449707 0.00732422 0.0458984
1 0.685791 0.452148 0.00634766 0.0566406
1 0.679199 0.450684 0.00976562 0.0615234
1 0.763672 0.460938 0.0214844 0.140625
1 0.740479 0.460449 0.0258789 0.139648
1 0.277832 0.408691 0.0166016 0.0380859
1 0.26001 0.416504 0.0200195 0.0478516
1 0.374756 0.496094 0.0239258 0.150391
1 0.359619 0.467773 0.0375977 0.212891
2 0.620117 0.439941 0.0078125 0.00878906
2 0.630127 0.448242 0.019043 0.0332031
2 0.642578 0.453125 0.0205078 0.0292969
2 0.604004 0.464844 0.0439453 0.0644531
7 0.519043 0.461914 0.0292969 0.0390625
