1 0.294922 0.426758 0.00976562 0.0488281
1 0.524658 0.436523 0.012207 0.0878906
1 0.533447 0.439453 0.0161133 0.0800781
1 0.154297 0.430664 0.015625 0.0742188
1 0.166016 0.430664 0.0136719 0.0703125
1 0.0334473 0.427734 0.0180664 0.113281
1 0.0148926 0.438965 0.0239258 0.112305
5 0.496094 0.436523 0.0273438 0.103516
2 0.225098 0.419434 0.0146484 0.0166016
2 0.334229 0.437988 0.0268555 0.0400391
2 0.349854 0.439453 0.0268555 0.0429688
2 0.368652 0.440918 0.0292969 0.0498047
2 0.392334 0.442383 0.0375977 0.0546875
2 0.424805 0.446289 0.0400391 0.0605469
2 0.454346 0.44873 0.0541992 0.0654297
2 0.777588 0.535156 0.240723 0.314453
2 0.129395 0.425781 0.0283203 0.0585938
6 0.496826 0.470703 0.0297852 0.09375
7 0.296875 0.442383 0.00390625 0.0234375
7 0.512451 0.453613 0.0161133 0.0537109
