2 0.541992 0.400879 0.0195312 0.0400391
2 0.550537 0.403809 0.0249023 0.0380859
2 0.443604 0.374023 0.0151367 0.0175781
2 0.513672 0.39502 0.0175781 0.0302734
2 0.508545 0.408203 0.0258789 0.0390625
2 0.467285 0.398926 0.0253906 0.0458984
2 0.467529 0.410156 0.019043 0.0449219
2 0.444092 0.414551 0.0405273 0.0673828
2 0.441895 0.421875 0.03125 0.0625
2 0.435791 0.427734 0.0297852 0.0683594
2 0.412354 0.429199 0.034668 0.114258
2 0.373047 0.434082 0.0810547 0.145508
2 0.175293 0.444824 0.177734 0.241211
2 0.0876465 0.531738 0.169434 0.319336
