1 0.338867 0.414551 0.0419922 0.137695
1 0.339355 0.411621 0.0361328 0.151367
1 0.905762 0.379395 0.0253906 0.135742
1 0.921387 0.367676 0.0292969 0.0693359
2 0.437012 0.399414 0.0146484 0.0273438
2 0.285156 0.397461 0.0253906 0.046875
2 0.280273 0.410645 0.00976562 0.0634766
2 0.255859 0.408203 0.0498047 0.0839844
2 0.197266 0.419434 0.0605469 0.0947266
2 0.138916 0.426758 0.104004 0.0996094
2 0.0134277 0.447266 0.0209961 0.130859
2 0.604248 0.393066 0.0366211 0.0322266
2 0.633545 0.396973 0.0385742 0.0712891
2 0.689453 0.413086 0.108398 0.234375
2 0.88501 0.398926 0.019043 0.0732422
2 0.794189 0.457031 0.19873 0.279297
2 0.57666 0.397949 0.0195312 0.0498047
2 0.569092 0.396484 0.0288086 0.0957031
2 0.504639 0.463867 0.160645 0.294922
2 0.915039 0.549316 0.165039 0.467773
