1 0.504395 0.414551 0.00585938 0.0205078
1 0.586914 0.409668 0.0166016 0.0537109
1 0.64209 0.412109 0.0126953 0.046875
1 0.61792 0.409668 0.00927734 0.0478516
1 0.619629 0.412109 0.0136719 0.0429688
1 0.604004 0.411621 0.0136719 0.0478516
1 0.722168 0.40625 0.00878906 0.0507812
1 0.759521 0.404297 0.00537109 0.03125
1 0.769043 0.400879 0.00585938 0.0302734
1 0.775879 0.401367 0.00976562 0.03125
1 0.799316 0.39502 0.0107422 0.0498047
1 0.964355 0.363281 0.0185547 0.0351562
1 0.491699 0.416016 0.0146484 0.0449219
1 0.484863 0.413574 0.015625 0.0556641
1 0.470459 0.41748 0.00634766 0.0439453
1 0.465576 0.418457 0.00927734 0.0458984
1 0.459961 0.41748 0.0117188 0.0478516
1 0.454346 0.414551 0.0102539 0.0537109
1 0.447754 0.416016 0.0117188 0.0566406
1 0.424316 0.41748 0.0107422 0.0517578
1 0.431885 0.415039 0.00732422 0.0585938
1 0.246094 0.414551 0.00878906 0.0166016
1 0.137939 0.421387 0.00927734 0.0498047
1 0.14624 0.419922 0.00830078 0.0585938
1 0.161133 0.42627 0.0078125 0.0693359
1 0.152832 0.425293 0.0166016 0.0751953
1 0.167725 0.424805 0.0141602 0.0722656
2 0.524414 0.413086 0.00683594 0.0136719
2 0.581055 0.413574 0.00585938 0.0146484
2 0.614014 0.400391 0.00634766 0.0078125
2 0.625488 0.406738 0.00488281 0.0107422
2 0.639648 0.416992 0.0136719 0.0214844
2 0.64917 0.416504 0.00830078 0.0244141
2 0.612061 0.413574 0.00634766 0.0185547
2 0.792236 0.398438 0.0239258 0.0371094
2 0.679199 0.421387 0.0625 0.102539
2 0.102051 0.45752 0.0859375 0.112305
2 0.0356445 0.472656 0.0654297 0.136719
4 0.736084 0.392578 0.0717773 0.0527344
4 0.347412 0.397949 0.148926 0.120117
7 0.265137 0.441895 0.0107422 0.0380859
7 0.248047 0.442871 0.0126953 0.0361328
7 0.222656 0.438477 0.0351562 0.0527344
