1 0.274658 0.414062 0.00439453 0.0253906
1 0.245605 0.400879 0.00292969 0.00878906
1 0.248047 0.411133 0.00976562 0.0214844
1 0.223633 0.397949 0.00390625 0.0107422
1 0.680664 0.391602 0.0126953 0.0761719
1 0.737061 0.400879 0.0141602 0.0947266
5 0.694092 0.404297 0.0327148 0.0996094
2 0.575195 0.397949 0.00976562 0.0185547
2 0.572021 0.405762 0.00341797 0.0205078
2 0.538818 0.400391 0.00341797 0.0175781
2 0.552979 0.408691 0.0239258 0.0341797
2 0.46167 0.40332 0.0200195 0.0449219
2 0.401123 0.404785 0.012207 0.0439453
2 0.386475 0.410645 0.0336914 0.0498047
2 0.429199 0.40918 0.0488281 0.0820312
2 0.346436 0.421387 0.0356445 0.0478516
2 0.297852 0.429199 0.0439453 0.0537109
2 0.232666 0.437988 0.0493164 0.0693359
2 0.102539 0.424316 0.0224609 0.0322266
2 0.168701 0.445801 0.112793 0.139648
2 0.0695801 0.50293 0.133301 0.277344
2 0.522217 0.395996 0.019043 0.0341797
2 0.501953 0.394043 0.0244141 0.0478516
2 0.486084 0.40625 0.019043 0.0292969
2 0.468018 0.411133 0.027832 0.0390625
4 0.554932 0.38916 0.0307617 0.0634766
7 0.694336 0.429688 0.0136719 0.0644531
