1 0.653809 0.436523 0.0322266 0.175781
1 0.678711 0.427246 0.0478516 0.194336
1 0.92041 0.394043 0.0390625 0.163086
1 0.450928 0.40332 0.00732422 0.0234375
1 0.437012 0.400879 0.00683594 0.0224609
5 0.322998 0.427246 0.0170898 0.0849609
5 0.616211 0.40625 0.00488281 0.0429688
5 0.62085 0.40918 0.0102539 0.0546875
5 0.633057 0.406738 0.0209961 0.0771484
5 0.66626 0.382324 0.0151367 0.0947266
2 0.374023 0.45459 0.09375 0.155273
2 0.604248 0.402832 0.00927734 0.0146484
2 0.593262 0.404297 0.0146484 0.0214844
2 0.572266 0.41748 0.0292969 0.0341797
2 0.503418 0.466309 0.123047 0.192383
2 0.612305 0.404785 0.00292969 0.00878906
7 0.322266 0.446777 0.0175781 0.0517578
7 0.750244 0.412598 0.0141602 0.0615234
7 0.764893 0.411133 0.0209961 0.0625
7 0.616211 0.418945 0.00195312 0.0195312
7 0.618408 0.427246 0.00244141 0.0126953
7 0.623535 0.426758 0.00585938 0.0351562
7 0.632568 0.444336 0.0102539 0.0507812
7 0.666504 0.464844 0.0117188 0.0742188
