1 0.135498 0.352051 0.00732422 0.0458984
1 0.141357 0.353516 0.0131836 0.046875
1 0.126221 0.348633 0.0180664 0.0507812
1 0.0930176 0.347656 0.0112305 0.0429688
1 0.0732422 0.337402 0.0146484 0.0556641
1 0.253906 0.390137 0.00390625 0.0224609
1 0.210449 0.378906 0.0078125 0.09375
1 0.237061 0.368164 0.00634766 0.0683594
1 0.257568 0.386719 0.00439453 0.0273438
1 0.233154 0.345215 0.00634766 0.0302734
1 0.244873 0.383789 0.0229492 0.123047
1 0.227783 0.357422 0.0297852 0.0898438
1 0.261719 0.387695 0.00488281 0.0292969
1 0.385742 0.383301 0.0078125 0.0244141
1 0.333496 0.385742 0.00878906 0.0292969
1 0.339355 0.382324 0.00683594 0.0224609
1 0.354004 0.37207 0.00292969 0.00976562
1 0.352295 0.385254 0.00439453 0.0283203
1 0.355713 0.38916 0.00634766 0.0361328
1 0.348633 0.379395 0.00585938 0.0283203
1 0.369385 0.392578 0.00732422 0.0390625
1 0.401367 0.390625 0.00976562 0.046875
1 0.557373 0.371094 0.00146484 0.00390625
1 0.566406 0.39502 0.00488281 0.0712891
1 0.561523 0.378906 0.00878906 0.0292969
1 0.553711 0.396973 0.0117188 0.0810547
1 0.586182 0.394043 0.012207 0.0732422
1 0.575195 0.396484 0.0185547 0.0917969
1 0.608398 0.398438 0.0107422 0.0761719
1 0.600098 0.397949 0.0185547 0.100586
1 0.625244 0.397461 0.0112305 0.078125
1 0.637451 0.395996 0.0258789 0.125977
1 0.668213 0.373535 0.0141602 0.0478516
1 0.656738 0.39502 0.015625 0.120117
1 0.688477 0.397949 0.0195312 0.0986328
1 0.744873 0.375977 0.012207 0.0585938
1 0.935059 0.367676 0.00878906 0.0185547
1 0.946289 0.379395 0.0078125 0.0810547
1 0.829102 0.402832 0.00878906 0.114258
1 0.910156 0.406738 0.03125 0.124023
1 0.755127 0.412109 0.0405273 0.160156
5 0.490234 0.363281 0.0400391 0.0410156
2 0.470215 0.437012 0.133789 0.188477
8 0.0649414 0.318359 0.0351562 0.0957031
7 0.296631 0.395996 0.0112305 0.0244141
7 0.344238 0.40332 0.0214844 0.0253906
7 0.409668 0.411621 0.00976562 0.0205078
7 0.755371 0.437988 0.00292969 0.0224609
7 0.82373 0.426758 0.0253906 0.0644531
7 0.871338 0.42334 0.0571289 0.0712891
7 0.915283 0.478516 0.0688477 0.146484
