1 0.412354 0.432129 0.0170898 0.0732422
1 0.370605 0.464355 0.0380859 0.194336
2 0.504883 0.443848 0.0078125 0.00878906
2 0.493652 0.44043 0.015625 0.0253906
2 0.523193 0.442383 0.0288086 0.0371094
2 0.457764 0.460938 0.0649414 0.105469
2 0.591797 0.447754 0.0400391 0.0849609
2 0.599609 0.459961 0.0166016 0.0683594
2 0.646484 0.455566 0.0898438 0.166992
2 0.752686 0.472168 0.230957 0.219727
2 0.803223 0.546387 0.19043 0.297852
2 0.921631 0.507324 0.151855 0.483398
2 0.395508 0.445801 0.0136719 0.0576172
2 0.394775 0.455078 0.0141602 0.03125
2 0.334717 0.440918 0.111816 0.0908203
2 0.300537 0.449219 0.0708008 0.105469
2 0.229492 0.438965 0.195312 0.174805
2 0.185059 0.448242 0.212891 0.195312
2 0.111572 0.461426 0.217285 0.276367
2 0.0576172 0.473633 0.109375 0.324219
