1 0.611816 0.436523 0.0185547 0.0820312
1 0.62793 0.439453 0.0166016 0.0703125
2 0.355469 0.447754 0.0253906 0.0927734
2 0.317139 0.448242 0.0678711 0.115234
2 0.26416 0.467773 0.0703125 0.150391
2 0.247314 0.489258 0.0229492 0.0625
2 0.179443 0.475098 0.117676 0.249023
2 0.0859375 0.51709 0.166016 0.34082
2 0.503174 0.440918 0.0307617 0.0439453
2 0.533203 0.44043 0.0195312 0.0488281
2 0.542725 0.442383 0.0288086 0.0527344
2 0.578613 0.456055 0.0605469 0.0898438
2 0.679932 0.485352 0.0922852 0.181641
2 0.776367 0.509277 0.195312 0.249023
2 0.944824 0.585938 0.105469 0.359375
4 0.415039 0.411621 0.0410156 0.0595703
6 0.365723 0.435059 0.0166016 0.0771484
7 0.426514 0.445312 0.00830078 0.0234375
7 0.844482 0.527832 0.156738 0.188477
7 0.949219 0.458496 0.0517578 0.0556641
