1 0.45874 0.386719 0.0170898 0.0976562
1 0.592529 0.388672 0.0170898 0.0605469
1 0.608154 0.447266 0.0424805 0.208984
5 0.553711 0.45459 0.0410156 0.211914
5 0.600098 0.451172 0.0126953 0.0546875
5 0.596924 0.45166 0.0336914 0.0732422
5 0.805664 0.419434 0.015625 0.0576172
2 0.387939 0.391113 0.0629883 0.0654297
2 0.429688 0.397949 0.0449219 0.0595703
2 0.331055 0.395996 0.0566406 0.0791016
2 0.691895 0.414062 0.0429688 0.0585938
2 0.645264 0.411133 0.0522461 0.0664062
2 0.525391 0.381836 0.125 0.103516
2 0.448975 0.409668 0.00634766 0.0380859
2 0.946777 0.431152 0.00585938 0.0107422
7 0.693848 0.440918 0.0234375 0.0615234
7 0.657715 0.441406 0.0263672 0.0703125
7 0.628174 0.446777 0.0151367 0.0556641
7 0.575684 0.462402 0.0078125 0.0244141
7 0.470459 0.436523 0.0444336 0.101562
7 0.584229 0.493164 0.137207 0.169922
7 0.805908 0.444336 0.0161133 0.0410156
