1 0.483887 0.408691 0.00488281 0.0224609
1 0.488037 0.410645 0.00341797 0.0205078
1 0.644775 0.407715 0.0200195 0.104492
1 0.247803 0.419434 0.0366211 0.163086
1 0.046875 0.440918 0.0625 0.239258
2 0.534668 0.411133 0.0146484 0.0449219
2 0.543701 0.411621 0.0209961 0.0517578
2 0.559082 0.415527 0.0234375 0.0751953
2 0.583496 0.415527 0.0527344 0.0908203
2 0.595459 0.433594 0.0649414 0.0898438
2 0.698975 0.444824 0.103027 0.188477
2 0.813965 0.475586 0.234375 0.269531
2 0.459961 0.405762 0.0136719 0.0400391
2 0.455566 0.411621 0.0078125 0.0400391
2 0.446533 0.40918 0.0200195 0.046875
2 0.438477 0.414062 0.0263672 0.0488281
2 0.423828 0.419434 0.0175781 0.0712891
2 0.402344 0.421387 0.0439453 0.0908203
2 0.3479 0.436523 0.0991211 0.144531
