1 0.425049 0.43457 0.012207 0.0390625
1 0.46167 0.429199 0.012207 0.0615234
1 0.354736 0.439453 0.0239258 0.134766
1 0.325195 0.463379 0.0224609 0.0888672
1 0.30542 0.428223 0.027832 0.15918
1 0.2771 0.439941 0.034668 0.176758
1 0.225586 0.443359 0.0390625 0.199219
1 0.0446777 0.503418 0.0834961 0.424805
1 0.585938 0.418457 0.00585938 0.0341797
1 0.591797 0.416992 0.0078125 0.0371094
5 0.578613 0.427734 0.0146484 0.0585938
2 0.544922 0.419922 0.0078125 0.0273438
2 0.556885 0.433105 0.0307617 0.0576172
2 0.667236 0.444336 0.059082 0.0507812
2 0.773926 0.523926 0.208984 0.288086
2 0.898682 0.663086 0.197754 0.664062
2 0.48999 0.433594 0.0317383 0.0449219
7 0.578125 0.449219 0.00390625 0.03125
