1 0.586182 0.384277 0.00830078 0.0439453
1 0.593018 0.382812 0.00732422 0.0429688
1 0.60498 0.384766 0.00585938 0.0449219
1 0.599365 0.384766 0.00927734 0.0546875
1 0.611816 0.382324 0.00878906 0.0537109
1 0.645508 0.356445 0.00390625 0.0078125
1 0.641846 0.366211 0.00732422 0.0351562
1 0.641602 0.402344 0.00390625 0.03125
1 0.633545 0.387695 0.019043 0.0820312
1 0.649902 0.382324 0.00976562 0.0751953
1 0.655518 0.381836 0.0131836 0.0898438
1 0.695557 0.362793 0.00927734 0.0322266
1 0.794922 0.344727 0.0224609 0.0390625
1 0.722412 0.38623 0.0141602 0.110352
1 0.710693 0.393066 0.0307617 0.12207
1 0.734863 0.39502 0.0244141 0.110352
1 0.777588 0.380859 0.0161133 0.111328
1 0.762939 0.38623 0.0239258 0.108398
1 0.864502 0.385254 0.0336914 0.15918
1 0.83667 0.386719 0.034668 0.160156
1 0.882324 0.402832 0.00585938 0.0126953
1 0.895508 0.388672 0.0361328 0.160156
1 0.932129 0.375488 0.0380859 0.178711
1 0.221436 0.400879 0.00537109 0.0107422
1 0.286133 0.402344 0.00683594 0.0292969
2 0.453369 0.39502 0.0239258 0.0478516
2 0.481201 0.405762 0.0307617 0.0458984
2 0.506104 0.398926 0.00537109 0.0283203
2 0.51416 0.396973 0.0136719 0.0478516
2 0.529053 0.397461 0.0307617 0.0546875
2 0.553955 0.40625 0.0454102 0.0664062
2 0.363525 0.397949 0.0229492 0.0185547
2 0.315674 0.400879 0.034668 0.0322266
2 0.23584 0.396484 0.0283203 0.0234375
2 0.125244 0.405762 0.090332 0.0595703
2 0.421143 0.40625 0.0424805 0.0703125
