1 0.404541 0.439941 0.00732422 0.0400391
1 0.299072 0.446777 0.00732422 0.0185547
1 0.283203 0.454102 0.0107422 0.0332031
1 0.103027 0.477539 0.0292969 0.132812
1 0.569336 0.423828 0.0107422 0.0273438
1 0.69873 0.433105 0.0214844 0.0771484
1 0.764893 0.412109 0.0112305 0.0390625
1 0.674805 0.441406 0.0224609 0.117188
1 0.791016 0.428223 0.0175781 0.124023
5 0.443115 0.453125 0.0356445 0.119141
2 0.493164 0.443848 0.0214844 0.0166016
2 0.468018 0.437012 0.0151367 0.0380859
2 0.462646 0.443848 0.0112305 0.0361328
2 0.45752 0.45459 0.00878906 0.0244141
2 0.422852 0.451172 0.0390625 0.0585938
2 0.22876 0.470215 0.0883789 0.0712891
2 0.583984 0.442871 0.0566406 0.0830078
2 0.754639 0.445801 0.0610352 0.0654297
2 0.975586 0.428711 0.0439453 0.09375
2 0.640869 0.450195 0.081543 0.134766
