1 0.317383 0.324219 0.0107422 0.0761719
1 0.105469 0.314941 0.0205078 0.110352
5 0.026123 0.31543 0.0463867 0.113281
5 0.0373535 0.508301 0.0688477 0.358398
5 0.556885 0.484863 0.0864258 0.25293
5 0.819824 0.535645 0.0185547 0.0244141
5 0.859375 0.495117 0.0742188 0.265625
2 0.345215 0.333496 0.0371094 0.0478516
2 0.399414 0.342773 0.0517578 0.0800781
2 0.944092 0.386719 0.106934 0.111328
2 0.230957 0.332031 0.03125 0.0742188
2 0.196533 0.335449 0.0678711 0.0830078
7 0.0686035 0.579102 0.131348 0.273438
7 0.551025 0.568848 0.181152 0.260742
7 0.849365 0.541504 0.147949 0.229492
