1 0.419189 0.423828 0.00830078 0.0175781
1 0.139404 0.425293 0.00537109 0.0244141
5 0.801514 0.400879 0.0405273 0.157227
2 0.222656 0.428711 0.00292969 0.00390625
2 0.236816 0.430664 0.00488281 0.0078125
2 0.207275 0.433105 0.00439453 0.0146484
2 0.2146 0.435059 0.0131836 0.0205078
2 0.198486 0.437988 0.0180664 0.0341797
2 0.155762 0.43457 0.0126953 0.0253906
2 0.169678 0.435059 0.0180664 0.0263672
2 0.131836 0.442383 0.0107422 0.0371094
2 0.0510254 0.448242 0.0297852 0.0488281
2 0.110107 0.442383 0.0385742 0.0585938
2 0.0769043 0.450684 0.0561523 0.0576172
2 0.0236816 0.449219 0.0415039 0.0585938
2 0.22876 0.4375 0.0170898 0.0214844
4 0.192871 0.412109 0.0244141 0.0292969
7 0.724365 0.439941 0.0805664 0.118164
7 0.807129 0.467773 0.114258 0.126953
