1 0.410889 0.39502 0.00439453 0.00878906
1 0.176025 0.45166 0.0112305 0.0830078
1 0.116455 0.401367 0.00732422 0.0117188
1 0.0771484 0.398438 0.0166016 0.0410156
1 0.0332031 0.383301 0.0107422 0.0185547
1 0.713135 0.399902 0.0141602 0.0673828
2 0.45459 0.410156 0.0126953 0.00976562
2 0.40918 0.421875 0.0410156 0.0449219
2 0.364502 0.427734 0.050293 0.0664062
2 0.316162 0.424316 0.0161133 0.0283203
2 0.224121 0.432617 0.0449219 0.0878906
2 0.175781 0.409668 0.0214844 0.0146484
2 0.198486 0.445312 0.0610352 0.0839844
2 0.14209 0.452637 0.0732422 0.100586
2 0.277588 0.445801 0.081543 0.102539
2 0.510986 0.407715 0.0131836 0.0205078
2 0.483643 0.417969 0.0385742 0.0585938
2 0.524902 0.415527 0.0107422 0.0478516
2 0.540283 0.412598 0.0327148 0.0654297
2 0.555664 0.415039 0.0429688 0.0683594
2 0.642822 0.410645 0.0454102 0.0615234
2 0.0368652 0.46582 0.0678711 0.160156
