1 0.594482 0.394043 0.0112305 0.0322266
5 0.537354 0.413574 0.00830078 0.0361328
2 0.588379 0.40332 0.00878906 0.015625
2 0.57666 0.396484 0.015625 0.015625
2 0.555664 0.412109 0.00390625 0.0214844
2 0.546143 0.408203 0.0161133 0.0332031
2 0.558105 0.416016 0.0078125 0.0390625
2 0.560547 0.415527 0.00878906 0.0400391
2 0.573486 0.416992 0.0268555 0.0429688
2 0.536133 0.416016 0.00878906 0.0136719
2 0.601318 0.428711 0.0327148 0.0800781
2 0.631836 0.425293 0.0566406 0.0908203
2 0.639648 0.444336 0.0634766 0.123047
2 0.679688 0.456055 0.0595703 0.167969
2 0.736328 0.478027 0.129883 0.223633
2 0.865234 0.534668 0.264648 0.350586
2 0.476318 0.428223 0.0170898 0.0595703
2 0.468506 0.427246 0.019043 0.0673828
2 0.460449 0.432617 0.0263672 0.0820312
2 0.433838 0.431152 0.0483398 0.106445
2 0.430176 0.446289 0.0322266 0.101562
2 0.4021 0.440918 0.0551758 0.143555
2 0.355957 0.45166 0.0976562 0.170898
2 0.305664 0.485352 0.104492 0.214844
2 0.152832 0.499512 0.299805 0.391602
2 0.046875 0.654785 0.0878906 0.356445
7 0.537354 0.421875 0.00537109 0.0234375
