1 0.271973 0.44873 0.00488281 0.0478516
1 0.229736 0.447266 0.012207 0.0644531
1 0.236084 0.451172 0.00830078 0.0625
1 0.255127 0.450195 0.0112305 0.0625
1 0.265625 0.449219 0.00976562 0.0625
1 0.247803 0.432129 0.00634766 0.0166016
1 0.29541 0.453613 0.00683594 0.0576172
1 0.302734 0.44873 0.0126953 0.0673828
1 0.398438 0.446777 0.015625 0.0888672
1 0.387207 0.447266 0.0146484 0.0839844
1 0.550781 0.44873 0.0078125 0.104492
1 0.540527 0.453125 0.0244141 0.134766
1 0.573975 0.437012 0.0249023 0.166992
1 0.594971 0.445801 0.027832 0.157227
1 0.663574 0.439941 0.0292969 0.166992
1 0.64209 0.442383 0.0341797 0.166016
1 0.954102 0.441895 0.0410156 0.245117
1 0.500732 0.445801 0.0288086 0.15918
1 0.473633 0.441406 0.0214844 0.152344
1 0.438721 0.444336 0.0297852 0.148438
2 0.206543 0.442383 0.0478516 0.0625
7 0.128906 0.509766 0.109375 0.128906
7 0.0251465 0.48291 0.0444336 0.125977
7 0.0236816 0.496582 0.0415039 0.15332
7 0.749756 0.47168 0.0356445 0.125
7 0.822998 0.54541 0.0629883 0.229492
7 0.969971 0.592773 0.0551758 0.236328
