1 0.584717 0.413574 0.00732422 0.0302734
1 0.577881 0.410156 0.00732422 0.03125
1 0.649414 0.420898 0.0136719 0.0800781
1 0.69165 0.416992 0.0131836 0.0683594
1 0.883057 0.413574 0.0112305 0.118164
1 0.85498 0.405273 0.015625 0.123047
1 0.833984 0.410645 0.0195312 0.135742
1 0.872559 0.416504 0.0273438 0.139648
5 0.782471 0.413574 0.00732422 0.0966797
5 0.772949 0.400879 0.0253906 0.0810547
5 0.819824 0.400391 0.0273438 0.111328
2 0.384766 0.423828 0.015625 0.03125
2 0.165283 0.431152 0.0356445 0.0224609
2 0.480957 0.418457 0.0195312 0.0263672
2 0.336914 0.435059 0.0527344 0.0869141
2 0.237793 0.436035 0.0634766 0.0849609
2 0.300781 0.443848 0.0751953 0.0947266
7 0.66333 0.436523 0.00830078 0.03125
7 0.772949 0.453613 0.0166016 0.0615234
7 0.764404 0.404297 0.0131836 0.00585938
7 0.81958 0.450684 0.0268555 0.0947266
7 0.904541 0.435547 0.0385742 0.0820312
7 0.728271 0.425293 0.0180664 0.0439453
