1 0.922119 0.447266 0.0610352 0.236328
1 0.986572 0.455566 0.0219727 0.217773
1 0.712891 0.44873 0.0117188 0.0830078
1 0.457275 0.433594 0.0112305 0.0488281
1 0.49292 0.434082 0.00830078 0.0498047
1 0.748047 0.446777 0.0185547 0.0908203
2 0.411865 0.438965 0.0141602 0.00488281
2 0.498779 0.418457 0.0395508 0.0419922
2 0.453857 0.421387 0.0483398 0.0439453
2 0.5979 0.46582 0.0727539 0.115234
2 0.519287 0.444336 0.0551758 0.0761719
2 0.557617 0.417969 0.0341797 0.0371094
2 0.309326 0.435547 0.0102539 0.0585938
2 0.598633 0.395508 0.0371094 0.0390625
8 0.154053 0.411621 0.302246 0.149414
