1 0.537598 0.432617 0.00488281 0.0234375
1 0.732422 0.411133 0.0078125 0.00976562
2 0.509277 0.432129 0.0117188 0.0205078
2 0.504883 0.4375 0.00488281 0.0136719
2 0.499023 0.437988 0.00976562 0.0263672
2 0.491211 0.437012 0.0146484 0.0302734
2 0.490967 0.447266 0.00927734 0.0253906
2 0.48584 0.440918 0.0107422 0.0400391
2 0.531738 0.432617 0.0078125 0.015625
2 0.558594 0.43457 0.0166016 0.0351562
2 0.589844 0.447266 0.0292969 0.0605469
2 0.593994 0.45166 0.0288086 0.0595703
2 0.602539 0.455566 0.0175781 0.0654297
2 0.626221 0.460938 0.0512695 0.0839844
2 0.677002 0.462891 0.074707 0.134766
2 0.479004 0.442383 0.0117188 0.0449219
2 0.470459 0.445801 0.0200195 0.0517578
2 0.468506 0.450195 0.0170898 0.0527344
2 0.435059 0.446289 0.0556641 0.0761719
2 0.443115 0.449219 0.0336914 0.0488281
2 0.447021 0.463867 0.0141602 0.0507812
2 0.435547 0.461426 0.0234375 0.0712891
2 0.416016 0.465332 0.0410156 0.0869141
2 0.408447 0.48291 0.0307617 0.0693359
2 0.343262 0.467773 0.128906 0.160156
2 0.323486 0.491211 0.074707 0.144531
2 0.206299 0.503418 0.20752 0.249023
2 0.149902 0.538574 0.0712891 0.223633
2 0.0803223 0.552246 0.154785 0.299805
2 0.0380859 0.588379 0.0703125 0.366211
2 0.705811 0.48877 0.0727539 0.147461
2 0.793701 0.495605 0.151855 0.243164
2 0.902344 0.55127 0.19043 0.356445
