1 0.487061 0.45459 0.00732422 0.0400391
1 0.481689 0.468262 0.0141602 0.0556641
2 0.608154 0.458008 0.00634766 0.0273438
2 0.57251 0.457031 0.0493164 0.0292969
2 0.522461 0.459473 0.0351562 0.0244141
2 0.304688 0.470215 0.0380859 0.0810547
2 0.460205 0.485352 0.0327148 0.0742188
2 0.411865 0.495117 0.0825195 0.152344
2 0.35791 0.519043 0.126953 0.196289
2 0.0895996 0.658691 0.17334 0.581055
3 0.319092 0.410645 0.0581055 0.0634766
4 0.450684 0.444336 0.132812 0.0625
7 0.655762 0.481934 0.0126953 0.0498047
7 0.662354 0.485352 0.0131836 0.0546875
