1 0.13208 0.405762 0.0200195 0.0517578
1 0.48999 0.425781 0.00830078 0.0546875
1 0.500732 0.450195 0.0170898 0.0664062
1 0.534912 0.429688 0.012207 0.0761719
1 0.542725 0.433594 0.0112305 0.0742188
1 0.517578 0.430176 0.0253906 0.106445
1 0.647705 0.45166 0.0454102 0.19043
1 0.679199 0.459473 0.0332031 0.182617
1 0.85083 0.447266 0.0200195 0.132812
1 0.864014 0.441895 0.0258789 0.135742
1 0.962402 0.442871 0.0195312 0.165039
1 0.955811 0.447754 0.0258789 0.15332
1 0.439697 0.452148 0.0307617 0.15625
2 0.233643 0.431152 0.0493164 0.0927734
2 0.285645 0.469238 0.105469 0.15332
8 0.417236 0.341797 0.138184 0.316406
7 0.871094 0.473633 0.0332031 0.121094
7 0.910645 0.488281 0.0849609 0.115234
