1 0.437988 0.354004 0.00683594 0.0517578
1 0.010498 0.206543 0.0151367 0.143555
1 0.226318 0.48877 0.17334 0.741211
1 0.489014 0.520996 0.163574 0.661133
1 0.352783 0.529785 0.219238 0.887695
1 0.73584 0.486816 0.117188 0.682617
1 0.689453 0.516113 0.180664 0.749023
2 0.0917969 0.379883 0.0546875 0.0410156
2 0.288818 0.369629 0.0161133 0.0185547
2 0.272461 0.368652 0.0185547 0.0205078
2 0.501465 0.352051 0.00683594 0.0322266
2 0.407959 0.388672 0.0532227 0.105469
3 0.430908 0.338379 0.0375977 0.0634766
