1 0.378662 0.452637 0.034668 0.137695
1 0.224365 0.38916 0.0522461 0.112305
1 0.0610352 0.531738 0.110352 0.56543
1 0.776611 0.381836 0.019043 0.0292969
1 0.623291 0.486816 0.050293 0.280273
1 0.569824 0.496582 0.0498047 0.266602
1 0.514404 0.446289 0.0200195 0.107422
2 0.0510254 0.502441 0.0961914 0.299805
2 0.346436 0.443359 0.043457 0.148438
2 0.390625 0.417969 0.00683594 0.00976562
2 0.400635 0.432617 0.0229492 0.0410156
2 0.291504 0.464355 0.111328 0.163086
2 0.205566 0.458984 0.183594 0.191406
2 0.17627 0.502441 0.163086 0.266602
7 0.728027 0.495117 0.0761719 0.115234
