1 0.716797 0.384277 0.0175781 0.0517578
1 0.739502 0.367188 0.00830078 0.0136719
1 0.494629 0.395996 0.00390625 0.0244141
1 0.483154 0.408203 0.00634766 0.0371094
1 0.477051 0.409668 0.00683594 0.0341797
1 0.461426 0.411621 0.0078125 0.0400391
1 0.386475 0.414551 0.0112305 0.0654297
1 0.466553 0.407715 0.00341797 0.0263672
1 0.430664 0.410156 0.00585938 0.0351562
2 0.568848 0.410156 0.0332031 0.0585938
2 0.541016 0.42627 0.0458984 0.0712891
2 0.598389 0.405273 0.00830078 0.0234375
2 0.598877 0.429199 0.00927734 0.0556641
2 0.624023 0.418457 0.0478516 0.0966797
2 0.633545 0.431152 0.027832 0.0908203
2 0.670654 0.429199 0.074707 0.112305
2 0.768799 0.471191 0.16748 0.202148
2 0.920898 0.495117 0.15332 0.574219
8 0.522705 0.385254 0.0297852 0.0361328
7 0.677246 0.444336 0.0458984 0.0839844
