1 0.523438 0.407715 0.00683594 0.0244141
1 0.559326 0.423828 0.00732422 0.0546875
1 0.553223 0.430176 0.0126953 0.0595703
1 0.656494 0.443848 0.027832 0.168945
1 0.680664 0.450195 0.0292969 0.160156
1 0.715088 0.450195 0.0336914 0.152344
1 0.769775 0.469238 0.0141602 0.0712891
1 0.763672 0.402344 0.0185547 0.105469
1 0.754639 0.444824 0.0258789 0.166992
1 0.786621 0.442871 0.0214844 0.165039
1 0.808594 0.430176 0.0292969 0.166992
1 0.0888672 0.463867 0.015625 0.0742188
1 0.587891 0.444336 0.0175781 0.0683594
2 0.391846 0.416016 0.0102539 0.0136719
2 0.400146 0.414551 0.0112305 0.0107422
2 0.412109 0.415039 0.0136719 0.0175781
2 0.452393 0.421387 0.0161133 0.0263672
2 0.225342 0.535156 0.29248 0.330078
2 0.0263672 0.511719 0.046875 0.185547
2 0.472168 0.431641 0.0253906 0.0429688
