5 0.607666 0.411621 0.0463867 0.262695
2 0.47876 0.378418 0.00732422 0.0107422
2 0.467285 0.391602 0.00585938 0.015625
2 0.460938 0.39209 0.0107422 0.0224609
2 0.448975 0.392578 0.019043 0.0273438
2 0.442139 0.396973 0.00634766 0.0244141
2 0.42749 0.383301 0.0249023 0.0576172
2 0.416016 0.397949 0.0117188 0.0302734
2 0.410645 0.399414 0.00878906 0.0332031
2 0.405518 0.399414 0.00634766 0.0351562
2 0.395508 0.387207 0.00292969 0.0166016
2 0.384766 0.398926 0.0234375 0.0439453
2 0.374023 0.402344 0.0341797 0.0449219
2 0.28833 0.42627 0.0522461 0.0947266
2 0.245605 0.432617 0.108398 0.109375
2 0.173096 0.442383 0.199707 0.146484
2 0.188232 0.488281 0.0483398 0.0917969
2 0.126953 0.46875 0.138672 0.179688
2 0.0576172 0.480469 0.109375 0.220703
2 0.0253906 0.500977 0.0449219 0.224609
2 0.522461 0.430664 0.108398 0.164062
2 0.677002 0.42334 0.100098 0.147461
2 0.738281 0.441406 0.144531 0.189453
2 0.834229 0.453125 0.219238 0.222656
2 0.909424 0.54834 0.17627 0.415039
6 0.320312 0.39209 0.0263672 0.0205078
7 0.397461 0.410645 0.0107422 0.0302734
7 0.61084 0.496094 0.03125 0.144531
