1 0.797119 0.44873 0.0375977 0.170898
1 0.842285 0.431152 0.0449219 0.204102
2 0.538574 0.450195 0.0234375 0.0332031
2 0.455811 0.459473 0.00830078 0.0224609
2 0.446533 0.453125 0.019043 0.0351562
2 0.397461 0.447754 0.0205078 0.0185547
2 0.423096 0.452637 0.0317383 0.0439453
2 0.410889 0.45752 0.0454102 0.0380859
2 0.348633 0.466309 0.0214844 0.0615234
2 0.342773 0.475586 0.0166016 0.0488281
2 0.33374 0.46582 0.0268555 0.078125
2 0.314453 0.467285 0.0332031 0.0830078
2 0.22876 0.45459 0.199707 0.147461
2 0.188477 0.477539 0.103516 0.121094
2 0.179199 0.491211 0.0849609 0.115234
2 0.123291 0.492676 0.0981445 0.151367
2 0.0598145 0.520508 0.11377 0.132812
2 0.0314941 0.541504 0.0571289 0.143555
7 0.607422 0.452148 0.0322266 0.0605469
