5 0.38208 0.435059 0.0141602 0.0791016
5 0.366699 0.438477 0.0185547 0.0820312
2 0.33667 0.447266 0.0385742 0.078125
2 0.29126 0.450195 0.0629883 0.109375
2 0.254883 0.464844 0.0517578 0.113281
2 0.181396 0.46875 0.120605 0.146484
2 0.456543 0.424316 0.0175781 0.0263672
2 0.58667 0.410645 0.019043 0.0146484
2 0.612793 0.404297 0.0205078 0.00585938
2 0.630371 0.395508 0.0117188 0.015625
2 0.629639 0.407715 0.0141602 0.0107422
2 0.668945 0.400391 0.0683594 0.0273438
2 0.694336 0.422363 0.0400391 0.0439453
2 0.583496 0.440918 0.0273438 0.0693359
2 0.605713 0.446289 0.0444336 0.0820312
2 0.64917 0.458984 0.0786133 0.101562
2 0.754639 0.481934 0.131348 0.208008
2 0.465576 0.431152 0.00732422 0.0322266
2 0.0539551 0.507324 0.102051 0.229492
7 0.381348 0.462891 0.0117188 0.0488281
7 0.366943 0.467773 0.0141602 0.0566406
