1 0.764404 0.41748 0.00244141 0.0107422
1 0.73584 0.424316 0.00683594 0.0322266
1 0.613525 0.403809 0.00634766 0.0166016
1 0.467773 0.369629 0.0117188 0.0166016
1 0.650391 0.422852 0.0117188 0.0546875
1 0.641357 0.419434 0.0102539 0.0615234
1 0.270508 0.425293 0.0292969 0.172852
2 0.791748 0.428711 0.0258789 0.0292969
2 0.750488 0.426758 0.0302734 0.03125
2 0.71582 0.419434 0.0341797 0.0419922
2 0.67749 0.417969 0.019043 0.0449219
2 0.598633 0.414551 0.0263672 0.0478516
2 0.584717 0.41748 0.0473633 0.0517578
2 0.469727 0.42334 0.0371094 0.0947266
2 0.41748 0.42334 0.0771484 0.124023
2 0.336182 0.430664 0.11377 0.154297
2 0.19458 0.414062 0.195801 0.259766
2 0.512695 0.435059 0.104492 0.133789
2 0.906006 0.442383 0.0424805 0.0878906
2 0.93042 0.415527 0.00439453 0.0244141
2 0.949219 0.450684 0.0644531 0.104492
2 0.974609 0.460449 0.0458984 0.124023
