1 0.894043 0.34375 0.015625 0.0234375
5 0.555664 0.387695 0.0107422 0.015625
5 0.980469 0.37207 0.0273438 0.0976562
2 0.747559 0.382324 0.209961 0.233398
2 0.746582 0.44043 0.0742188 0.144531
2 0.874023 0.438965 0.226562 0.176758
2 0.408936 0.410156 0.0268555 0.0585938
2 0.404053 0.417969 0.0141602 0.0585938
2 0.39624 0.421387 0.0249023 0.0791016
2 0.123291 0.396973 0.0161133 0.0537109
2 0.384033 0.427734 0.0297852 0.0878906
2 0.375977 0.442383 0.015625 0.0957031
2 0.0673828 0.395996 0.128906 0.112305
2 0.47168 0.374512 0.0488281 0.0498047
2 0.487793 0.437012 0.106445 0.178711
2 0.0942383 0.584961 0.182617 0.462891
3 0.413818 0.369629 0.0473633 0.116211
3 0.253418 0.37207 0.260742 0.390625
6 0.637451 0.418945 0.0170898 0.0449219
7 0.549072 0.40918 0.0102539 0.015625
7 0.625488 0.412598 0.0205078 0.0537109
7 0.982422 0.412109 0.0302734 0.0566406
7 0.988525 0.473145 0.0180664 0.0751953
