2 0.574951 0.422363 0.027832 0.0615234
2 0.600586 0.435547 0.0380859 0.0683594
2 0.608398 0.446777 0.0322266 0.0693359
2 0.622803 0.455566 0.0288086 0.0810547
2 0.649658 0.461914 0.0639648 0.0976562
2 0.713135 0.484863 0.105957 0.155273
2 0.829102 0.518066 0.176758 0.258789
2 0.915039 0.603027 0.165039 0.368164
2 0.467773 0.432617 0.0166016 0.0351562
2 0.458496 0.436523 0.0146484 0.0390625
2 0.452148 0.437988 0.0117188 0.0380859
2 0.441162 0.44043 0.0200195 0.0507812
2 0.429932 0.443848 0.0229492 0.0576172
2 0.402832 0.444824 0.0449219 0.0673828
2 0.498535 0.429688 0.0205078 0.0371094
2 0.527832 0.432617 0.0449219 0.078125
2 0.0649414 0.446777 0.0908203 0.102539
2 0.333252 0.458496 0.0610352 0.110352
2 0.269287 0.477051 0.119629 0.139648
