1 0.353516 0.455078 0.0136719 0.0761719
1 0.368164 0.458496 0.0146484 0.0712891
2 0.395996 0.439941 0.0126953 0.0107422
2 0.406494 0.446289 0.012207 0.0195312
2 0.283203 0.455078 0.0380859 0.0722656
2 0.137939 0.530273 0.27002 0.363281
2 0.429688 0.45166 0.0126953 0.0283203
2 0.438721 0.453613 0.012207 0.0380859
2 0.443848 0.455078 0.0146484 0.0429688
2 0.446289 0.455566 0.0107422 0.0439453
2 0.452637 0.45752 0.0166016 0.0498047
2 0.460449 0.458984 0.0185547 0.0527344
2 0.468994 0.466309 0.0229492 0.0673828
2 0.479248 0.467285 0.0141602 0.0712891
2 0.490723 0.466309 0.0283203 0.0791016
2 0.503662 0.469238 0.0209961 0.0908203
2 0.529785 0.460938 0.0449219 0.125
