1 0.0617676 0.459961 0.0161133 0.0449219
2 0.406738 0.442871 0.105469 0.124023
2 0.677979 0.4375 0.0493164 0.103516
2 0.746826 0.428711 0.184082 0.146484
2 0.977295 0.395508 0.0405273 0.0273438
2 0.886963 0.450195 0.182129 0.162109
7 0.236572 0.457031 0.0258789 0.0429688
7 0.2146 0.459961 0.019043 0.0371094
7 0.284912 0.450195 0.0219727 0.0507812
7 0.307373 0.449707 0.0249023 0.0458984
7 0.344238 0.447266 0.0253906 0.0429688
7 0.542236 0.446289 0.0424805 0.0761719
7 0.560547 0.448242 0.0400391 0.0722656
