1 0.143555 0.437988 0.00976562 0.0498047
1 0.653076 0.475586 0.0668945 0.330078
1 0.569824 0.483398 0.0703125 0.339844
2 0.150391 0.421875 0.00683594 0.0117188
2 0.125 0.432617 0.0205078 0.0449219
2 0.116943 0.441895 0.0102539 0.0341797
2 0.111084 0.443359 0.00927734 0.0371094
2 0.105713 0.442383 0.00927734 0.0410156
2 0.0998535 0.443359 0.0141602 0.0449219
2 0.098877 0.445801 0.00927734 0.0400391
2 0.083252 0.444336 0.034668 0.0585938
2 0.0810547 0.447754 0.0292969 0.0537109
2 0.0695801 0.45752 0.0229492 0.0751953
2 0.0361328 0.45752 0.0664062 0.0888672
2 0.0205078 0.481445 0.0351562 0.128906
