1 0.65918 0.438477 0.00292969 0.0332031
1 0.664062 0.441895 0.00488281 0.0322266
2 0.511963 0.433594 0.00732422 0.0253906
2 0.50708 0.43457 0.00732422 0.0292969
2 0.499023 0.436035 0.015625 0.0341797
2 0.496094 0.439941 0.0107422 0.0302734
2 0.52832 0.447266 0.0214844 0.0351562
2 0.558838 0.453613 0.0444336 0.0732422
2 0.602539 0.466309 0.0605469 0.0849609
2 0.485352 0.447754 0.0322266 0.0478516
2 0.839355 0.458008 0.110352 0.146484
2 0.953857 0.483398 0.0874023 0.154297
2 0.46167 0.426758 0.0112305 0.0195312
2 0.460693 0.430664 0.00927734 0.0136719
2 0.459473 0.436035 0.00683594 0.0205078
2 0.441162 0.432617 0.00634766 0.0136719
2 0.43457 0.430664 0.00585938 0.0332031
2 0.42627 0.431641 0.0146484 0.0429688
2 0.38916 0.435547 0.0117188 0.0566406
2 0.36792 0.437012 0.00830078 0.0380859
2 0.342041 0.437988 0.0268555 0.0576172
2 0.263672 0.467285 0.0488281 0.0830078
2 0.125488 0.462402 0.0136719 0.0517578
3 0.524414 0.426758 0.0214844 0.0566406
