1 0.431396 0.397461 0.00732422 0.0078125
2 0.452881 0.414062 0.0317383 0.0449219
2 0.556641 0.424316 0.0126953 0.0380859
2 0.594238 0.444824 0.0683594 0.0947266
2 0.422852 0.404297 0.0341797 0.0136719
2 0.437256 0.427734 0.0219727 0.0390625
2 0.437744 0.437988 0.0151367 0.0419922
2 0.422607 0.436035 0.0239258 0.0576172
2 0.388672 0.430664 0.0664062 0.0683594
2 0.39209 0.443359 0.0507812 0.0722656
2 0.388428 0.450195 0.0317383 0.078125
2 0.359619 0.446289 0.050293 0.09375
2 0.356201 0.469238 0.0112305 0.0615234
2 0.347656 0.45459 0.0214844 0.106445
2 0.303711 0.461426 0.0839844 0.147461
2 0.298584 0.473145 0.0795898 0.157227
2 0.223145 0.476562 0.128906 0.195312
2 0.146729 0.489258 0.129395 0.230469
2 0.0666504 0.501953 0.127441 0.275391
2 0.0537109 0.541016 0.101562 0.345703
2 0.51001 0.480957 0.120605 0.200195
2 0.906494 0.558594 0.182129 0.472656
7 0.743896 0.493164 0.0561523 0.138672
