5 0.343506 0.448242 0.0551758 0.216797
2 0.519775 0.400879 0.00537109 0.0107422
2 0.528564 0.399902 0.00341797 0.0107422
2 0.535889 0.39502 0.0112305 0.0185547
2 0.534424 0.400391 0.012207 0.0175781
2 0.50708 0.402344 0.00634766 0.0117188
2 0.496582 0.397461 0.0078125 0.0117188
2 0.500732 0.400879 0.00927734 0.0126953
2 0.485107 0.398926 0.019043 0.00878906
2 0.496826 0.405273 0.0141602 0.00585938
2 0.494385 0.411621 0.0258789 0.0185547
2 0.485352 0.415527 0.0371094 0.0322266
2 0.481201 0.419922 0.0385742 0.0390625
2 0.469238 0.422852 0.015625 0.0429688
2 0.556641 0.417969 0.0166016 0.0351562
2 0.555908 0.422852 0.00927734 0.0351562
2 0.558105 0.42334 0.0078125 0.0361328
2 0.565186 0.424805 0.0161133 0.046875
2 0.577148 0.425293 0.0263672 0.0458984
2 0.590576 0.42041 0.0336914 0.0302734
2 0.260254 0.475586 0.136719 0.216797
2 0.735352 0.496582 0.178711 0.233398
3 0.439453 0.396973 0.0566406 0.116211
6 0.185547 0.469727 0.0361328 0.105469
6 0.345459 0.512695 0.0532227 0.185547
