1 0.559326 0.388672 0.00732422 0.015625
1 0.572998 0.405273 0.0112305 0.0429688
1 0.354492 0.395996 0.00683594 0.0224609
1 0.172607 0.388672 0.0229492 0.0683594
1 0.182861 0.441895 0.034668 0.161133
1 0.219727 0.44043 0.0371094 0.148438
1 0.109375 0.432617 0.0302734 0.130859
1 0.134521 0.444336 0.0483398 0.167969
1 0.324463 0.437012 0.034668 0.114258
1 0.871582 0.385254 0.0244141 0.170898
1 0.939209 0.379395 0.0219727 0.176758
1 0.833496 0.213867 0.0185547 0.0644531
1 0.0229492 0.453613 0.0351562 0.116211
1 0.0559082 0.441406 0.0356445 0.160156
1 0.389648 0.527344 0.142578 0.5
5 0.900146 0.410645 0.0698242 0.375977
5 0.831055 0.418457 0.0644531 0.358398
5 0.751221 0.47998 0.074707 0.405273
2 0.533691 0.399902 0.0195312 0.0400391
2 0.521484 0.396973 0.0371094 0.0400391
2 0.479736 0.437988 0.158691 0.161133
7 0.923828 0.527344 0.0449219 0.173828
7 0.819336 0.522461 0.03125 0.126953
7 0.766113 0.56543 0.115234 0.248047
