1 0.418213 0.437012 0.019043 0.0771484
1 0.385742 0.446777 0.0244141 0.129883
1 0.363281 0.442871 0.015625 0.139648
1 0.347656 0.441895 0.0263672 0.19043
1 0.323486 0.447754 0.0336914 0.166992
1 0.294922 0.449219 0.0302734 0.167969
1 0.179443 0.462891 0.0385742 0.251953
1 0.214355 0.466797 0.0410156 0.248047
1 0.019043 0.452637 0.0322266 0.295898
1 0.456055 0.475586 0.0546875 0.251953
2 0.582031 0.444824 0.015625 0.0458984
2 0.572754 0.445312 0.015625 0.0546875
2 0.549072 0.440918 0.0473633 0.0830078
2 0.550293 0.455078 0.0341797 0.0683594
2 0.52124 0.454102 0.0463867 0.0917969
2 0.496338 0.463379 0.059082 0.106445
2 0.677734 0.438965 0.0371094 0.0615234
2 0.679688 0.446777 0.0185547 0.0595703
2 0.686768 0.456055 0.0258789 0.0820312
2 0.70874 0.458496 0.0395508 0.114258
2 0.714355 0.483887 0.0146484 0.0869141
2 0.774902 0.45752 0.128906 0.282227
2 0.876465 0.507812 0.242188 0.441406
