1 0.220459 0.432129 0.0444336 0.19043
1 0.261963 0.443848 0.0424805 0.174805
1 0.506592 0.404785 0.00439453 0.0244141
2 0.483887 0.409668 0.015625 0.0419922
2 0.476562 0.411133 0.0166016 0.0449219
2 0.463623 0.415039 0.027832 0.0546875
2 0.462158 0.422852 0.0151367 0.0625
2 0.454102 0.424316 0.0166016 0.0693359
2 0.405273 0.38916 0.0898438 0.204102
2 0.901611 0.529297 0.191895 0.460938
2 0.536621 0.400391 0.00878906 0.0214844
2 0.572021 0.410645 0.0239258 0.0634766
2 0.584229 0.414062 0.019043 0.0742188
2 0.602295 0.416016 0.0424805 0.0917969
2 0.604492 0.422852 0.0253906 0.0917969
2 0.647705 0.428711 0.0942383 0.140625
