2 0.0383301 0.302246 0.0297852 0.0517578
2 0.40625 0.378906 0.0175781 0.0214844
2 0.539307 0.397461 0.0649414 0.0429688
2 0.348633 0.355469 0.0976562 0.0703125
2 0.330811 0.381348 0.050293 0.0244141
2 0.458252 0.413086 0.104004 0.0800781
2 0.299805 0.42627 0.0839844 0.110352
2 0.216064 0.425293 0.117676 0.178711
2 0.220459 0.449219 0.0688477 0.181641
2 0.108154 0.456543 0.210449 0.262695
2 0.0505371 0.482422 0.0952148 0.28125
2 0.574219 0.425781 0.0400391 0.0917969
2 0.619873 0.422852 0.0776367 0.136719
2 0.678467 0.442871 0.100098 0.174805
2 0.737549 0.48584 0.169434 0.25293
2 0.889893 0.558594 0.215332 0.646484
