1 0.520508 0.402832 0.00878906 0.0517578
1 0.585205 0.394531 0.00537109 0.0449219
1 0.590332 0.404297 0.00292969 0.0449219
1 0.605957 0.399902 0.0078125 0.0537109
1 0.600342 0.398926 0.00830078 0.0576172
1 0.63208 0.406738 0.0209961 0.0888672
1 0.493652 0.397949 0.0117188 0.0869141
1 0.40332 0.406738 0.015625 0.0751953
1 0.340088 0.419434 0.0307617 0.108398
1 0.278076 0.408691 0.0161133 0.0732422
1 0.252686 0.407715 0.0131836 0.0693359
1 0.262695 0.40918 0.0185547 0.0761719
5 0.478271 0.421875 0.00927734 0.0410156
2 0.466309 0.396484 0.0107422 0.0136719
2 0.511719 0.388184 0.0107422 0.0302734
2 0.505859 0.398438 0.0126953 0.0175781
2 0.526123 0.38916 0.0258789 0.0576172
2 0.541016 0.403809 0.0253906 0.0517578
2 0.546387 0.408691 0.0263672 0.0556641
2 0.566406 0.412109 0.0390625 0.0644531
2 0.671875 0.447754 0.0498047 0.147461
2 0.735107 0.459473 0.134277 0.198242
2 0.885498 0.506348 0.224121 0.49707
2 0.440918 0.40625 0.0263672 0.0527344
2 0.406494 0.404297 0.0209961 0.0332031
2 0.428711 0.410156 0.0371094 0.0546875
2 0.385986 0.39502 0.0219727 0.0634766
2 0.359619 0.395996 0.0327148 0.0732422
2 0.143555 0.443359 0.134766 0.162109
2 0.019043 0.464844 0.0322266 0.201172
7 0.477783 0.431152 0.0200195 0.0244141
