1 0.399902 0.408203 0.00390625 0.0234375
1 0.489258 0.387207 0.0126953 0.0166016
1 0.478271 0.4375 0.0219727 0.107422
1 0.602539 0.461914 0.0615234 0.287109
1 0.651611 0.469727 0.0532227 0.28125
2 0.366943 0.408691 0.00927734 0.0166016
2 0.358154 0.412598 0.0131836 0.0302734
2 0.341553 0.413086 0.0239258 0.0410156
2 0.319824 0.42627 0.03125 0.0634766
2 0.303955 0.438965 0.0288086 0.0908203
2 0.267822 0.442871 0.0737305 0.112305
2 0.382324 0.408203 0.0107422 0.0175781
2 0.425049 0.415527 0.0200195 0.0283203
2 0.441895 0.419922 0.0166016 0.0429688
2 0.443115 0.422363 0.0131836 0.0458984
2 0.448486 0.422363 0.012207 0.0498047
2 0.459717 0.421875 0.0239258 0.0527344
2 0.460449 0.426758 0.0214844 0.0585938
2 0.516602 0.433105 0.0664062 0.12207
2 0.552002 0.445312 0.0600586 0.125
2 0.61499 0.467773 0.120605 0.128906
2 0.810547 0.467285 0.255859 0.364258
2 0.976562 0.645996 0.0419922 0.356445
