1 0.371826 0.397461 0.00634766 0.0253906
1 0.261475 0.421387 0.00634766 0.0791016
1 0.262939 0.42627 0.0229492 0.0751953
5 0.119141 0.421387 0.0234375 0.0537109
5 0.606201 0.400879 0.0170898 0.0927734
5 0.628906 0.395996 0.0195312 0.0908203
2 0.300293 0.415527 0.0644531 0.0498047
2 0.46875 0.38623 0.00878906 0.0107422
2 0.357178 0.418457 0.0307617 0.0458984
2 0.382324 0.402832 0.0234375 0.0283203
2 0.57666 0.401855 0.0478516 0.0380859
2 0.0290527 0.44043 0.0522461 0.0664062
2 0.410889 0.410156 0.0825195 0.0644531
2 0.554932 0.399902 0.0112305 0.0283203
2 0.508057 0.384766 0.0112305 0.0136719
2 0.519043 0.422852 0.0507812 0.078125
2 0.499756 0.384277 0.00634766 0.0107422
7 0.334717 0.425293 0.0161133 0.0263672
7 0.116943 0.442871 0.0366211 0.0419922
7 0.605469 0.425781 0.00878906 0.0527344
7 0.633545 0.422852 0.0209961 0.0527344
