1 0.89209 0.431641 0.00976562 0.0449219
1 0.694824 0.488281 0.0537109 0.201172
1 0.58374 0.474609 0.0532227 0.193359
1 0.306152 0.541504 0.0712891 0.233398
5 0.734619 0.484375 0.0356445 0.167969
2 0.993164 0.435547 0.00878906 0.0214844
2 0.966797 0.452148 0.046875 0.09375
2 0.962646 0.470215 0.0297852 0.0830078
2 0.990723 0.488281 0.0136719 0.119141
2 0.923096 0.484375 0.0698242 0.123047
7 0.759521 0.5 0.0239258 0.0957031
7 0.737061 0.525391 0.050293 0.101562
7 0.102295 0.534668 0.0893555 0.149414
