1 0.558105 0.400879 0.0078125 0.0341797
1 0.567139 0.401855 0.00634766 0.0341797
1 0.683838 0.385254 0.00439453 0.00878906
1 0.689697 0.391602 0.00537109 0.015625
1 0.699951 0.400391 0.00634766 0.0253906
1 0.7854 0.400879 0.0112305 0.0654297
1 0.802734 0.399414 0.00976562 0.0625
5 0.582031 0.395996 0.00585938 0.0224609
2 0.0842285 0.501465 0.162598 0.344727
2 0.623779 0.395996 0.00830078 0.0126953
2 0.620605 0.397949 0.00488281 0.0126953
2 0.591064 0.396484 0.0102539 0.0214844
2 0.602783 0.393066 0.0141602 0.0224609
2 0.602051 0.403809 0.0146484 0.0224609
2 0.651611 0.393555 0.00927734 0.0175781
2 0.647705 0.402832 0.0141602 0.0224609
2 0.6604 0.406738 0.012207 0.0283203
2 0.677246 0.405273 0.0283203 0.0410156
2 0.771729 0.411133 0.00732422 0.03125
2 0.782227 0.405273 0.0214844 0.0429688
2 0.892334 0.425293 0.126465 0.180664
3 0.620117 0.387207 0.00976562 0.0107422
6 0.373535 0.432129 0.0253906 0.0869141
7 0.266602 0.437988 0.0566406 0.0712891
7 0.58252 0.403809 0.00488281 0.0166016
