1 0.482422 0.376953 0.00292969 0.0136719
1 0.889404 0.408203 0.00634766 0.0683594
1 0.545898 0.386719 0.00195312 0.015625
1 0.548828 0.38623 0.00195312 0.0146484
1 0.583496 0.394531 0.00292969 0.0273438
1 0.573975 0.394043 0.00537109 0.0302734
1 0.616211 0.404297 0.00585938 0.0527344
1 0.859375 0.471191 0.00585938 0.0380859
1 0.86084 0.404785 0.0078125 0.0673828
1 0.926025 0.426758 0.012207 0.128906
1 0.960938 0.448242 0.0332031 0.205078
1 0.411865 0.415527 0.00732422 0.0263672
1 0.394043 0.386719 0.00292969 0.00976562
1 0.205566 0.422363 0.00683594 0.0615234
1 0.210449 0.398438 0.00585938 0.0214844
1 0.198975 0.419434 0.0112305 0.0693359
1 0.188477 0.436523 0.0126953 0.0898438
1 0.210938 0.4375 0.015625 0.0859375
1 0.236328 0.442383 0.0078125 0.0742188
1 0.247314 0.441895 0.00830078 0.0810547
1 0.243164 0.444336 0.0117188 0.0839844
5 0.219482 0.427734 0.00830078 0.0722656
2 0.505859 0.37793 0.00878906 0.00976562
2 0.564697 0.397949 0.0297852 0.0244141
2 0.504395 0.385254 0.0166016 0.00683594
2 0.511475 0.391602 0.0180664 0.0078125
2 0.493164 0.421387 0.0351562 0.0791016
2 0.520752 0.442871 0.0571289 0.0947266
2 0.415039 0.407227 0.0205078 0.0371094
2 0.401123 0.411621 0.0161133 0.0400391
2 0.313721 0.477539 0.111816 0.154297
2 0.105957 0.575195 0.206055 0.365234
4 0.476807 0.378418 0.00830078 0.0380859
4 0.735107 0.388672 0.243652 0.314453
4 0.452637 0.393555 0.0449219 0.0859375
4 0.337891 0.398438 0.112305 0.111328
7 0.219727 0.438477 0.00683594 0.0449219
