1 0.60498 0.464355 0.00683594 0.0537109
1 0.307129 0.482422 0.0175781 0.113281
1 0.331299 0.481934 0.0219727 0.12207
1 0.611328 0.464844 0.00683594 0.0488281
1 0.61792 0.462891 0.00732422 0.0527344
1 0.622314 0.462891 0.00341797 0.0527344
1 0.630615 0.442871 0.00244141 0.00878906
1 0.625977 0.465332 0.0117188 0.0634766
1 0.633545 0.466797 0.00927734 0.0605469
1 0.647217 0.463379 0.00927734 0.0498047
2 0.5354 0.459473 0.0131836 0.0458984
2 0.562744 0.439453 0.0454102 0.0175781
2 0.563477 0.504883 0.0751953 0.123047
2 0.464111 0.503906 0.0932617 0.121094
2 0.596924 0.477539 0.0219727 0.0683594
