1 0.838135 0.39502 0.0317383 0.104492
1 0.407471 0.388672 0.00634766 0.015625
1 0.362305 0.398926 0.0107422 0.0322266
1 0.168213 0.400879 0.0112305 0.0126953
1 0.472168 0.442383 0.0380859 0.123047
1 0.662842 0.377441 0.00634766 0.0185547
5 0.481689 0.40332 0.0112305 0.0507812
5 0.606201 0.42334 0.0219727 0.114258
2 0.428711 0.388184 0.0361328 0.0185547
2 0.446045 0.407227 0.0366211 0.0371094
2 0.440674 0.413086 0.0375977 0.0429688
2 0.377197 0.444336 0.137207 0.09375
2 0.0932617 0.448242 0.0478516 0.0839844
2 0.126953 0.444824 0.0263672 0.0576172
2 0.173828 0.494141 0.136719 0.183594
2 0.566406 0.397949 0.0253906 0.0322266
2 0.598877 0.400391 0.0385742 0.0605469
2 0.607178 0.399414 0.0307617 0.0566406
2 0.652832 0.396973 0.0800781 0.0478516
2 0.653076 0.414062 0.0786133 0.0527344
2 0.770996 0.458984 0.167969 0.283203
7 0.252686 0.440918 0.0180664 0.0537109
7 0.0544434 0.515625 0.065918 0.126953
7 0.481445 0.42334 0.0107422 0.0361328
7 0.604492 0.463867 0.0166016 0.0722656
