1 0.870605 0.372559 0.00683594 0.0283203
1 0.843506 0.373535 0.00830078 0.0380859
1 0.833984 0.376465 0.0078125 0.0400391
1 0.826172 0.380859 0.00585938 0.0371094
1 0.838379 0.381836 0.00585938 0.03125
1 0.862549 0.376465 0.00439453 0.0205078
1 0.812744 0.380371 0.00830078 0.0380859
1 0.802246 0.387695 0.0107422 0.0351562
1 0.769043 0.373535 0.00878906 0.0283203
1 0.491211 0.392578 0.00585938 0.0136719
1 0.501465 0.400391 0.00878906 0.0351562
1 0.479004 0.401855 0.00390625 0.0263672
1 0.456055 0.402344 0.00292969 0.0292969
1 0.45166 0.402344 0.00683594 0.0371094
1 0.45874 0.405273 0.00830078 0.0351562
1 0.466553 0.406738 0.00439453 0.0322266
1 0.471191 0.398926 0.00878906 0.0439453
1 0.434326 0.408203 0.00732422 0.0507812
1 0.443604 0.409668 0.00927734 0.0478516
1 0.397949 0.40918 0.0136719 0.0585938
1 0.388672 0.412598 0.0107422 0.0537109
1 0.367676 0.414551 0.0126953 0.0693359
1 0.302002 0.41748 0.0131836 0.0693359
1 0.135986 0.404785 0.0102539 0.0478516
1 0.528564 0.407227 0.012207 0.0488281
1 0.542725 0.410156 0.0170898 0.0957031
1 0.557861 0.412109 0.0180664 0.0917969
1 0.575439 0.408691 0.0170898 0.0927734
5 0.428467 0.412109 0.0170898 0.0683594
5 0.10791 0.40332 0.0283203 0.0898438
5 0.0551758 0.390137 0.0390625 0.104492
5 0.124512 0.440918 0.0195312 0.12207
5 0.0556641 0.456055 0.03125 0.0996094
2 0.791016 0.381836 0.0390625 0.0292969
2 0.822754 0.382812 0.0146484 0.0253906
2 0.723145 0.431641 0.238281 0.146484
7 0.427734 0.430664 0.0146484 0.0429688
7 0.0932617 0.444824 0.0380859 0.114258
7 0.117188 0.459961 0.0585938 0.0859375
7 0.0571289 0.47998 0.0429688 0.0615234
