1 0.637207 0.411621 0.0107422 0.0439453
1 0.646973 0.40625 0.00976562 0.03125
1 0.925537 0.349609 0.0112305 0.0195312
1 0.95874 0.338867 0.0209961 0.0390625
1 0.976318 0.338867 0.0229492 0.0292969
1 0.359619 0.436523 0.0102539 0.0371094
2 0.387695 0.367676 0.00878906 0.0166016
2 0.378662 0.369629 0.0151367 0.0205078
2 0.366699 0.375488 0.00976562 0.0166016
2 0.360107 0.377441 0.0141602 0.0166016
2 0.36084 0.388184 0.0126953 0.0166016
2 0.384521 0.385254 0.00634766 0.0166016
2 0.38916 0.40625 0.0175781 0.0273438
2 0.473877 0.428223 0.050293 0.0458984
2 0.375488 0.387695 0.0126953 0.0175781
2 0.594971 0.424316 0.0512695 0.0693359
2 0.646729 0.453613 0.0297852 0.100586
2 0.700195 0.442383 0.102539 0.160156
2 0.741455 0.45459 0.114746 0.168945
2 0.792969 0.462891 0.0556641 0.1875
2 0.86377 0.473145 0.155273 0.235352
2 0.935547 0.493652 0.124023 0.282227
2 0.525635 0.427246 0.0581055 0.0478516
2 0.407471 0.430664 0.0258789 0.0449219
2 0.430908 0.429688 0.0463867 0.046875
7 0.555908 0.427734 0.0161133 0.03125
