1 0.532715 0.44873 0.0175781 0.0908203
1 0.577881 0.436523 0.0219727 0.142578
1 0.553223 0.425781 0.0361328 0.160156
1 0.740967 0.435059 0.00830078 0.0400391
1 0.788086 0.429199 0.0117188 0.0537109
1 0.808105 0.433594 0.015625 0.0625
1 0.833984 0.424805 0.0166016 0.0820312
1 0.843018 0.434082 0.0131836 0.0712891
5 0.4729 0.470215 0.0336914 0.272461
5 0.43457 0.472168 0.0878906 0.288086
2 0.949951 0.470703 0.0952148 0.251953
2 0.721924 0.408203 0.00830078 0.00585938
2 0.732666 0.447754 0.0161133 0.0732422
2 0.699463 0.451172 0.0766602 0.0957031
