1 0.0424805 0.453125 0.0205078 0.078125
1 0.768799 0.416504 0.0161133 0.0830078
1 0.75293 0.418457 0.0185547 0.0830078
1 0.731689 0.418457 0.0170898 0.0869141
1 0.474609 0.434082 0.0117188 0.0458984
5 0.325928 0.428711 0.0141602 0.0410156
5 0.674072 0.419922 0.0151367 0.0683594
5 0.695068 0.41748 0.0170898 0.0869141
2 0.355469 0.452637 0.0527344 0.0732422
2 0.211914 0.459961 0.131836 0.0957031
2 0.63916 0.42041 0.0371094 0.0400391
2 0.969482 0.516113 0.0561523 0.56543
2 0.457275 0.441895 0.0209961 0.0634766
2 0.427734 0.447754 0.0576172 0.0888672
2 0.530029 0.442383 0.0805664 0.146484
7 0.324707 0.455078 0.0107422 0.046875
7 0.0456543 0.469238 0.034668 0.0537109
7 0.675049 0.436523 0.00634766 0.0449219
7 0.697021 0.446777 0.00634766 0.0537109
