1 0.763672 0.348633 0.0185547 0.03125
1 0.820557 0.339844 0.0297852 0.03125
1 0.86084 0.348633 0.0205078 0.0253906
2 0.284668 0.419434 0.0332031 0.0205078
2 0.253418 0.424805 0.0371094 0.0234375
2 0.218018 0.422852 0.0405273 0.0195312
2 0.019043 0.44043 0.0322266 0.0410156
2 0.639404 0.420898 0.019043 0.0527344
2 0.686035 0.376465 0.0361328 0.0126953
2 0.648438 0.448242 0.0273438 0.134766
2 0.656006 0.460938 0.0395508 0.162109
2 0.692627 0.476562 0.0893555 0.208984
2 0.807129 0.508301 0.232422 0.30957
2 0.540771 0.412598 0.0112305 0.0205078
2 0.530518 0.415039 0.0112305 0.0195312
2 0.520996 0.415527 0.0146484 0.0205078
2 0.509766 0.416016 0.0126953 0.0234375
2 0.501221 0.416504 0.0112305 0.0224609
2 0.490723 0.416504 0.0166016 0.0244141
2 0.474609 0.418945 0.0185547 0.0273438
2 0.463135 0.420898 0.0161133 0.0273438
2 0.450439 0.42041 0.0180664 0.0263672
2 0.438721 0.421875 0.0141602 0.0292969
2 0.605713 0.416992 0.027832 0.0546875
2 0.589111 0.416992 0.0317383 0.0644531
2 0.56665 0.419922 0.0463867 0.0722656
