1 0.660156 0.42334 0.0078125 0.0439453
1 0.653809 0.419922 0.0126953 0.0566406
1 0.668701 0.427246 0.012207 0.0498047
1 0.556885 0.42627 0.00830078 0.0400391
1 0.754883 0.431152 0.0117188 0.0673828
1 0.741211 0.429688 0.0107422 0.0703125
1 0.73291 0.42627 0.0136719 0.0830078
1 0.718994 0.430664 0.0141602 0.0703125
1 0.482666 0.418457 0.00439453 0.0224609
1 0.488525 0.424805 0.0102539 0.0605469
1 0.455566 0.419922 0.00878906 0.0488281
1 0.462646 0.420898 0.00732422 0.0410156
5 0.382324 0.427734 0.0273438 0.130859
2 0.576416 0.437012 0.0336914 0.0576172
2 0.519775 0.435059 0.0336914 0.0537109
7 0.694092 0.435547 0.0180664 0.0234375
7 0.767334 0.431641 0.0141602 0.0429688
7 0.381836 0.46875 0.015625 0.0878906
7 0.776855 0.441406 0.0195312 0.0351562
