1 0.00805664 0.407715 0.0102539 0.0322266
1 0.0527344 0.437988 0.0234375 0.0693359
1 0.0341797 0.436035 0.0166016 0.0849609
1 0.0844727 0.431152 0.0205078 0.104492
1 0.378906 0.443359 0.0322266 0.0742188
1 0.439453 0.445801 0.0234375 0.120117
1 0.469482 0.439453 0.0249023 0.125
1 0.666504 0.421875 0.0224609 0.0917969
1 0.644531 0.449219 0.0244141 0.132812
1 0.610596 0.432129 0.0141602 0.120117
5 0.758789 0.418945 0.0185547 0.0390625
5 0.588135 0.467773 0.0541992 0.248047
5 0.899414 0.433105 0.0214844 0.100586
2 0.0124512 0.467285 0.019043 0.12207
2 0.172852 0.504395 0.191406 0.231445
7 0.760254 0.457031 0.0166016 0.0527344
7 0.901855 0.466797 0.0292969 0.0644531
7 0.980469 0.652832 0.0341797 0.202148
7 0.647705 0.468262 0.0639648 0.100586
