1 0.502197 0.443359 0.0229492 0.0839844
2 0.519531 0.412598 0.0146484 0.00488281
2 0.478516 0.437012 0.00585938 0.0361328
2 0.450928 0.446777 0.0297852 0.0537109
2 0.428955 0.45166 0.0307617 0.0712891
2 0.414062 0.461914 0.0234375 0.0917969
2 0.371826 0.464355 0.0844727 0.131836
2 0.219971 0.484863 0.20166 0.30957
2 0.0766602 0.560547 0.147461 0.417969
2 0.519775 0.435059 0.0229492 0.0439453
2 0.571533 0.442871 0.0366211 0.0771484
2 0.577393 0.459473 0.0131836 0.0732422
2 0.608887 0.444824 0.0566406 0.116211
2 0.604736 0.464844 0.0356445 0.105469
2 0.622803 0.46582 0.0366211 0.128906
2 0.670654 0.478027 0.109863 0.18457
2 0.813232 0.541016 0.249512 0.320312
3 0.452637 0.40625 0.0478516 0.121094
7 0.971436 0.504395 0.0522461 0.166992
