1 0.95166 0.42627 0.0224609 0.0751953
1 0.466309 0.432129 0.0126953 0.0634766
1 0.432617 0.434082 0.0146484 0.0517578
1 0.401123 0.428223 0.0151367 0.0634766
5 0.289307 0.439941 0.0336914 0.12793
2 0.2854 0.453613 0.00439453 0.0361328
2 0.330811 0.432129 0.0541992 0.0830078
2 0.137451 0.440918 0.154785 0.145508
2 0.0559082 0.467285 0.105957 0.141602
2 0.0166016 0.480469 0.0273438 0.115234
2 0.978271 0.422363 0.0385742 0.0322266
2 0.671143 0.449219 0.0200195 0.078125
2 0.690674 0.461426 0.0366211 0.161133
2 0.803711 0.449219 0.222656 0.412109
2 0.614502 0.458984 0.0571289 0.105469
2 0.532959 0.51123 0.145996 0.260742
2 0.313965 0.445801 0.0224609 0.0400391
6 0.0236816 0.598633 0.0415039 0.128906
7 0.302979 0.467773 0.0356445 0.0703125
