1 0.499756 0.448242 0.0112305 0.0800781
1 0.776855 0.419922 0.0117188 0.0351562
1 0.79541 0.447754 0.0117188 0.0712891
1 0.8396 0.439453 0.0180664 0.0253906
1 0.823975 0.408691 0.0102539 0.0263672
1 0.932373 0.399414 0.0151367 0.0351562
1 0.946777 0.407715 0.0126953 0.0263672
1 0.99292 0.402344 0.00927734 0.0332031
1 0.467773 0.437012 0.00292969 0.0263672
1 0.469971 0.437012 0.00341797 0.0263672
1 0.462891 0.437012 0.00488281 0.0283203
1 0.105469 0.410645 0.0166016 0.0439453
1 0.479248 0.443848 0.012207 0.0908203
5 0.813965 0.439453 0.0205078 0.0820312
5 0.821289 0.435059 0.0136719 0.0341797
2 0.503662 0.416992 0.00439453 0.00976562
2 0.606445 0.442871 0.0224609 0.0517578
2 0.624268 0.448242 0.0375977 0.0585938
2 0.582031 0.438965 0.0283203 0.0654297
2 0.569336 0.450195 0.0332031 0.0507812
2 0.541504 0.443359 0.0253906 0.0664062
2 0.516846 0.445312 0.0327148 0.0742188
2 0.522949 0.454102 0.0400391 0.0683594
2 0.74707 0.476074 0.0917969 0.114258
2 0.892334 0.503906 0.164551 0.181641
2 0.966064 0.52002 0.0629883 0.241211
2 0.44165 0.443848 0.00927734 0.0439453
2 0.429443 0.441895 0.0258789 0.0498047
2 0.426758 0.446777 0.0195312 0.0458984
2 0.375244 0.446777 0.0366211 0.0849609
2 0.349121 0.456543 0.0302734 0.0888672
2 0.309326 0.453125 0.0766602 0.130859
2 0.250244 0.467773 0.0756836 0.132812
2 0.188477 0.480957 0.118164 0.149414
2 0.105469 0.512695 0.140625 0.164062
2 0.0305176 0.509766 0.0551758 0.216797
3 0.558838 0.40332 0.0317383 0.0488281
4 0.491211 0.429199 0.00976562 0.0322266
7 0.818604 0.462402 0.0229492 0.0498047
