1 0.2229 0.444336 0.00927734 0.0546875
1 0.339844 0.443359 0.00878906 0.0410156
1 0.332764 0.44043 0.00732422 0.0449219
1 0.375 0.441406 0.00878906 0.0390625
1 0.37207 0.442383 0.0078125 0.0390625
1 0.56543 0.434082 0.00488281 0.0361328
1 0.756104 0.424805 0.00830078 0.0390625
1 0.743164 0.433594 0.00683594 0.0351562
1 0.69458 0.422852 0.00244141 0.0273438
1 0.658203 0.413086 0.00488281 0.0078125
5 0.324707 0.433105 0.00976562 0.0400391
5 0.314453 0.435059 0.0117188 0.0458984
2 0.078125 0.414551 0.0576172 0.0556641
2 0.0351562 0.496094 0.0644531 0.175781
2 0.453125 0.425293 0.00585938 0.0205078
2 0.462646 0.427246 0.0141602 0.0263672
2 0.450439 0.433594 0.0102539 0.03125
2 0.419678 0.43457 0.00732422 0.0292969
2 0.407959 0.435059 0.0209961 0.0361328
2 0.395996 0.442383 0.0253906 0.0332031
2 0.435059 0.433594 0.0273438 0.0449219
2 0.499023 0.424316 0.00976562 0.00488281
2 0.497803 0.431641 0.00927734 0.0136719
2 0.505615 0.444336 0.0170898 0.0527344
2 0.547607 0.422852 0.0180664 0.0449219
2 0.528809 0.450195 0.0439453 0.0683594
2 0.640381 0.469238 0.0776367 0.106445
2 0.856445 0.57373 0.282227 0.422852
8 0.499756 0.421387 0.0786133 0.0302734
7 0.325439 0.450684 0.00927734 0.0341797
7 0.313721 0.452148 0.00732422 0.0351562
