1 0.62207 0.386719 0.00683594 0.0332031
1 0.51416 0.396484 0.0107422 0.0195312
1 0.537598 0.436035 0.0205078 0.0673828
5 0.463867 0.428711 0.0205078 0.0957031
5 0.597656 0.446289 0.0332031 0.167969
2 0.560303 0.390625 0.0249023 0.0449219
2 0.496582 0.42627 0.0244141 0.0458984
2 0.517334 0.430664 0.0375977 0.0585938
2 0.0212402 0.46875 0.0366211 0.0742188
2 0.69043 0.450195 0.124023 0.0859375
2 0.902832 0.459473 0.141602 0.0810547
2 0.972656 0.477051 0.0498047 0.0849609
2 0.331543 0.46875 0.157227 0.189453
7 0.466797 0.45166 0.046875 0.0537109
7 0.60083 0.480469 0.0141602 0.105469
