1 0.470703 0.427734 0.0078125 0.0371094
1 0.464355 0.421875 0.00683594 0.0449219
1 0.455811 0.422363 0.0112305 0.0419922
1 0.446533 0.427246 0.00830078 0.0419922
1 0.436768 0.430664 0.012207 0.0527344
1 0.490967 0.408203 0.019043 0.0722656
1 0.567383 0.424805 0.00585938 0.0292969
1 0.573242 0.425293 0.00585938 0.0302734
1 0.582764 0.426758 0.00537109 0.0292969
1 0.588135 0.42627 0.00732422 0.0322266
1 0.608398 0.420898 0.00195312 0.0234375
1 0.605957 0.427734 0.00585938 0.0371094
1 0.594482 0.432129 0.00830078 0.0458984
1 0.618652 0.40918 0.00585938 0.0175781
1 0.620605 0.43457 0.00878906 0.0507812
1 0.613525 0.434082 0.0131836 0.0517578
1 0.626465 0.435547 0.0107422 0.0605469
1 0.64624 0.435547 0.0112305 0.0722656
1 0.664062 0.432129 0.0078125 0.0673828
1 0.680664 0.407227 0.00488281 0.00976562
1 0.657715 0.440918 0.0136719 0.0771484
1 0.666504 0.440918 0.0117188 0.0732422
1 0.686279 0.436035 0.012207 0.0849609
1 0.675293 0.446289 0.0205078 0.0996094
1 0.700195 0.419922 0.0175781 0.0585938
1 0.717773 0.445312 0.00585938 0.0644531
1 0.742676 0.437988 0.0136719 0.110352
1 0.753174 0.438477 0.0229492 0.0996094
1 0.89209 0.438965 0.0341797 0.188477
1 0.976318 0.450195 0.0405273 0.207031
1 0.949219 0.447754 0.0244141 0.223633
1 0.991455 0.422363 0.012207 0.0791016
1 0.379883 0.415527 0.00976562 0.0322266
1 0.417236 0.427246 0.0102539 0.0341797
1 0.411865 0.436035 0.00927734 0.0224609
1 0.404541 0.439453 0.0131836 0.0332031
1 0.393799 0.447754 0.0112305 0.0537109
1 0.386963 0.444824 0.0102539 0.0458984
1 0.371338 0.415527 0.00830078 0.0126953
1 0.377441 0.433594 0.00976562 0.0332031
1 0.319336 0.407715 0.0117188 0.0322266
1 0.305908 0.409668 0.0161133 0.0400391
1 0.293213 0.402832 0.012207 0.0322266
1 0.309082 0.435547 0.0175781 0.0449219
1 0.295898 0.439941 0.0146484 0.0458984
1 0.311523 0.459473 0.0351562 0.0908203
1 0.247314 0.408203 0.0102539 0.0332031
1 0.237549 0.400391 0.0151367 0.0292969
1 0.227295 0.400879 0.0141602 0.0263672
1 0.251709 0.441406 0.0141602 0.0664062
1 0.240479 0.434082 0.0161133 0.0498047
1 0.223145 0.435059 0.0078125 0.0458984
1 0.187988 0.408203 0.0175781 0.0683594
1 0.160156 0.438965 0.0224609 0.0732422
1 0.14209 0.439453 0.0136719 0.0742188
1 0.199707 0.453613 0.0117188 0.0791016
1 0.209229 0.429199 0.0219727 0.0458984
1 0.186035 0.449707 0.0273438 0.0908203
1 0.230957 0.452637 0.0175781 0.0849609
1 0.0881348 0.441895 0.0219727 0.0771484
1 0.0766602 0.44043 0.0234375 0.0800781
1 0.0664062 0.439941 0.0214844 0.0791016
1 0.129639 0.438477 0.0297852 0.111328
1 0.0437012 0.43457 0.0258789 0.125
1 0.013916 0.434082 0.0161133 0.129883
1 0.00756836 0.443359 0.00927734 0.148438
1 0.333252 0.444336 0.012207 0.0644531
1 0.345703 0.452148 0.0341797 0.15625
5 0.515381 0.458008 0.0581055 0.164062
8 0.544434 0.382324 0.0400391 0.145508
6 0.508057 0.48877 0.109863 0.15332
