1 0.952393 0.392578 0.0268555 0.0996094
1 0.670654 0.435547 0.00634766 0.015625
1 0.680176 0.439941 0.00585938 0.00878906
1 0.689453 0.442383 0.00585938 0.0117188
1 0.696533 0.444336 0.00927734 0.0214844
1 0.641357 0.475098 0.0141602 0.0986328
1 0.6604 0.473145 0.0229492 0.112305
1 0.843018 0.414551 0.012207 0.0478516
1 0.837891 0.446289 0.0244141 0.0957031
1 0.803955 0.449219 0.0229492 0.0703125
1 0.922119 0.414551 0.0161133 0.0712891
1 0.982422 0.415527 0.0302734 0.0615234
1 0.904541 0.42334 0.0239258 0.0576172
1 0.707031 0.439453 0.00585938 0.0253906
1 0.712158 0.439453 0.0102539 0.0253906
1 0.592529 0.496094 0.0600586 0.273438
1 0.557617 0.491699 0.0429688 0.266602
1 0.380127 0.44873 0.0161133 0.0458984
1 0.364258 0.447754 0.015625 0.0341797
1 0.357178 0.454102 0.012207 0.0253906
1 0.35376 0.493164 0.0112305 0.09375
1 0.366211 0.478027 0.0175781 0.0634766
1 0.327148 0.47998 0.0136719 0.120117
1 0.322754 0.490723 0.0146484 0.118164
1 0.315918 0.494141 0.0175781 0.138672
1 0.290771 0.490234 0.0229492 0.144531
1 0.306152 0.48877 0.0292969 0.149414
1 0.26123 0.449219 0.0166016 0.0683594
1 0.276855 0.494629 0.0322266 0.149414
1 0.173096 0.430176 0.0112305 0.0361328
1 0.179688 0.465332 0.0253906 0.0576172
1 0.161133 0.469238 0.0224609 0.0556641
1 0.218994 0.461914 0.0200195 0.0507812
1 0.758789 0.470703 0.0732422 0.292969
1 0.773193 0.46582 0.0825195 0.324219
5 0.626465 0.473145 0.0136719 0.0791016
5 0.660889 0.486816 0.00927734 0.0166016
5 0.650146 0.487793 0.00732422 0.0185547
2 0.607666 0.478027 0.00732422 0.0283203
2 0.61377 0.477539 0.0166016 0.0292969
2 0.680664 0.47998 0.0263672 0.0732422
2 0.563477 0.494629 0.0761719 0.112305
2 0.496338 0.487793 0.0424805 0.0498047
2 0.414795 0.524902 0.129395 0.178711
7 0.626953 0.492188 0.0166016 0.0527344
