2 0.574463 0.416504 0.0336914 0.0517578
2 0.497314 0.396973 0.0219727 0.0283203
2 0.484375 0.421875 0.0322266 0.0664062
2 0.533203 0.441895 0.0761719 0.112305
2 0.46875 0.428223 0.0253906 0.0732422
2 0.453857 0.436035 0.0405273 0.100586
2 0.41333 0.44873 0.0932617 0.125977
2 0.271484 0.490234 0.176758 0.267578
2 0.130371 0.54248 0.254883 0.393555
2 0.612061 0.426758 0.034668 0.0761719
2 0.63623 0.437988 0.0527344 0.0947266
2 0.669678 0.456543 0.0532227 0.147461
2 0.712646 0.464844 0.0834961 0.199219
2 0.773438 0.489258 0.138672 0.265625
2 0.882812 0.539551 0.229492 0.389648
