1 0.448242 0.369141 0.00585938 0.0136719
1 0.469971 0.378418 0.00439453 0.0205078
1 0.43042 0.369629 0.00634766 0.0107422
1 0.417725 0.375488 0.00732422 0.0146484
1 0.555908 0.368164 0.00732422 0.0175781
1 0.568604 0.370605 0.0141602 0.0400391
1 0.581787 0.380371 0.0112305 0.0654297
1 0.59082 0.383301 0.0136719 0.0673828
1 0.225342 0.409668 0.0112305 0.0244141
1 0.352051 0.408691 0.0146484 0.104492
1 0.480713 0.381836 0.00439453 0.03125
2 0.507812 0.375 0.0117188 0.0195312
2 0.494629 0.379883 0.015625 0.0292969
2 0.507568 0.379395 0.00927734 0.0224609
2 0.498291 0.382324 0.0170898 0.0283203
2 0.459961 0.391602 0.0224609 0.0410156
2 0.460205 0.394043 0.0161133 0.0400391
2 0.455078 0.404297 0.015625 0.0566406
2 0.437988 0.405762 0.0322266 0.0654297
2 0.437744 0.412598 0.0258789 0.0615234
2 0.420166 0.420898 0.0522461 0.0761719
2 0.517334 0.389648 0.0102539 0.0449219
2 0.522461 0.398438 0.0126953 0.0527344
2 0.532959 0.403809 0.0317383 0.0654297
2 0.546143 0.407715 0.0375977 0.0673828
2 0.709229 0.462891 0.108887 0.189453
2 0.842773 0.486328 0.231445 0.283203
2 0.970215 0.664062 0.0546875 0.380859
2 0.286865 0.481445 0.140137 0.197266
2 0.131592 0.527832 0.257324 0.276367
7 0.603516 0.399414 0.0136719 0.0371094
