1 0.856689 0.414062 0.0249023 0.175781
1 0.83252 0.409668 0.046875 0.204102
1 0.889404 0.413086 0.0327148 0.1875
2 0.374268 0.427734 0.012207 0.0195312
2 0.387451 0.425293 0.0170898 0.0283203
2 0.408203 0.420898 0.0195312 0.0351562
2 0.445068 0.422852 0.019043 0.0371094
2 0.454102 0.42334 0.0195312 0.0322266
2 0.494385 0.425781 0.0239258 0.0546875
2 0.5271 0.418457 0.0463867 0.0908203
2 0.58252 0.441895 0.0410156 0.12793
2 0.637451 0.432129 0.0991211 0.18457
2 0.704346 0.459473 0.126465 0.213867
