1 0.259766 0.424805 0.0126953 0.0195312
1 0.143311 0.434082 0.0209961 0.0869141
1 0.531738 0.414551 0.0146484 0.0341797
2 0.344238 0.430664 0.0224609 0.0351562
2 0.230713 0.414551 0.0454102 0.0380859
2 0.231445 0.459473 0.0566406 0.100586
2 0.401123 0.411133 0.0200195 0.0175781
2 0.38208 0.436035 0.0698242 0.0556641
6 0.726562 0.489258 0.0488281 0.107422
6 0.50293 0.480469 0.0673828 0.107422
7 0.48291 0.47998 0.0507812 0.0732422
7 0.769775 0.545898 0.14502 0.189453
7 0.814209 0.533691 0.133301 0.258789
