1 0.644043 0.321289 0.00292969 0.0195312
1 0.646729 0.321777 0.00341797 0.0185547
1 0.539307 0.35498 0.0307617 0.0654297
1 0.511963 0.35498 0.00830078 0.0361328
1 0.478271 0.387695 0.0200195 0.113281
1 0.456299 0.381348 0.0249023 0.124023
1 0.429199 0.379395 0.0224609 0.120117
1 0.437744 0.401367 0.0170898 0.0800781
2 0.660156 0.333008 0.015625 0.0175781
2 0.670166 0.322266 0.0131836 0.0175781
2 0.660889 0.343262 0.012207 0.0224609
2 0.663086 0.345215 0.0146484 0.0224609
2 0.675537 0.36084 0.019043 0.0322266
2 0.618164 0.35498 0.0166016 0.0302734
2 0.60791 0.358398 0.015625 0.0410156
2 0.607178 0.362305 0.0131836 0.0410156
2 0.593506 0.361816 0.0268555 0.0537109
2 0.56543 0.380859 0.0341797 0.0742188
2 0.845459 0.467773 0.191895 0.230469
2 0.941162 0.544922 0.112793 0.392578
