2 0.51709 0.347168 0.0224609 0.0302734
2 0.1875 0.379395 0.0205078 0.0185547
2 0.327637 0.369141 0.03125 0.0253906
2 0.353271 0.369141 0.0239258 0.0175781
2 0.498779 0.383301 0.0161133 0.0244141
2 0.491943 0.388184 0.0131836 0.0185547
2 0.489502 0.395996 0.0170898 0.0263672
2 0.457275 0.342285 0.0112305 0.0146484
2 0.470947 0.363281 0.0219727 0.0195312
2 0.441895 0.369141 0.0185547 0.0234375
2 0.463623 0.39209 0.00927734 0.00878906
2 0.467773 0.412598 0.015625 0.0341797
2 0.433838 0.440918 0.081543 0.125977
2 0.54541 0.51709 0.150391 0.266602
2 0.117676 0.374512 0.0253906 0.0185547
2 0.0649414 0.383301 0.0449219 0.0322266
2 0.095459 0.404785 0.0463867 0.0458984
2 0.0693359 0.407715 0.0537109 0.0419922
2 0.0371094 0.399414 0.0683594 0.0527344
2 0.395996 0.390137 0.0136719 0.0224609
2 0.38623 0.397949 0.0175781 0.0322266
2 0.381836 0.402832 0.0136719 0.0283203
2 0.355469 0.424316 0.0517578 0.0966797
2 0.304443 0.431641 0.0737305 0.115234
2 0.215088 0.468262 0.134277 0.178711
7 0.48877 0.405273 0.00976562 0.03125
