1 0.436035 0.45752 0.00585938 0.0146484
1 0.428955 0.456543 0.00732422 0.0166016
2 0.480469 0.458984 0.0185547 0.0136719
2 0.468262 0.467285 0.0205078 0.0224609
2 0.642334 0.38916 0.00634766 0.00878906
2 0.633301 0.38916 0.00878906 0.0126953
2 0.602539 0.40918 0.00976562 0.0195312
2 0.596436 0.414551 0.012207 0.0185547
2 0.589111 0.422852 0.0170898 0.0195312
2 0.61377 0.412109 0.0126953 0.0175781
2 0.630127 0.414551 0.0112305 0.0185547
2 0.624023 0.42334 0.0117188 0.0185547
3 0.621094 0.390137 0.0136719 0.0244141
