1 0.567627 0.384766 0.00732422 0.0234375
1 0.79541 0.34082 0.0107422 0.0664062
1 0.760498 0.364258 0.0200195 0.0917969
1 0.740967 0.366699 0.0200195 0.0908203
1 0.807373 0.362305 0.0151367 0.0820312
1 0.824463 0.362793 0.0180664 0.0751953
5 0.593506 0.37793 0.0170898 0.0800781
2 0.453125 0.398926 0.0078125 0.0146484
2 0.441162 0.396484 0.0200195 0.0234375
2 0.220459 0.41748 0.0239258 0.0556641
2 0.208984 0.419922 0.0146484 0.0605469
2 0.171631 0.42334 0.0766602 0.0888672
2 0.0578613 0.434082 0.059082 0.0654297
2 0.0935059 0.431641 0.059082 0.0625
2 0.319824 0.392578 0.178711 0.169922
2 0.939453 0.365723 0.0576172 0.0810547
2 0.966797 0.368164 0.0615234 0.0761719
4 0.413818 0.387695 0.0395508 0.0507812
7 0.590576 0.399414 0.0356445 0.0507812
7 0.662354 0.372559 0.0258789 0.0341797
