1 0.309082 0.425781 0.00976562 0.0292969
1 0.473145 0.440918 0.00878906 0.0498047
1 0.70459 0.41748 0.00878906 0.0107422
1 0.728516 0.427246 0.0146484 0.0478516
2 0.414551 0.427734 0.0429688 0.0429688
2 0.369141 0.414551 0.0644531 0.0341797
2 0.338623 0.462891 0.0581055 0.0976562
2 0.513916 0.464844 0.0600586 0.107422
2 0.581299 0.441406 0.0561523 0.123047
2 0.641602 0.454102 0.0517578 0.09375
2 0.65918 0.467285 0.0517578 0.0888672
2 0.695801 0.472168 0.0664062 0.0986328
2 0.796387 0.487305 0.119141 0.185547
2 0.882568 0.515625 0.158691 0.21875
2 0.959473 0.504395 0.0761719 0.313477
3 0.202393 0.369141 0.22998 0.386719
7 0.72583 0.499023 0.0385742 0.0976562
