1 0.65332 0.4375 0.0117188 0.0683594
5 0.620117 0.428711 0.0126953 0.046875
2 0.602051 0.4375 0.0195312 0.0332031
2 0.190918 0.44873 0.0263672 0.0537109
2 0.226807 0.432617 0.0522461 0.0976562
2 0.363281 0.47998 0.290039 0.178711
2 0.141113 0.432129 0.0595703 0.0810547
2 0.88501 0.446777 0.0229492 0.0439453
2 0.157715 0.453125 0.0517578 0.0625
2 0.849854 0.444824 0.0522461 0.0537109
2 0.0935059 0.454102 0.0532227 0.0605469
2 0.0427246 0.466309 0.0795898 0.0947266
2 0.932373 0.433105 0.0610352 0.0849609
2 0.623779 0.433594 0.034668 0.0273438
2 0.635254 0.435059 0.0214844 0.0263672
2 0.664307 0.430664 0.0424805 0.0371094
2 0.67627 0.433594 0.0419922 0.0332031
2 0.686523 0.434082 0.0332031 0.0341797
2 0.710938 0.42627 0.0517578 0.0419922
2 0.707275 0.44043 0.0366211 0.0429688
2 0.720947 0.432129 0.0297852 0.0439453
2 0.726074 0.44873 0.0224609 0.0244141
2 0.769531 0.43457 0.0830078 0.0761719
7 0.619629 0.44873 0.0107422 0.0263672
