1 0.616211 0.437988 0.00878906 0.0673828
1 0.594482 0.445801 0.00537109 0.0322266
1 0.540527 0.448242 0.00683594 0.0253906
1 0.494873 0.438477 0.00830078 0.0488281
1 0.488525 0.443848 0.00732422 0.0595703
1 0.482422 0.440918 0.0195312 0.0712891
1 0.506348 0.440918 0.0107422 0.0732422
1 0.518066 0.486816 0.0488281 0.225586
1 0.425781 0.488281 0.0546875 0.207031
1 0.583984 0.444824 0.0078125 0.0380859
1 0.600342 0.441895 0.0131836 0.0595703
2 0.559814 0.439453 0.0317383 0.0644531
6 0.161865 0.479492 0.0786133 0.181641
7 0.235596 0.477539 0.102051 0.142578
7 0.364014 0.475586 0.019043 0.0800781
