1 0.395508 0.402344 0.00292969 0.0507812
1 0.263428 0.424316 0.00732422 0.0810547
1 0.407959 0.394043 0.00537109 0.0361328
1 0.405518 0.409668 0.0102539 0.0361328
1 0.353516 0.418457 0.0078125 0.0693359
1 0.271729 0.38916 0.00927734 0.0322266
1 0.274902 0.429688 0.0195312 0.101562
1 0.225342 0.42627 0.0219727 0.108398
1 0.140625 0.4375 0.0166016 0.126953
1 0.155029 0.437988 0.027832 0.129883
1 0.482422 0.398926 0.00585938 0.0205078
1 0.510254 0.398926 0.00390625 0.0263672
1 0.55127 0.407715 0.0126953 0.0478516
5 0.344482 0.425293 0.0180664 0.0830078
5 0.319336 0.427246 0.0214844 0.102539
5 0.454102 0.414062 0.0175781 0.0761719
5 0.628418 0.42334 0.0263672 0.157227
2 0.538818 0.406738 0.0180664 0.0361328
2 0.523193 0.410156 0.0258789 0.0410156
2 0.585693 0.408691 0.00732422 0.0380859
2 0.565674 0.40918 0.0258789 0.0390625
2 0.593262 0.408203 0.0175781 0.0488281
2 0.597656 0.410156 0.0185547 0.0507812
2 0.5979 0.412598 0.0141602 0.0498047
2 0.60083 0.414062 0.0112305 0.0546875
2 0.606934 0.41748 0.0195312 0.0634766
2 0.632568 0.424316 0.0454102 0.0693359
2 0.651611 0.433105 0.019043 0.0888672
2 0.685303 0.432617 0.0737305 0.126953
2 0.76416 0.444336 0.133789 0.214844
2 0.883789 0.48291 0.227539 0.270508
2 0.978271 0.605469 0.0385742 0.226562
7 0.297119 0.429199 0.0141602 0.0478516
7 0.321289 0.452148 0.015625 0.0683594
7 0.17334 0.453125 0.015625 0.0644531
7 0.12915 0.459961 0.0151367 0.0761719
7 0.0817871 0.46582 0.0405273 0.0878906
7 0.454834 0.438477 0.00732422 0.0449219
7 0.628906 0.47168 0.0117188 0.0820312
7 0.687256 0.459961 0.0307617 0.0859375
7 0.692627 0.463867 0.0307617 0.0878906
