1 0.539062 0.412598 0.00878906 0.0419922
1 0.571289 0.408691 0.0117188 0.0380859
1 0.560059 0.413574 0.0117188 0.0458984
1 0.883789 0.435059 0.0634766 0.114258
1 0.55127 0.411133 0.00976562 0.0332031
5 0.511719 0.43457 0.0322266 0.164062
5 0.699707 0.470215 0.0625 0.260742
2 0.655762 0.390625 0.015625 0.0546875
2 0.588379 0.437012 0.0644531 0.0556641
2 0.742432 0.410156 0.0424805 0.0546875
2 0.721191 0.472656 0.105469 0.167969
6 0.706299 0.411621 0.0620117 0.0244141
6 0.707764 0.524902 0.050293 0.188477
7 0.801514 0.441406 0.0151367 0.0585938
7 0.791016 0.443359 0.0253906 0.0585938
7 0.095459 0.559082 0.0805664 0.311523
7 0.510498 0.466797 0.0356445 0.0820312
7 0.979492 0.404785 0.0361328 0.0654297
7 0.956543 0.539062 0.0820312 0.240234
7 0.979248 0.60791 0.0366211 0.172852
