1 0.0336914 0.42041 0.00683594 0.00878906
1 0.127197 0.443848 0.00830078 0.0517578
1 0.942139 0.38623 0.0239258 0.0751953
1 0.800781 0.405273 0.0175781 0.0722656
1 0.764648 0.39502 0.0146484 0.0615234
2 0.260986 0.444336 0.0161133 0.0332031
2 0.243896 0.444824 0.0288086 0.0361328
2 0.216309 0.446289 0.0371094 0.0390625
2 0.139893 0.441406 0.0756836 0.078125
2 0.123291 0.45459 0.0209961 0.0595703
2 0.0898438 0.453125 0.0644531 0.0722656
2 0.0664062 0.462891 0.0429688 0.0605469
2 0.029541 0.458496 0.0532227 0.0751953
2 0.0146484 0.467773 0.0234375 0.0742188
2 0.465332 0.421875 0.00390625 0.0136719
2 0.448975 0.420898 0.00537109 0.0136719
2 0.45752 0.422852 0.0136719 0.0253906
2 0.435303 0.432617 0.0336914 0.0527344
2 0.386963 0.439941 0.0493164 0.0712891
2 0.312012 0.461914 0.0888672 0.105469
2 0.475342 0.424805 0.0180664 0.0292969
2 0.529785 0.42041 0.015625 0.0244141
2 0.532227 0.424316 0.00585938 0.0205078
2 0.534424 0.423828 0.00634766 0.0195312
2 0.555664 0.416016 0.0332031 0.0410156
2 0.557617 0.421387 0.0234375 0.0361328
2 0.578125 0.416992 0.0292969 0.0390625
2 0.577637 0.426758 0.0273438 0.0507812
2 0.581787 0.425781 0.0219727 0.0507812
2 0.581787 0.436523 0.0112305 0.0332031
2 0.67041 0.42334 0.157227 0.139648
2 0.699707 0.430664 0.152344 0.0976562
