5 0.435303 0.403809 0.0131836 0.0498047
2 0.61377 0.382324 0.0214844 0.0263672
2 0.60376 0.390137 0.012207 0.0126953
2 0.543701 0.388672 0.0356445 0.0292969
2 0.518799 0.395996 0.0336914 0.0244141
2 0.45459 0.401855 0.0322266 0.0322266
2 0.637939 0.42334 0.0336914 0.110352
2 0.665771 0.435547 0.0678711 0.148438
2 0.735352 0.433105 0.126953 0.225586
2 0.873779 0.47998 0.247559 0.473633
2 0.420654 0.40332 0.00439453 0.0136719
2 0.307373 0.447754 0.0805664 0.149414
2 0.246094 0.476074 0.114258 0.168945
2 0.127197 0.493164 0.17334 0.271484
2 0.0354004 0.535156 0.0649414 0.292969
7 0.39917 0.416504 0.0131836 0.0283203
7 0.436523 0.415039 0.0136719 0.03125
7 0.425781 0.417969 0.015625 0.0292969
