1 0.748291 0.418457 0.0405273 0.168945
1 0.699463 0.413574 0.0336914 0.18457
2 0.0461426 0.367188 0.0649414 0.0351562
2 0.131348 0.363281 0.0683594 0.0410156
2 0.186523 0.363281 0.0117188 0.0292969
2 0.285645 0.341309 0.105469 0.0732422
2 0.221191 0.359863 0.0634766 0.0361328
2 0.295654 0.356934 0.0678711 0.0400391
2 0.515869 0.365723 0.0102539 0.00878906
2 0.453857 0.362305 0.0161133 0.0273438
2 0.475342 0.355957 0.0297852 0.0380859
2 0.534912 0.367676 0.00927734 0.00683594
2 0.565918 0.385742 0.0537109 0.0976562
2 0.577148 0.401367 0.0742188 0.119141
7 0.884766 0.451172 0.116211 0.140625
