1 0.689941 0.416992 0.0146484 0.0625
1 0.682617 0.421875 0.0117188 0.0566406
1 0.931885 0.401855 0.0180664 0.0966797
5 0.616211 0.433594 0.0146484 0.0566406
5 0.381592 0.455566 0.0366211 0.102539
2 0.530029 0.425781 0.034668 0.0234375
2 0.509277 0.430176 0.0126953 0.0263672
2 0.457764 0.404297 0.0541992 0.0410156
2 0.490234 0.434082 0.0410156 0.0400391
2 0.456543 0.437988 0.0361328 0.0380859
2 0.419434 0.437012 0.0488281 0.0439453
2 0.396729 0.444336 0.0180664 0.0351562
2 0.0153809 0.445312 0.0249023 0.0273438
2 0.0534668 0.463867 0.0268555 0.0273438
2 0.0229492 0.481445 0.0400391 0.0722656
2 0.731201 0.430176 0.0717773 0.0888672
2 0.786133 0.419434 0.0449219 0.0712891
2 0.961914 0.400879 0.0224609 0.0400391
2 0.945801 0.402832 0.0136719 0.0341797
2 0.906982 0.408203 0.0395508 0.0703125
2 0.88501 0.414551 0.0473633 0.0732422
2 0.857178 0.419922 0.0522461 0.0761719
2 0.825195 0.427734 0.0712891 0.0859375
2 0.275879 0.432129 0.0380859 0.0185547
2 0.290771 0.45166 0.0532227 0.0439453
2 0.263672 0.455566 0.0664062 0.0400391
2 0.225586 0.462402 0.0576172 0.0498047
2 0.187988 0.460449 0.0419922 0.0576172
2 0.0944824 0.489746 0.177246 0.137695
6 0.588867 0.430176 0.0253906 0.0654297
7 0.614258 0.450195 0.0234375 0.0507812
7 0.376709 0.476074 0.0209961 0.0693359
