1 0.256348 0.333496 0.00390625 0.0146484
1 0.194092 0.340332 0.00537109 0.0126953
1 0.604492 0.334473 0.00976562 0.0556641
1 0.616455 0.334961 0.0112305 0.0585938
1 0.657471 0.39502 0.0239258 0.137695
1 0.682861 0.383789 0.0258789 0.154297
1 0.709473 0.380859 0.0273438 0.142578
1 0.768311 0.383789 0.0327148 0.1875
5 0.300293 0.335449 0.0146484 0.0224609
5 0.302002 0.372559 0.0170898 0.0830078
5 0.289551 0.379395 0.0205078 0.0908203
2 0.424805 0.34375 0.046875 0.0429688
2 0.226807 0.341309 0.019043 0.0107422
2 0.207275 0.358887 0.0454102 0.0439453
2 0.248047 0.366699 0.0712891 0.0537109
2 0.352539 0.367188 0.0830078 0.0644531
6 0.390625 0.344238 0.0322266 0.0478516
7 0.433838 0.347656 0.019043 0.0390625
7 0.302734 0.393066 0.0126953 0.0576172
7 0.289795 0.402344 0.0151367 0.0625
