2 0.207031 0.400879 0.015625 0.0244141
2 0.203613 0.411621 0.00878906 0.00878906
2 0.213867 0.436523 0.0292969 0.0488281
2 0.917969 0.657227 0.15918 0.574219
2 0.515381 0.467285 0.0786133 0.125977
2 0.563965 0.473145 0.0742188 0.157227
2 0.661865 0.476074 0.183105 0.237305
2 0.060791 0.508301 0.115723 0.364258
2 0.2229 0.400879 0.0102539 0.0224609
2 0.257568 0.391602 0.0512695 0.046875
2 0.260742 0.401855 0.0185547 0.0322266
2 0.274902 0.401855 0.0273438 0.0302734
2 0.310547 0.385742 0.0166016 0.0078125
2 0.32666 0.385742 0.0195312 0.0136719
2 0.30249 0.405273 0.0405273 0.0351562
2 0.329834 0.407227 0.0268555 0.0390625
2 0.334473 0.409668 0.0253906 0.0380859
2 0.351807 0.40918 0.0161133 0.046875
2 0.415283 0.385254 0.00732422 0.00878906
2 0.430908 0.393555 0.0258789 0.03125
2 0.393311 0.405762 0.0737305 0.0576172
2 0.453369 0.397949 0.027832 0.0400391
2 0.476074 0.398926 0.0361328 0.0419922
