1 0.587158 0.419922 0.0131836 0.0546875
2 0.598389 0.385742 0.00830078 0.0253906
2 0.588867 0.38623 0.0205078 0.0302734
2 0.562744 0.405762 0.0200195 0.0380859
2 0.55542 0.419434 0.0102539 0.0439453
2 0.545166 0.417969 0.0209961 0.0488281
2 0.543213 0.425293 0.0161133 0.0498047
2 0.354736 0.45752 0.0913086 0.186523
2 0.333252 0.47168 0.0532227 0.197266
2 0.270752 0.514648 0.134277 0.302734
2 0.117188 0.585449 0.228516 0.604492
2 0.634521 0.389648 0.0180664 0.0175781
2 0.637939 0.473145 0.0776367 0.168945
2 0.690186 0.501953 0.10791 0.224609
2 0.845215 0.534668 0.304688 0.422852
2 0.956055 0.701172 0.0830078 0.414062
3 0.500977 0.413574 0.0703125 0.135742
