1 0.299072 0.406738 0.0151367 0.0693359
1 0.329346 0.382324 0.00634766 0.110352
1 0.515137 0.42041 0.0166016 0.0888672
1 0.502441 0.417969 0.0146484 0.0878906
1 0.487793 0.415039 0.0185547 0.0917969
2 0.166748 0.40625 0.0161133 0.03125
2 0.177734 0.412109 0.0253906 0.0351562
2 0.00927734 0.439941 0.0126953 0.0634766
2 0.145752 0.436523 0.0473633 0.0625
2 0.662598 0.377441 0.015625 0.0107422
2 0.742676 0.37793 0.0429688 0.046875
2 0.761963 0.38916 0.00439453 0.0205078
2 0.61084 0.383789 0.0146484 0.0136719
2 0.636475 0.393555 0.0454102 0.0429688
2 0.686035 0.382812 0.0654297 0.0566406
2 0.70166 0.405762 0.0673828 0.0673828
2 0.596191 0.449707 0.0957031 0.12207
2 0.102051 0.444336 0.0625 0.0800781
4 0.478516 0.373535 0.182617 0.135742
7 0.0610352 0.431641 0.0292969 0.046875
