1 0.435547 0.413574 0.00488281 0.0224609
1 0.328613 0.4375 0.0175781 0.0664062
2 0.5 0.409668 0.00878906 0.00683594
2 0.510986 0.40918 0.0112305 0.00976562
2 0.531738 0.412109 0.0107422 0.015625
2 0.536133 0.423828 0.0117188 0.0234375
2 0.541992 0.427734 0.0166016 0.0273438
2 0.541748 0.431152 0.00830078 0.0302734
2 0.544678 0.432617 0.0102539 0.0332031
2 0.554688 0.432129 0.0205078 0.0341797
2 0.570557 0.441406 0.0258789 0.0527344
2 0.595703 0.449707 0.0439453 0.0791016
2 0.612793 0.460449 0.0566406 0.0849609
2 0.658936 0.484863 0.0610352 0.151367
2 0.733643 0.498535 0.145996 0.200195
2 0.490479 0.413086 0.00439453 0.015625
2 0.483643 0.414062 0.0131836 0.0234375
2 0.483154 0.420898 0.00927734 0.0234375
2 0.482422 0.425293 0.00390625 0.0146484
2 0.471924 0.421875 0.0170898 0.0273438
2 0.4729 0.427734 0.00830078 0.0234375
2 0.470459 0.428223 0.00634766 0.0224609
2 0.462891 0.427246 0.015625 0.0263672
2 0.461182 0.431641 0.0102539 0.0253906
2 0.449707 0.426758 0.0195312 0.0449219
6 0.425781 0.436035 0.0380859 0.0361328
7 0.372314 0.44043 0.0180664 0.0546875
