1 0.656006 0.410156 0.00830078 0.0390625
1 0.674072 0.416504 0.00927734 0.0576172
1 0.681152 0.414551 0.00683594 0.0595703
1 0.688232 0.416504 0.012207 0.0810547
1 0.696533 0.427734 0.0102539 0.0527344
1 0.711182 0.418945 0.00732422 0.0703125
1 0.718994 0.414062 0.0141602 0.0800781
1 0.735107 0.430176 0.00927734 0.0458984
1 0.802979 0.430664 0.0258789 0.138672
1 0.829102 0.429199 0.0302734 0.137695
1 0.614502 0.419922 0.00634766 0.0566406
1 0.609375 0.41748 0.00683594 0.0654297
1 0.013916 0.454102 0.0219727 0.128906
5 0.753662 0.419434 0.0307617 0.131836
2 0.450684 0.411621 0.0078125 0.00878906
2 0.464844 0.418945 0.0273438 0.0390625
2 0.52124 0.419434 0.0170898 0.0302734
2 0.541016 0.425293 0.03125 0.0537109
2 0.573975 0.438477 0.0463867 0.078125
2 0.618408 0.416016 0.0541992 0.0351562
2 0.790039 0.42041 0.0546875 0.0810547
2 0.841064 0.42627 0.0766602 0.0947266
2 0.494141 0.426758 0.0429688 0.0722656
2 0.392822 0.417969 0.0405273 0.0625
2 0.307861 0.432129 0.0551758 0.0810547
2 0.210449 0.452637 0.0898438 0.104492
2 0.43042 0.428711 0.0473633 0.0664062
7 0.754395 0.473145 0.0214844 0.0712891
7 0.161865 0.449707 0.0249023 0.0537109
