1 0.0292969 0.377441 0.015625 0.0244141
1 0.0427246 0.425781 0.0385742 0.111328
1 0.385254 0.449707 0.00488281 0.00683594
1 0.359375 0.447754 0.00292969 0.00488281
1 0.352051 0.447754 0.00292969 0.00683594
1 0.630127 0.478516 0.0405273 0.238281
5 0.402588 0.458984 0.0131836 0.0527344
2 0.241699 0.462891 0.0244141 0.0292969
2 0.0681152 0.628906 0.130371 0.457031
2 0.317627 0.472656 0.0317383 0.0351562
2 0.344238 0.467773 0.0185547 0.0332031
7 0.984375 0.50293 0.0263672 0.0839844
7 0.402344 0.480469 0.00585938 0.03125
