5 0.133789 0.406738 0.0214844 0.0712891
2 0.625977 0.393066 0.0205078 0.0537109
2 0.455078 0.438477 0.0800781 0.09375
2 0.746582 0.381348 0.00195312 0.0166016
2 0.743652 0.380859 0.0078125 0.0175781
2 0.738525 0.383789 0.00537109 0.0136719
2 0.724854 0.38623 0.00634766 0.0185547
2 0.7229 0.386719 0.00537109 0.0195312
2 0.716553 0.386719 0.0102539 0.0195312
2 0.71167 0.387695 0.00634766 0.0195312
2 0.702393 0.388672 0.0151367 0.0214844
3 0.548828 0.336426 0.137695 0.342773
7 0.135498 0.441406 0.0317383 0.0644531
