5 0.289307 0.458496 0.0317383 0.149414
5 0.320312 0.458008 0.0351562 0.181641
2 0.501709 0.410645 0.00830078 0.0185547
2 0.52002 0.412598 0.0136719 0.0224609
2 0.530518 0.411621 0.0180664 0.0244141
2 0.539062 0.412109 0.0136719 0.0253906
2 0.476807 0.416016 0.0317383 0.0332031
2 0.474121 0.423828 0.0302734 0.0429688
2 0.576416 0.367676 0.0444336 0.0361328
2 0.551758 0.438477 0.0234375 0.105469
2 0.57373 0.443848 0.0556641 0.129883
2 0.61084 0.458496 0.0947266 0.161133
2 0.795654 0.499023 0.287598 0.365234
6 0.674316 0.419434 0.0400391 0.0947266
7 0.289551 0.499512 0.0195312 0.108398
7 0.320557 0.5 0.0258789 0.117188
