1 0.479492 0.42627 0.00585938 0.0283203
1 0.487793 0.424805 0.00390625 0.0175781
1 0.313965 0.400391 0.00976562 0.0175781
1 0.531006 0.425293 0.00634766 0.0322266
5 0.541504 0.425293 0.00683594 0.0244141
2 0.514404 0.409668 0.00732422 0.00878906
2 0.512451 0.419434 0.0131836 0.0166016
2 0.458008 0.425293 0.0205078 0.0380859
2 0.438721 0.430176 0.0131836 0.0283203
2 0.431152 0.429688 0.00976562 0.0292969
2 0.425049 0.430176 0.00927734 0.0361328
2 0.41748 0.430176 0.0146484 0.0419922
2 0.410156 0.431152 0.0146484 0.0458984
2 0.393799 0.435547 0.0307617 0.0605469
2 0.392334 0.439941 0.0258789 0.0615234
2 0.375732 0.44043 0.0249023 0.0703125
2 0.357178 0.445801 0.0356445 0.0771484
2 0.319092 0.450684 0.0620117 0.0869141
2 0.268066 0.468262 0.0615234 0.112305
2 0.185303 0.476074 0.13916 0.15918
2 0.538086 0.423828 0.0107422 0.0292969
2 0.545898 0.421875 0.0175781 0.0253906
2 0.546143 0.426758 0.00732422 0.0292969
2 0.551758 0.428711 0.0126953 0.0332031
2 0.557373 0.432617 0.0151367 0.0332031
2 0.565674 0.435547 0.012207 0.0371094
2 0.569824 0.437988 0.00976562 0.0419922
2 0.57666 0.433594 0.0136719 0.0507812
2 0.586914 0.4375 0.0302734 0.0605469
2 0.603516 0.443359 0.0273438 0.0683594
2 0.615234 0.447266 0.0283203 0.0742188
2 0.647217 0.461426 0.0776367 0.104492
2 0.877197 0.533691 0.239746 0.266602
7 0.54126 0.434082 0.00341797 0.0166016
