1 0.465576 0.428223 0.00830078 0.0361328
1 0.426514 0.430664 0.0170898 0.105469
1 0.488037 0.42334 0.00537109 0.0322266
1 0.55542 0.413574 0.00634766 0.0146484
1 0.137939 0.359863 0.0200195 0.0693359
1 0.125977 0.432129 0.0419922 0.206055
1 0.0751953 0.42041 0.0185547 0.0654297
1 0.0898438 0.441895 0.0205078 0.0654297
1 0.0112305 0.372559 0.0166016 0.0732422
5 0.446777 0.426758 0.0214844 0.109375
5 0.151611 0.407715 0.0170898 0.0986328
2 0.420166 0.429688 0.0405273 0.0996094
2 0.493652 0.43457 0.0136719 0.0566406
2 0.520752 0.439941 0.0581055 0.0830078
2 0.561035 0.426758 0.0185547 0.0507812
2 0.569336 0.432129 0.0214844 0.0498047
2 0.587646 0.434082 0.034668 0.0537109
2 0.905029 0.486816 0.185059 0.415039
2 0.373047 0.423828 0.0742188 0.152344
2 0.368408 0.45459 0.0512695 0.139648
2 0.255859 0.432129 0.204102 0.305664
3 0.664795 0.390625 0.144043 0.25
7 0.446777 0.453613 0.0214844 0.0712891
7 0.800781 0.443359 0.0488281 0.0820312
7 0.745117 0.439941 0.0302734 0.0771484
7 0.763672 0.445801 0.0332031 0.0927734
7 0.147461 0.476074 0.0185547 0.0712891
7 0.0603027 0.481445 0.0805664 0.179688
