1 0.192871 0.428223 0.00585938 0.0322266
1 0.1875 0.440918 0.00976562 0.0341797
1 0.187012 0.447266 0.0224609 0.0410156
1 0.173584 0.447754 0.0161133 0.0439453
1 0.437256 0.390137 0.0102539 0.0380859
1 0.499268 0.400391 0.00732422 0.0292969
1 0.504395 0.405273 0.00976562 0.0292969
1 0.828613 0.366699 0.0195312 0.0458984
1 0.789795 0.413574 0.0151367 0.141602
1 0.773926 0.413574 0.0253906 0.143555
2 0.203613 0.427734 0.0332031 0.0488281
2 0.282715 0.405762 0.0605469 0.0556641
2 0.361084 0.393555 0.0268555 0.0429688
2 0.395264 0.384277 0.0678711 0.0458984
2 0.414551 0.436035 0.0556641 0.0771484
2 0.475342 0.388672 0.050293 0.0488281
2 0.467041 0.435547 0.0678711 0.107422
2 0.51416 0.40332 0.0117188 0.0507812
2 0.528809 0.404297 0.0410156 0.0644531
2 0.566406 0.387207 0.0371094 0.0595703
2 0.593994 0.386719 0.0786133 0.078125
2 0.576172 0.413574 0.0283203 0.0361328
2 0.611816 0.39209 0.0820312 0.0615234
2 0.598633 0.425781 0.0712891 0.0917969
2 0.796143 0.374023 0.0336914 0.0546875
2 0.757568 0.388672 0.0297852 0.0683594
2 0.825928 0.386719 0.0600586 0.0800781
2 0.68335 0.402832 0.194824 0.180664
2 0.890869 0.40625 0.17041 0.164062
2 0.953125 0.471191 0.0888672 0.258789
4 0.0852051 0.418945 0.164551 0.189453
7 0.0102539 0.493164 0.0146484 0.0800781
