1 0.688477 0.45166 0.0117188 0.0419922
2 0.65625 0.44043 0.00585938 0.0253906
2 0.634766 0.435547 0.00585938 0.0175781
2 0.630859 0.442871 0.0117188 0.0322266
2 0.618408 0.442871 0.0170898 0.0361328
2 0.607666 0.445801 0.0239258 0.0341797
2 0.573242 0.452637 0.0234375 0.0478516
2 0.561035 0.453613 0.0146484 0.0498047
2 0.541504 0.455078 0.0419922 0.0566406
2 0.512451 0.459961 0.0258789 0.0703125
2 0.480713 0.45752 0.0483398 0.0947266
2 0.454346 0.46875 0.0649414 0.0957031
2 0.364014 0.470703 0.0629883 0.125
2 0.323242 0.480469 0.0595703 0.150391
2 0.234863 0.488281 0.150391 0.208984
2 0.695312 0.450684 0.0136719 0.0361328
2 0.674072 0.453125 0.0229492 0.0410156
7 0.678467 0.463867 0.0249023 0.0253906
7 0.943115 0.70752 0.108887 0.241211
