1 0.186279 0.398926 0.0170898 0.0283203
2 0.445312 0.415039 0.0166016 0.015625
2 0.469238 0.416016 0.0322266 0.03125
2 0.476562 0.418457 0.0214844 0.0263672
2 0.486084 0.419434 0.019043 0.0244141
2 0.495117 0.419434 0.015625 0.0244141
2 0.500488 0.42041 0.0107422 0.0244141
2 0.510254 0.416016 0.0175781 0.0292969
2 0.513184 0.419922 0.0078125 0.0253906
2 0.520752 0.41748 0.0151367 0.0322266
2 0.523438 0.418457 0.00878906 0.0283203
2 0.53125 0.41748 0.015625 0.0341797
2 0.547119 0.415039 0.027832 0.0351562
2 0.564941 0.415039 0.0351562 0.0351562
2 0.459961 0.449707 0.0136719 0.0537109
2 0.438232 0.447754 0.0415039 0.0693359
2 0.403809 0.462891 0.0478516 0.0800781
2 0.348145 0.47998 0.0878906 0.125977
2 0.217041 0.516602 0.172363 0.234375
2 0.0751953 0.595703 0.144531 0.445312
6 0.670166 0.450195 0.0268555 0.111328
