1 0.464355 0.420898 0.00585938 0.0390625
1 0.456299 0.41748 0.00927734 0.0478516
5 0.424561 0.447266 0.0229492 0.0839844
2 0.982178 0.411621 0.0307617 0.0517578
2 0.931396 0.410645 0.043457 0.0517578
2 0.864502 0.402344 0.0297852 0.0664062
2 0.829102 0.416992 0.0615234 0.0527344
2 0.654053 0.402832 0.116699 0.260742
2 0.695801 0.478027 0.136719 0.213867
2 0.709229 0.475586 0.0375977 0.0195312
2 0.544922 0.404785 0.0078125 0.0126953
2 0.551758 0.407715 0.00683594 0.0185547
2 0.55542 0.408691 0.0102539 0.0205078
2 0.562744 0.414551 0.0151367 0.0322266
2 0.56958 0.419922 0.0239258 0.0371094
2 0.5354 0.413086 0.0151367 0.0253906
7 0.425049 0.46875 0.0239258 0.0664062
