1 0.85083 0.560059 0.0112305 0.0205078
1 0.768311 0.495117 0.0219727 0.15625
1 0.780029 0.483398 0.0327148 0.181641
1 0.131592 0.494141 0.0297852 0.246094
1 0.685303 0.477539 0.0610352 0.275391
1 0.344727 0.486816 0.0361328 0.233398
1 0.319092 0.495605 0.034668 0.223633
1 0.52124 0.476562 0.043457 0.267578
1 0.456787 0.479004 0.0463867 0.25293
1 0.498047 0.466797 0.0566406 0.300781
1 0.398682 0.478516 0.0493164 0.255859
1 0.404297 0.479004 0.0419922 0.260742
1 0.603516 0.476074 0.0566406 0.295898
2 0.964111 0.447754 0.0668945 0.245117
2 0.635254 0.499023 0.301758 0.207031
2 0.130127 0.518066 0.254395 0.223633
2 0.992432 0.708008 0.0102539 0.181641
7 0.157227 0.607422 0.0126953 0.0136719
