1 0.377441 0.436523 0.0078125 0.046875
1 0.1875 0.38916 0.0341797 0.0634766
1 0.122803 0.423828 0.0385742 0.146484
1 0.112305 0.449707 0.0419922 0.131836
1 0.361572 0.436035 0.00634766 0.0302734
1 0.366943 0.429688 0.00537109 0.0214844
1 0.370361 0.441895 0.0102539 0.0361328
1 0.34375 0.42627 0.00585938 0.0244141
1 0.327393 0.443848 0.00927734 0.0498047
5 0.448975 0.430664 0.0161133 0.078125
2 0.208496 0.51123 0.162109 0.192383
2 0.0788574 0.639648 0.151855 0.556641
2 0.402344 0.443359 0.0429688 0.0722656
6 0.425293 0.435059 0.0117188 0.0341797
7 0.448975 0.450195 0.0161133 0.0507812
7 0.339111 0.456543 0.0112305 0.0498047
