1 0.670898 0.330078 0.0078125 0.0371094
1 0.654297 0.338867 0.00976562 0.0585938
1 0.748779 0.37207 0.0219727 0.109375
1 0.720459 0.371582 0.0200195 0.116211
1 0.905029 0.303223 0.0141602 0.0283203
1 0.873779 0.375977 0.0170898 0.101562
1 0.607666 0.313965 0.00732422 0.0185547
1 0.612549 0.313965 0.00634766 0.0166016
1 0.617432 0.313477 0.00634766 0.015625
1 0.623779 0.310059 0.00830078 0.0205078
1 0.631104 0.32373 0.00927734 0.0322266
1 0.640137 0.328613 0.00976562 0.0439453
1 0.644043 0.34082 0.0117188 0.0566406
1 0.547852 0.320312 0.0078125 0.0273438
1 0.579102 0.322266 0.00683594 0.0253906
1 0.572754 0.322754 0.00683594 0.0224609
1 0.562988 0.320801 0.0107422 0.0244141
1 0.54126 0.323242 0.00634766 0.0253906
1 0.536865 0.321777 0.00537109 0.0283203
1 0.492432 0.310547 0.00439453 0.0078125
1 0.498047 0.311035 0.00488281 0.00683594
1 0.474609 0.319336 0.00488281 0.0214844
1 0.484863 0.320312 0.0078125 0.0273438
1 0.465332 0.313477 0.00488281 0.00976562
1 0.452148 0.311035 0.00488281 0.0166016
1 0.457275 0.311523 0.00732422 0.0136719
1 0.444092 0.31543 0.00634766 0.0214844
1 0.4375 0.315918 0.00976562 0.0263672
1 0.429688 0.317383 0.00683594 0.0234375
1 0.421387 0.319336 0.00292969 0.0214844
1 0.415771 0.317871 0.00634766 0.0224609
1 0.419434 0.329102 0.00585938 0.015625
1 0.415283 0.338379 0.00537109 0.0341797
1 0.434814 0.356445 0.00927734 0.0742188
1 0.432373 0.361328 0.0161133 0.0722656
1 0.627197 0.368164 0.0209961 0.0839844
1 0.525879 0.414062 0.0449219 0.171875
1 0.370361 0.337402 0.00439453 0.0361328
1 0.367188 0.360352 0.0078125 0.0625
1 0.336182 0.369141 0.0141602 0.0996094
1 0.328125 0.38623 0.0244141 0.110352
1 0.358643 0.421875 0.0717773 0.248047
1 0.223389 0.39209 0.0170898 0.133789
1 0.246094 0.39209 0.0283203 0.125977
1 0.216309 0.393555 0.0429688 0.142578
1 0.204834 0.395996 0.0288086 0.151367
1 0.180664 0.36084 0.0205078 0.0810547
1 0.180664 0.360352 0.0166016 0.0820312
1 0.133545 0.342285 0.012207 0.0380859
1 0.0959473 0.384766 0.0209961 0.0976562
1 0.140137 0.385742 0.0263672 0.125
1 0.113525 0.380371 0.034668 0.135742
1 0.0722656 0.383301 0.0332031 0.0908203
1 0.0605469 0.39209 0.0458984 0.139648
5 0.598877 0.367676 0.0249023 0.0966797
5 0.167236 0.383301 0.0405273 0.129883
2 0.93042 0.441895 0.134277 0.30957
2 0.946045 0.511719 0.103027 0.361328
2 0.592041 0.312988 0.019043 0.0126953
2 0.553467 0.320801 0.0161133 0.0263672
2 0.592773 0.334473 0.0263672 0.0361328
2 0.503418 0.31543 0.0078125 0.00976562
2 0.496094 0.33252 0.0185547 0.0361328
2 0.471191 0.326172 0.00976562 0.0175781
2 0.519775 0.331543 0.0366211 0.0576172
2 0.457764 0.328613 0.0258789 0.0224609
2 0.451172 0.348145 0.0205078 0.0439453
2 0.432617 0.359863 0.0390625 0.0615234
2 0.477051 0.374512 0.0537109 0.0830078
2 0.563721 0.393066 0.0678711 0.120117
6 0.663818 0.395996 0.0532227 0.0615234
6 0.171387 0.432129 0.0400391 0.0634766
7 0.598633 0.393555 0.00976562 0.046875
7 0.64502 0.387207 0.0371094 0.0673828
7 0.6604 0.39502 0.0112305 0.0498047
7 0.175537 0.483887 0.0766602 0.151367
7 0.131836 0.480469 0.0820312 0.15625
7 0.0456543 0.426758 0.0668945 0.0703125
7 0.0117188 0.454102 0.0175781 0.0273438
7 0.106201 0.501465 0.090332 0.176758
7 0.0153809 0.432129 0.0249023 0.0712891
7 0.0336914 0.544434 0.0380859 0.116211
7 0.105225 0.547363 0.0473633 0.120117
7 0.0524902 0.517578 0.0991211 0.193359
