1 0.0585938 0.337402 0.0273438 0.0322266
1 0.414551 0.417969 0.0205078 0.154297
1 0.747314 0.396484 0.027832 0.0917969
1 0.792236 0.402344 0.0258789 0.107422
1 0.886719 0.401367 0.0390625 0.0703125
1 0.910156 0.399414 0.0195312 0.0683594
1 0.562012 0.41748 0.0146484 0.0634766
5 0.4646 0.400391 0.0151367 0.0703125
2 0.445068 0.411621 0.0249023 0.0654297
2 0.38208 0.423828 0.0532227 0.103516
2 0.260986 0.404785 0.216309 0.383789
2 0.124756 0.52832 0.243652 0.355469
2 0.015625 0.660156 0.0253906 0.289062
2 0.612305 0.415039 0.0449219 0.078125
2 0.61792 0.422852 0.0415039 0.078125
4 0.536865 0.393066 0.0268555 0.0400391
7 0.464844 0.424805 0.0126953 0.0507812
