1 0.871826 0.37207 0.0336914 0.0546875
1 0.911133 0.360352 0.0400391 0.0898438
5 0.514893 0.424805 0.0209961 0.0742188
2 0.61377 0.414062 0.0136719 0.0195312
2 0.578369 0.39502 0.0151367 0.0166016
2 0.578369 0.408203 0.0112305 0.0214844
2 0.572021 0.416016 0.019043 0.0351562
2 0.594727 0.416992 0.0273438 0.0410156
2 0.634033 0.411621 0.0180664 0.0224609
2 0.664795 0.407227 0.0112305 0.0410156
2 0.667969 0.408691 0.0107422 0.0439453
2 0.684326 0.421875 0.0366211 0.0761719
2 0.561768 0.418457 0.0161133 0.0400391
2 0.54248 0.41748 0.0332031 0.0458984
2 0.519775 0.429688 0.034668 0.0644531
2 0.495605 0.436035 0.03125 0.0654297
2 0.466797 0.451172 0.0458984 0.0839844
2 0.68042 0.430176 0.0239258 0.0673828
2 0.685791 0.448242 0.0219727 0.101562
2 0.692383 0.446289 0.0214844 0.105469
2 0.71875 0.440918 0.0615234 0.12793
2 0.71875 0.471191 0.0605469 0.18457
2 0.789307 0.481445 0.130371 0.25
2 0.871582 0.568848 0.251953 0.34082
2 0.439209 0.459473 0.043457 0.0966797
2 0.407227 0.468262 0.0625 0.110352
2 0.337891 0.480957 0.121094 0.139648
7 0.515625 0.458496 0.0195312 0.0634766
