1 0.263916 0.433594 0.00732422 0.0332031
1 0.234863 0.445312 0.0175781 0.0761719
1 0.270752 0.439941 0.00732422 0.0966797
1 0.503662 0.43457 0.012207 0.0664062
5 0.218262 0.433594 0.0078125 0.0332031
2 0.43335 0.43457 0.00634766 0.0175781
2 0.406006 0.436035 0.0209961 0.0224609
2 0.35498 0.436035 0.0273438 0.0263672
2 0.233643 0.447266 0.0336914 0.0390625
2 0.328369 0.445312 0.0395508 0.0390625
2 0.459717 0.426758 0.0532227 0.09375
2 0.68042 0.462402 0.151855 0.229492
2 0.87915 0.546387 0.236816 0.43457
8 0.0974121 0.379883 0.188965 0.359375
