1 0.725342 0.401855 0.0219727 0.0673828
1 0.826904 0.387695 0.0219727 0.0800781
1 0.543457 0.400879 0.00488281 0.0263672
1 0.493408 0.397949 0.00341797 0.0205078
1 0.259521 0.391113 0.0170898 0.0517578
2 0.541504 0.395996 0.00292969 0.0283203
2 0.55127 0.392578 0.0175781 0.0449219
2 0.553711 0.405273 0.0136719 0.03125
2 0.563721 0.407227 0.0200195 0.0332031
2 0.587646 0.42334 0.0161133 0.0654297
2 0.601318 0.42334 0.0288086 0.0791016
2 0.635986 0.432617 0.0649414 0.117188
2 0.668213 0.44873 0.102051 0.12207
2 0.521484 0.399902 0.0107422 0.0146484
2 0.480957 0.402344 0.0126953 0.0195312
2 0.469727 0.405762 0.0146484 0.0283203
2 0.465332 0.409668 0.00976562 0.0302734
2 0.452148 0.408203 0.0205078 0.0410156
2 0.433838 0.418457 0.0297852 0.0439453
2 0.335205 0.439941 0.0717773 0.0908203
2 0.118896 0.412598 0.231934 0.370117
7 0.797852 0.43457 0.0869141 0.109375
7 0.387451 0.429688 0.0356445 0.0449219
7 0.258545 0.438965 0.0483398 0.0615234
