1 0.263672 0.44043 0.0166016 0.0449219
1 0.286865 0.449219 0.0219727 0.0585938
1 0.654541 0.414551 0.00634766 0.0615234
1 0.647217 0.408203 0.0180664 0.0859375
1 0.722412 0.428223 0.0229492 0.204102
1 0.75415 0.460938 0.0112305 0.138672
1 0.738525 0.426758 0.0249023 0.224609
1 0.80127 0.430664 0.0244141 0.189453
2 0.659424 0.393066 0.0112305 0.0205078
2 0.634033 0.407227 0.0131836 0.0390625
2 0.620117 0.40918 0.0244141 0.0410156
2 0.595215 0.412598 0.0371094 0.0458984
2 0.567139 0.414062 0.0366211 0.0488281
2 0.534912 0.418457 0.0463867 0.0517578
2 0.360352 0.430176 0.09375 0.114258
2 0.153076 0.458496 0.150879 0.243164
2 0.060791 0.446289 0.115723 0.355469
7 0.484863 0.426758 0.0214844 0.0371094
7 0.234863 0.475586 0.0185547 0.0546875
