1 0.484131 0.416016 0.0112305 0.0625
1 0.6521 0.39502 0.00341797 0.0224609
1 0.460938 0.415527 0.0185547 0.0791016
1 0.422607 0.415527 0.0151367 0.0693359
1 0.302246 0.42627 0.0205078 0.0986328
1 0.188965 0.410156 0.0117188 0.0546875
2 0.60083 0.393066 0.0229492 0.0380859
2 0.573975 0.407227 0.0327148 0.0507812
2 0.537354 0.419922 0.0288086 0.0488281
2 0.506348 0.422852 0.0498047 0.0546875
2 0.628662 0.398926 0.0102539 0.0166016
2 0.61084 0.400879 0.0263672 0.0419922
2 0.634277 0.398926 0.00878906 0.0146484
2 0.660645 0.397949 0.0146484 0.0166016
2 0.671387 0.398438 0.00878906 0.0175781
2 0.681641 0.396484 0.0175781 0.0234375
2 0.788818 0.464355 0.153809 0.209961
2 0.920166 0.546387 0.154785 0.411133
6 0.557617 0.42041 0.0195312 0.0361328
6 0.136475 0.488281 0.0786133 0.148438
6 0.0808105 0.495117 0.104004 0.154297
6 0.0456543 0.50293 0.0854492 0.167969
6 0.026123 0.536133 0.0463867 0.119141
7 0.861816 0.405762 0.0292969 0.0498047
