1 0.140869 0.367676 0.027832 0.0966797
2 0.439453 0.4375 0.0185547 0.0644531
2 0.427002 0.439941 0.0131836 0.0810547
2 0.395752 0.429688 0.0532227 0.117188
2 0.348877 0.440918 0.0825195 0.133789
2 0.544189 0.430176 0.0161133 0.0322266
2 0.551758 0.440918 0.0234375 0.0498047
2 0.574219 0.443848 0.0390625 0.0673828
2 0.602539 0.453613 0.0576172 0.0947266
2 0.598877 0.462402 0.0249023 0.0908203
2 0.61084 0.460938 0.0351562 0.09375
2 0.633301 0.461426 0.0410156 0.118164
2 0.678223 0.470703 0.0996094 0.171875
2 0.798096 0.543457 0.291504 0.317383
2 0.961182 0.53418 0.0727539 0.494141
7 0.133057 0.515625 0.0717773 0.248047
7 0.0339355 0.452148 0.0620117 0.126953
7 0.057373 0.546875 0.108887 0.351562
7 0.236572 0.472168 0.0454102 0.174805
7 0.456543 0.433594 0.0107422 0.0292969
