5 0.506348 0.395996 0.0107422 0.0478516
5 0.594238 0.412598 0.0302734 0.12793
2 0.526855 0.400879 0.0253906 0.0478516
2 0.539795 0.404785 0.0209961 0.0498047
2 0.544678 0.408203 0.0161133 0.0527344
2 0.566162 0.404297 0.0415039 0.0722656
2 0.616699 0.419434 0.0263672 0.0849609
2 0.649902 0.431152 0.0849609 0.110352
2 0.751953 0.412598 0.015625 0.0341797
2 0.840088 0.496582 0.197754 0.307617
2 0.949219 0.486328 0.0966797 0.554688
2 0.456299 0.397949 0.0180664 0.0244141
2 0.474609 0.402344 0.0273438 0.0449219
2 0.430176 0.410645 0.0332031 0.0712891
2 0.431641 0.425293 0.0244141 0.0888672
2 0.417725 0.428711 0.0297852 0.0996094
2 0.387939 0.436035 0.0639648 0.124023
2 0.336426 0.459473 0.0810547 0.170898
2 0.219971 0.486328 0.192871 0.259766
7 0.506104 0.416016 0.00439453 0.0195312
7 0.594727 0.458984 0.0126953 0.0664062
