1 0.780273 0.439941 0.0126953 0.0556641
1 0.766846 0.438965 0.0151367 0.0576172
5 0.632324 0.426758 0.00976562 0.0527344
5 0.740967 0.411133 0.0180664 0.0527344
5 0.985596 0.44873 0.019043 0.0654297
2 0.163818 0.378418 0.0219727 0.0224609
2 0.130127 0.37793 0.0571289 0.0976562
2 0.272949 0.429199 0.115234 0.194336
2 0.225342 0.480957 0.157715 0.225586
2 0.545898 0.424316 0.0117188 0.0576172
2 0.521973 0.42627 0.0556641 0.0830078
2 0.584961 0.42041 0.0205078 0.0380859
2 0.57373 0.428711 0.0234375 0.0332031
2 0.701416 0.434082 0.074707 0.0986328
2 0.100342 0.572266 0.194824 0.689453
3 0.546631 0.408691 0.034668 0.0615234
6 0.978516 0.451172 0.0380859 0.0605469
7 0.632324 0.445801 0.00488281 0.0205078
7 0.742188 0.448242 0.0117188 0.046875
7 0.93457 0.459961 0.0283203 0.0390625
