1 0.512939 0.371582 0.00537109 0.0361328
1 0.518066 0.37207 0.0078125 0.03125
1 0.891357 0.36084 0.0112305 0.0810547
1 0.958984 0.36084 0.015625 0.0693359
1 0.987061 0.355469 0.0151367 0.078125
1 0.450928 0.462891 0.111816 0.507812
1 0.310547 0.377441 0.00878906 0.0361328
2 0.330566 0.375488 0.00585938 0.0107422
2 0.32373 0.375488 0.00976562 0.0146484
2 0.303955 0.376953 0.00634766 0.0117188
2 0.296631 0.382812 0.0102539 0.0332031
2 0.285645 0.380371 0.0175781 0.0439453
2 0.273926 0.385742 0.0205078 0.0371094
2 0.23877 0.384766 0.00878906 0.0351562
2 0.213867 0.367188 0.0126953 0.00976562
2 0.172607 0.387695 0.0209961 0.0351562
2 0.142578 0.373047 0.0390625 0.0292969
2 0.10498 0.393555 0.0371094 0.0429688
2 0.0649414 0.396484 0.0478516 0.0488281
2 0.143066 0.388672 0.0449219 0.046875
2 0.228271 0.38623 0.0297852 0.0419922
2 0.19751 0.38916 0.0385742 0.0458984
3 0.318848 0.364258 0.0107422 0.03125
7 0.681152 0.367188 0.0449219 0.0605469
