1 0.259521 0.401367 0.0161133 0.0957031
1 0.302734 0.383789 0.0117188 0.0761719
1 0.160889 0.395508 0.00830078 0.0507812
1 0.15332 0.393066 0.015625 0.0654297
1 0.0388184 0.411621 0.0200195 0.0810547
5 0.512207 0.436035 0.0693359 0.27832
5 0.55127 0.527344 0.0126953 0.09375
2 0.195801 0.366211 0.0126953 0.0175781
2 0.193115 0.380371 0.0249023 0.0263672
2 0.839355 0.381836 0.107422 0.0839844
2 0.911377 0.371094 0.0288086 0.0507812
6 0.515625 0.474121 0.0751953 0.235352
7 0.0466309 0.427246 0.019043 0.0458984
