1 0.470703 0.454102 0.0078125 0.0273438
1 0.0390625 0.45166 0.0126953 0.0205078
1 0.532715 0.473633 0.0195312 0.109375
1 0.494385 0.45166 0.0209961 0.0771484
1 0.446045 0.45752 0.0141602 0.0439453
1 0.47876 0.464355 0.0180664 0.0732422
1 0.420898 0.467285 0.0136719 0.0791016
1 0.297119 0.471191 0.0297852 0.112305
1 0.148438 0.462891 0.0244141 0.101562
1 0.0493164 0.453613 0.00976562 0.0263672
1 0.0288086 0.438965 0.0332031 0.0654297
1 0.0107422 0.444824 0.015625 0.102539
5 0.692139 0.472168 0.00830078 0.0244141
2 0.676758 0.470703 0.0117188 0.0175781
2 0.671875 0.480957 0.0224609 0.0322266
2 0.693604 0.475098 0.0209961 0.0361328
2 0.769531 0.472656 0.0224609 0.0371094
2 0.842773 0.42627 0.0175781 0.0322266
2 0.79834 0.45166 0.0390625 0.0791016
2 0.849365 0.46875 0.0209961 0.0527344
2 0.81543 0.471191 0.0605469 0.0849609
2 0.645508 0.48291 0.0332031 0.0517578
2 0.552979 0.446777 0.10791 0.108398
2 0.540527 0.473633 0.0625 0.0585938
2 0.60083 0.48584 0.074707 0.0615234
2 0.713867 0.473633 0.0253906 0.0449219
2 0.0178223 0.624023 0.0297852 0.257812
6 0.693359 0.485352 0.00683594 0.015625
7 0.859375 0.429199 0.0214844 0.0419922
7 0.528564 0.490234 0.034668 0.0371094
7 0.278076 0.482422 0.0200195 0.0546875
7 0.0380859 0.536621 0.0683594 0.147461
