1 0.448242 0.400879 0.0166016 0.0654297
1 0.399414 0.401855 0.015625 0.0927734
1 0.732422 0.398438 0.00976562 0.0410156
1 0.717529 0.404297 0.00732422 0.0292969
1 0.723145 0.392578 0.0302734 0.09375
1 0.761475 0.394531 0.00830078 0.0410156
1 0.772949 0.392578 0.0126953 0.0761719
1 0.785645 0.391602 0.0117188 0.078125
1 0.800537 0.390137 0.00439453 0.0478516
1 0.793701 0.395508 0.0151367 0.0703125
1 0.353516 0.40332 0.0185547 0.0976562
1 0.566406 0.391602 0.0253906 0.0976562
1 0.666016 0.398926 0.00292969 0.0263672
1 0.215576 0.416992 0.0258789 0.148438
1 0.686035 0.399902 0.0078125 0.0244141
2 0.647705 0.395508 0.0112305 0.0195312
2 0.60498 0.404297 0.0195312 0.0273438
2 0.594482 0.40918 0.00927734 0.046875
2 0.576416 0.40625 0.0336914 0.0605469
2 0.547852 0.408691 0.0507812 0.0595703
7 0.345459 0.425293 0.00439453 0.0263672
