1 0.16626 0.412598 0.00732422 0.0283203
1 0.177002 0.431641 0.0112305 0.0527344
1 0.236084 0.427734 0.0102539 0.0585938
5 0.728027 0.42041 0.00976562 0.0439453
2 0.543701 0.411621 0.0600586 0.135742
2 0.602295 0.453613 0.0854492 0.114258
2 0.420166 0.424316 0.0151367 0.0283203
2 0.391113 0.425293 0.0185547 0.0283203
2 0.30542 0.433594 0.00439453 0.0292969
2 0.377686 0.42334 0.00732422 0.0263672
2 0.169678 0.405273 0.050293 0.0527344
2 0.282715 0.428711 0.0292969 0.0449219
2 0.479248 0.503418 0.157715 0.233398
3 0.51123 0.375488 0.0117188 0.0322266
3 0.927979 0.356445 0.13916 0.396484
7 0.728027 0.435059 0.00683594 0.0263672
