1 0.680176 0.342773 0.0166016 0.0722656
1 0.695557 0.381836 0.0356445 0.144531
1 0.295898 0.377441 0.00683594 0.0107422
1 0.304443 0.377441 0.00439453 0.00878906
1 0.107666 0.379395 0.012207 0.0283203
1 0.122559 0.379395 0.00976562 0.0166016
1 0.431152 0.383301 0.00390625 0.0224609
1 0.434814 0.382324 0.00439453 0.0244141
1 0.580811 0.375488 0.00537109 0.0400391
1 0.58667 0.378906 0.00927734 0.0488281
1 0.658203 0.357422 0.0234375 0.0722656
1 0.56543 0.381348 0.00292969 0.0478516
5 0.439453 0.381836 0.00683594 0.0253906
5 0.544678 0.385742 0.00927734 0.0410156
2 0.461914 0.384766 0.0126953 0.0214844
2 0.450195 0.387207 0.0185547 0.0263672
2 0.524414 0.374512 0.00683594 0.0126953
2 0.500977 0.388184 0.00878906 0.0322266
2 0.51416 0.388184 0.0253906 0.0400391
2 0.549316 0.384766 0.0214844 0.0332031
2 0.390137 0.398438 0.0107422 0.03125
2 0.324219 0.398438 0.0332031 0.0605469
2 0.305664 0.405762 0.0322266 0.0537109
2 0.278564 0.410156 0.0317383 0.0625
2 0.248535 0.405762 0.0546875 0.0791016
2 0.229248 0.417969 0.0317383 0.0703125
2 0.189209 0.41748 0.0639648 0.0986328
2 0.137939 0.434082 0.065918 0.0986328
2 0.0776367 0.433105 0.0732422 0.137695
2 0.0263672 0.425781 0.046875 0.181641
2 0.603271 0.371582 0.0209961 0.0224609
3 0.477295 0.375488 0.0229492 0.0283203
3 0.500244 0.373535 0.0200195 0.0400391
3 0.413086 0.383789 0.0322266 0.0566406
3 0.349365 0.379883 0.0834961 0.0761719
7 0.822754 0.489258 0.0839844 0.28125
7 0.439941 0.39502 0.00195312 0.0185547
7 0.535156 0.40625 0.00878906 0.0273438
7 0.545654 0.399414 0.00341797 0.0214844
7 0.669678 0.420898 0.0610352 0.125
7 0.624023 0.414062 0.0302734 0.0917969
