1 0.431885 0.405762 0.00927734 0.0361328
1 0.422363 0.42041 0.0107422 0.0576172
1 0.660645 0.438477 0.0185547 0.0722656
1 0.775879 0.458496 0.00878906 0.0302734
1 0.782959 0.457031 0.00732422 0.0273438
1 0.773193 0.497559 0.0268555 0.0576172
1 0.783203 0.503418 0.00585938 0.0439453
1 0.797119 0.515137 0.012207 0.0283203
1 0.822266 0.483398 0.0283203 0.101562
2 0.539551 0.394531 0.0107422 0.0214844
2 0.543701 0.397949 0.012207 0.0146484
2 0.543213 0.405762 0.0102539 0.0224609
2 0.549072 0.40918 0.0180664 0.0292969
2 0.551514 0.415527 0.0200195 0.0341797
2 0.560059 0.432617 0.0283203 0.0527344
2 0.567139 0.437012 0.034668 0.0517578
2 0.512695 0.42627 0.0263672 0.0458984
2 0.521729 0.443848 0.0405273 0.0595703
2 0.448975 0.442871 0.0473633 0.0712891
6 0.456543 0.401855 0.0107422 0.0244141
7 0.32666 0.45752 0.0166016 0.0576172
