2 0.514404 0.432129 0.0141602 0.0263672
2 0.528076 0.432129 0.0209961 0.0283203
2 0.497803 0.444824 0.0229492 0.0517578
2 0.491699 0.449707 0.0136719 0.0595703
2 0.473633 0.445801 0.0351562 0.0830078
2 0.470459 0.45752 0.0268555 0.0869141
2 0.420166 0.453125 0.0981445 0.152344
2 0.392334 0.484375 0.0961914 0.150391
2 0.583252 0.427246 0.0366211 0.0732422
2 0.590088 0.438477 0.0336914 0.0800781
2 0.592773 0.45166 0.0175781 0.0693359
2 0.621094 0.445312 0.0546875 0.111328
2 0.633057 0.45752 0.0454102 0.102539
2 0.639404 0.474609 0.0551758 0.128906
2 0.693115 0.488281 0.105957 0.173828
2 0.836914 0.512695 0.263672 0.429688
6 0.239746 0.534668 0.102539 0.213867
