1 0.387695 0.477051 0.0107422 0.0576172
1 0.374512 0.478027 0.0107422 0.0537109
1 0.228516 0.433105 0.0166016 0.0615234
1 0.26123 0.464355 0.015625 0.108398
1 0.275146 0.458984 0.0161133 0.119141
1 0.706299 0.480957 0.0249023 0.209961
1 0.689697 0.481934 0.0424805 0.21582
1 0.740723 0.41748 0.0302734 0.133789
1 0.852051 0.48584 0.0576172 0.424805
1 0.894043 0.557617 0.0527344 0.275391
1 0.804688 0.517578 0.0673828 0.425781
1 0.769043 0.520508 0.0712891 0.441406
1 0.303711 0.500488 0.0927734 0.350586
1 0.404785 0.48877 0.0078125 0.0322266
2 0.405518 0.48877 0.0200195 0.0361328
2 0.44873 0.475098 0.0693359 0.110352
2 0.246338 0.469238 0.0209961 0.0771484
2 0.327393 0.484375 0.0874023 0.144531
2 0.130615 0.523926 0.221191 0.288086
2 0.0368652 0.602539 0.0678711 0.359375
