1 0.0883789 0.458496 0.00683594 0.0244141
1 0.121338 0.48291 0.0131836 0.0615234
1 0.131836 0.469238 0.0175781 0.12207
1 0.153564 0.463379 0.0141602 0.110352
1 0.184814 0.466797 0.012207 0.107422
1 0.560791 0.438965 0.00927734 0.0595703
1 0.579834 0.4375 0.00537109 0.0507812
1 0.571289 0.439941 0.0126953 0.0556641
1 0.516357 0.441895 0.00732422 0.0341797
1 0.530273 0.441895 0.0107422 0.0478516
1 0.878662 0.436035 0.027832 0.174805
1 0.590576 0.434082 0.00634766 0.0458984
2 0.157715 0.458008 0.0263672 0.0390625
2 0.074707 0.467285 0.0107422 0.0302734
2 0.0595703 0.470703 0.0332031 0.0429688
2 0.0129395 0.483887 0.0200195 0.0595703
2 0.468018 0.445312 0.0170898 0.0292969
2 0.393066 0.463379 0.0439453 0.0654297
4 0.271484 0.425781 0.166992 0.21875
7 0.674561 0.460938 0.0229492 0.0703125
7 0.749268 0.459961 0.0415039 0.0859375
7 0.59668 0.45752 0.0146484 0.0400391
7 0.60791 0.456055 0.0146484 0.0429688
7 0.624268 0.466309 0.019043 0.0341797
