1 0.610596 0.328613 0.00634766 0.0205078
1 0.34668 0.347656 0.0107422 0.0351562
1 0.307373 0.353516 0.0161133 0.0332031
1 0.369873 0.351562 0.00927734 0.0292969
1 0.339111 0.349121 0.00927734 0.0283203
1 0.295166 0.358887 0.0112305 0.0439453
1 0.285645 0.367188 0.0126953 0.046875
1 0.361084 0.344727 0.00830078 0.0410156
1 0.105713 0.435059 0.0249023 0.204102
1 0.0285645 0.390625 0.0151367 0.0371094
1 0.0175781 0.399902 0.00976562 0.0517578
1 0.0102539 0.437012 0.0146484 0.15332
1 0.0507812 0.411133 0.0322266 0.175781
1 0.0876465 0.438477 0.0395508 0.220703
1 0.174805 0.473633 0.0693359 0.287109
1 0.239746 0.458496 0.0527344 0.344727
1 0.575928 0.335449 0.00732422 0.0341797
1 0.564453 0.339355 0.00683594 0.0302734
1 0.606201 0.333984 0.00634766 0.0214844
1 0.611328 0.351074 0.00683594 0.0302734
1 0.604736 0.350098 0.0112305 0.0556641
1 0.619629 0.35498 0.0126953 0.0654297
1 0.624756 0.356445 0.00439453 0.0429688
1 0.629395 0.365234 0.0126953 0.0839844
1 0.769287 0.390137 0.0268555 0.145508
1 0.590332 0.376953 0.0185547 0.117188
5 0.544434 0.331055 0.00488281 0.0175781
2 0.48291 0.34668 0.0117188 0.0136719
2 0.467041 0.353516 0.0288086 0.0371094
2 0.460938 0.370117 0.0263672 0.0546875
2 0.458252 0.378418 0.0200195 0.0615234
2 0.457764 0.384277 0.0151367 0.0673828
2 0.440674 0.387207 0.0385742 0.0830078
2 0.42334 0.393555 0.0419922 0.0859375
2 0.425781 0.404785 0.0332031 0.0966797
2 0.400635 0.415527 0.0649414 0.118164
2 0.378174 0.42627 0.0473633 0.12207
2 0.510498 0.334473 0.0141602 0.0126953
2 0.331055 0.447754 0.115234 0.172852
2 0.509277 0.404297 0.078125 0.126953
2 0.519043 0.330078 0.00585938 0.0136719
6 0.233887 0.503906 0.0732422 0.173828
7 0.152344 0.490234 0.0195312 0.0761719
7 0.0541992 0.517578 0.0556641 0.130859
7 0.543457 0.34375 0.00195312 0.00976562
