1 0.492432 0.445801 0.0239258 0.120117
1 0.480225 0.443359 0.0258789 0.134766
1 0.655273 0.427734 0.0234375 0.123047
1 0.564941 0.439453 0.0244141 0.126953
1 0.768555 0.413574 0.0078125 0.0400391
1 0.787109 0.432617 0.0332031 0.132812
1 0.802246 0.429199 0.0185547 0.141602
1 0.882324 0.434082 0.0146484 0.104492
1 0.0678711 0.341309 0.0244141 0.0361328
1 0.44873 0.398438 0.0078125 0.0410156
1 0.469482 0.474609 0.0522461 0.294922
1 0.525391 0.484863 0.0751953 0.291992
1 0.619873 0.443359 0.0649414 0.363281
1 0.617676 0.475098 0.0488281 0.327148
1 0.713135 0.516113 0.102051 0.46582
1 0.745117 0.511719 0.137695 0.542969
1 0.838379 0.519531 0.0810547 0.466797
1 0.156006 0.519043 0.0991211 0.692383
5 0.942139 0.490234 0.11084 0.583984
5 0.0231934 0.415039 0.0405273 0.220703
2 0.545654 0.430664 0.0141602 0.0507812
2 0.65625 0.432129 0.0546875 0.0830078
2 0.39209 0.481445 0.119141 0.214844
2 0.0673828 0.427246 0.0859375 0.141602
2 0.181641 0.535156 0.353516 0.369141
4 0.494141 0.408203 0.0429688 0.0722656
4 0.614502 0.397949 0.101074 0.131836
7 0.609619 0.477051 0.0717773 0.0615234
7 0.921631 0.655762 0.151855 0.420898
7 0.0571289 0.650879 0.108398 0.28418
