2 0.528564 0.500977 0.0141602 0.0117188
2 0.545166 0.503418 0.0200195 0.0244141
2 0.598633 0.504883 0.0175781 0.0292969
2 0.625244 0.504395 0.0170898 0.0302734
2 0.641846 0.507324 0.0219727 0.0380859
2 0.50708 0.518555 0.0385742 0.0566406
2 0.305664 0.511719 0.0576172 0.0820312
2 0.236328 0.517578 0.0986328 0.113281
2 0.17627 0.527832 0.0830078 0.120117
2 0.12793 0.535645 0.09375 0.125977
2 0.050293 0.538086 0.0947266 0.146484
2 0.441895 0.510742 0.0859375 0.115234
3 0.375488 0.481934 0.104492 0.170898
