5 0.440674 0.445312 0.0170898 0.078125
5 0.424561 0.442383 0.0131836 0.0722656
5 0.409668 0.449707 0.0185547 0.0810547
2 0.0212402 0.526367 0.0366211 0.150391
2 0.341309 0.472656 0.114258 0.201172
2 0.440918 0.451172 0.0244141 0.0507812
2 0.468262 0.444824 0.0107422 0.0419922
2 0.479736 0.44873 0.027832 0.0576172
2 0.503662 0.448242 0.0336914 0.0625
2 0.560547 0.459961 0.0507812 0.0957031
2 0.608887 0.480469 0.0185547 0.0957031
2 0.676025 0.459961 0.129395 0.203125
2 0.744629 0.500977 0.130859 0.195312
2 0.86084 0.536133 0.200195 0.271484
2 0.934326 0.560547 0.126465 0.351562
7 0.458008 0.465332 0.0146484 0.0576172
7 0.439209 0.467285 0.0180664 0.0595703
7 0.424805 0.464844 0.015625 0.0664062
7 0.409424 0.469238 0.019043 0.0654297
