1 0.559082 0.393555 0.00878906 0.0390625
1 0.565674 0.391602 0.00830078 0.046875
1 0.55127 0.398926 0.0126953 0.0712891
1 0.543701 0.397949 0.0170898 0.0732422
1 0.574463 0.391602 0.0141602 0.0859375
1 0.588379 0.402832 0.00585938 0.0400391
1 0.859863 0.398438 0.0595703 0.283203
1 0.779053 0.399902 0.0463867 0.291992
1 0.730469 0.38623 0.0595703 0.336914
1 0.368896 0.40625 0.00439453 0.0410156
1 0.373047 0.40625 0.00878906 0.0429688
1 0.364746 0.407715 0.0078125 0.0478516
1 0.34668 0.410156 0.00488281 0.046875
1 0.350586 0.411621 0.00878906 0.0458984
1 0.34082 0.411133 0.00683594 0.0410156
1 0.333252 0.411621 0.00927734 0.0537109
1 0.323486 0.401855 0.0102539 0.0361328
1 0.31543 0.388672 0.00878906 0.0214844
1 0.0837402 0.405273 0.012207 0.046875
1 0.0690918 0.406738 0.0180664 0.0517578
1 0.0461426 0.40918 0.0141602 0.0507812
5 0.599609 0.407227 0.0361328 0.164062
2 0.425781 0.401367 0.0146484 0.015625
2 0.405029 0.409668 0.0268555 0.0419922
2 0.441162 0.405273 0.0229492 0.0332031
2 0.510498 0.386719 0.00927734 0.0117188
2 0.516846 0.386719 0.012207 0.00976562
2 0.517578 0.396973 0.0146484 0.0205078
2 0.546143 0.397461 0.034668 0.0195312
2 0.875244 0.365234 0.156738 0.210938
2 0.502686 0.401367 0.0249023 0.0253906
2 0.272461 0.37207 0.0527344 0.078125
2 0.282471 0.439941 0.0883789 0.110352
2 0.0256348 0.473633 0.0454102 0.117188
3 0.456543 0.384277 0.0283203 0.0244141
3 0.191406 0.421875 0.125 0.169922
7 0.600586 0.452637 0.0283203 0.118164
7 0.0600586 0.421387 0.0146484 0.0283203
7 0.0788574 0.419922 0.0141602 0.0292969
