1 0.516113 0.416016 0.0136719 0.0625
1 0.522705 0.41748 0.0131836 0.0556641
1 0.597656 0.415527 0.0136719 0.0576172
1 0.605957 0.413086 0.0107422 0.0625
1 0.73584 0.403809 0.0205078 0.0947266
1 0.756592 0.407715 0.0161133 0.0908203
1 0.818848 0.410645 0.0205078 0.157227
1 0.852539 0.403809 0.0273438 0.168945
2 0.631348 0.382812 0.0566406 0.0253906
2 0.557617 0.42627 0.0195312 0.0322266
2 0.690674 0.415527 0.0600586 0.0634766
2 0.905029 0.412598 0.112793 0.0712891
8 0.253906 0.333008 0.46875 0.263672
