1 0.199707 0.350586 0.00878906 0.03125
1 0.278809 0.40625 0.0234375 0.15625
1 0.273926 0.40332 0.0322266 0.189453
1 0.248291 0.412598 0.0366211 0.170898
1 0.295898 0.394043 0.0224609 0.170898
1 0.307129 0.40918 0.0214844 0.160156
1 0.327393 0.394043 0.0219727 0.149414
1 0.339844 0.406738 0.0292969 0.15332
1 0.365234 0.406738 0.0234375 0.155273
1 0.55127 0.404297 0.0078125 0.0449219
1 0.554443 0.409668 0.00830078 0.0537109
1 0.5625 0.403809 0.0136719 0.0673828
1 0.586914 0.41748 0.0351562 0.213867
1 0.614746 0.414062 0.0195312 0.177734
1 0.62085 0.428711 0.0366211 0.207031
1 0.419189 0.418945 0.034668 0.224609
1 0.386475 0.42627 0.0629883 0.231445
1 0.460449 0.41748 0.0722656 0.254883
1 0.139404 0.339355 0.00732422 0.0185547
1 0.147705 0.361328 0.00830078 0.0371094
1 0.175781 0.382324 0.0185547 0.0947266
1 0.157959 0.376953 0.0151367 0.0878906
1 0.132324 0.384277 0.0107422 0.0810547
1 0.193848 0.367676 0.0234375 0.0634766
1 0.216064 0.415039 0.0473633 0.207031
1 0.0600586 0.388184 0.0224609 0.0908203
1 0.0368652 0.409668 0.0356445 0.19043
1 0.0175781 0.405762 0.0292969 0.200195
1 0.731934 0.409668 0.0292969 0.202148
1 0.709717 0.429199 0.0444336 0.200195
1 0.800781 0.408203 0.0400391 0.205078
1 0.774658 0.413574 0.0327148 0.206055
1 0.783203 0.419922 0.0390625 0.203125
1 0.831299 0.411133 0.0249023 0.226562
1 0.896484 0.316895 0.0214844 0.0810547
1 0.911865 0.391602 0.0249023 0.160156
1 0.880127 0.415527 0.0385742 0.313477
1 0.900391 0.467773 0.0400391 0.228516
1 0.858398 0.429199 0.0576172 0.321289
1 0.974121 0.442383 0.046875 0.277344
5 0.074707 0.419434 0.107422 0.393555
2 0.506592 0.407227 0.0561523 0.142578
2 0.448975 0.412109 0.0942383 0.164062
7 0.565186 0.436035 0.0112305 0.0751953
7 0.170654 0.397461 0.0219727 0.0332031
7 0.0866699 0.597168 0.134277 0.391602
7 0.652832 0.425293 0.0166016 0.0869141
7 0.641602 0.421387 0.0234375 0.0927734
7 0.727051 0.440918 0.0761719 0.0947266
7 0.945068 0.578125 0.10498 0.40625
