1 0.17334 0.388672 0.0185547 0.0664062
1 0.485596 0.36084 0.0112305 0.0244141
1 0.495361 0.400879 0.0131836 0.0986328
1 0.584961 0.402344 0.0195312 0.171875
1 0.634521 0.410156 0.0170898 0.0859375
1 0.670654 0.424805 0.0395508 0.263672
1 0.727539 0.40918 0.0693359 0.205078
1 0.952393 0.390625 0.0561523 0.158203
2 0.220703 0.402344 0.0322266 0.0410156
2 0.274902 0.411133 0.0380859 0.0410156
2 0.375732 0.413574 0.0102539 0.0537109
2 0.336914 0.419922 0.0810547 0.115234
2 0.458984 0.414062 0.0761719 0.115234
2 0.114746 0.560547 0.223633 0.599609
4 0.270264 0.383301 0.074707 0.0810547
6 0.880615 0.487305 0.214355 0.365234
6 0.953125 0.508789 0.0888672 0.507812
7 0.728271 0.500977 0.0776367 0.212891
7 0.922607 0.442383 0.0424805 0.0800781
