1 0.602051 0.412598 0.015625 0.0751953
1 0.617188 0.410156 0.0166016 0.0761719
1 0.261719 0.453613 0.0205078 0.108398
5 0.234375 0.427734 0.0253906 0.128906
5 0.375 0.424805 0.0410156 0.125
2 0.274658 0.437012 0.0541992 0.0751953
2 0.458252 0.413086 0.0200195 0.0351562
2 0.440674 0.41748 0.0229492 0.0419922
2 0.416992 0.424316 0.0322266 0.0439453
2 0.33374 0.437988 0.050293 0.0830078
2 0.52002 0.414062 0.0185547 0.0273438
2 0.837646 0.436035 0.250488 0.178711
7 0.233154 0.47168 0.0708008 0.0976562
7 0.377197 0.467773 0.0717773 0.0839844
