1 0.334229 0.410156 0.012207 0.0625
1 0.315186 0.414062 0.012207 0.0722656
1 0.29834 0.413086 0.0126953 0.0722656
1 0.268066 0.416992 0.0175781 0.0917969
1 0.249023 0.415527 0.0146484 0.0927734
1 0.0568848 0.429688 0.0571289 0.158203
1 0.690186 0.406738 0.0141602 0.0830078
1 0.705322 0.397949 0.0180664 0.0986328
2 0.582275 0.398926 0.0229492 0.0322266
2 0.546387 0.407715 0.0175781 0.0341797
2 0.60376 0.404297 0.0200195 0.0390625
2 0.644043 0.396484 0.0224609 0.0292969
2 0.616943 0.409668 0.0288086 0.0400391
2 0.519043 0.418945 0.046875 0.0839844
4 0.461426 0.392578 0.0761719 0.111328
