1 0.208984 0.446777 0.0117188 0.0478516
1 0.544189 0.4375 0.00830078 0.03125
1 0.786377 0.423828 0.0200195 0.0878906
1 0.888916 0.460449 0.0288086 0.139648
1 0.860352 0.450195 0.0332031 0.173828
2 0.377686 0.443359 0.012207 0.0195312
2 0.315674 0.446777 0.019043 0.0302734
2 0.304443 0.448242 0.012207 0.03125
2 0.295898 0.448242 0.015625 0.0292969
2 0.279053 0.449219 0.027832 0.0332031
2 0.173584 0.45752 0.0424805 0.0498047
2 0.137695 0.453125 0.0351562 0.0664062
2 0.0598145 0.454102 0.0288086 0.046875
2 0.0256348 0.459961 0.0454102 0.0449219
2 0.0739746 0.462891 0.0522461 0.0644531
2 0.559814 0.44043 0.00732422 0.03125
2 0.581787 0.444336 0.0131836 0.0390625
2 0.94751 0.449707 0.100098 0.139648
8 0.423828 0.429688 0.0205078 0.0449219
7 0.686768 0.450684 0.0268555 0.0498047
7 0.721436 0.456543 0.0444336 0.0732422
