1 0.0812988 0.429688 0.0112305 0.0761719
1 0.203125 0.431152 0.00878906 0.0576172
1 0.258301 0.427246 0.00878906 0.0556641
1 0.266602 0.424316 0.00878906 0.0615234
1 0.311279 0.40625 0.00732422 0.0214844
1 0.467041 0.403809 0.00439453 0.00683594
1 0.524414 0.407227 0.00292969 0.0214844
1 0.528076 0.406738 0.00341797 0.0205078
1 0.637451 0.407227 0.0112305 0.0546875
1 0.687744 0.380371 0.00634766 0.0341797
1 0.694824 0.425293 0.0166016 0.139648
1 0.703125 0.430664 0.0224609 0.136719
1 0.665039 0.421387 0.0244141 0.137695
1 0.677979 0.423828 0.0209961 0.138672
1 0.758789 0.404785 0.0146484 0.100586
5 0.80835 0.414551 0.0405273 0.112305
2 0.0400391 0.474121 0.0742188 0.229492
2 0.511963 0.414062 0.0219727 0.0273438
2 0.494385 0.416504 0.0102539 0.0263672
2 0.463623 0.417969 0.0131836 0.0273438
2 0.480713 0.418457 0.0258789 0.0341797
2 0.454346 0.418457 0.0161133 0.0283203
2 0.446045 0.419922 0.0102539 0.0292969
2 0.402832 0.419434 0.0136719 0.0322266
2 0.391602 0.423828 0.0244141 0.0390625
2 0.375732 0.425781 0.0219727 0.0410156
2 0.352539 0.423828 0.0351562 0.0546875
2 0.320557 0.433105 0.0424805 0.0498047
2 0.424316 0.420898 0.0390625 0.0546875
2 0.151367 0.455078 0.0996094 0.111328
7 0.806641 0.449219 0.0527344 0.0839844
