1 0.475342 0.444336 0.0131836 0.0605469
1 0.709473 0.442871 0.0078125 0.0361328
1 0.741211 0.436035 0.00683594 0.0439453
1 0.734619 0.436035 0.00830078 0.0478516
1 0.459473 0.494141 0.0351562 0.0742188
1 0.457031 0.462891 0.0234375 0.138672
2 0.586914 0.434082 0.00878906 0.00878906
2 0.592529 0.441895 0.0131836 0.0205078
2 0.582275 0.445801 0.00927734 0.0341797
2 0.571045 0.446289 0.0229492 0.0410156
2 0.55127 0.449219 0.0263672 0.0410156
2 0.529785 0.458008 0.0205078 0.0449219
2 0.504883 0.455078 0.0371094 0.0605469
2 0.600098 0.441406 0.0126953 0.0234375
2 0.614258 0.444824 0.0224609 0.0380859
2 0.634521 0.441406 0.0151367 0.0253906
2 0.650391 0.438965 0.0214844 0.0361328
2 0.67749 0.435547 0.0297852 0.0585938
2 0.731201 0.443359 0.0288086 0.0292969
2 0.927002 0.433105 0.141113 0.161133
2 0.984375 0.441406 0.0263672 0.115234
6 0.714844 0.441406 0.00683594 0.03125
7 0.747559 0.449219 0.0078125 0.0332031
7 0.751709 0.450195 0.00634766 0.0332031
7 0.33252 0.472168 0.0214844 0.0517578
7 0.314941 0.467285 0.0224609 0.0654297
7 0.296143 0.477539 0.0258789 0.0507812
