1 0.553467 0.390625 0.00830078 0.0664062
1 0.545166 0.391602 0.0161133 0.0664062
1 0.594971 0.395996 0.00830078 0.0732422
1 0.480469 0.399414 0.015625 0.101562
1 0.499023 0.399414 0.03125 0.130859
1 0.644043 0.395996 0.0107422 0.0810547
1 0.598877 0.406738 0.0239258 0.118164
1 0.625244 0.404297 0.0327148 0.167969
1 0.649902 0.383789 0.0166016 0.179688
1 0.675537 0.400879 0.0141602 0.104492
1 0.685303 0.336914 0.00634766 0.0117188
1 0.69165 0.39209 0.0229492 0.145508
1 0.735352 0.389648 0.0107422 0.111328
1 0.726318 0.384277 0.0258789 0.151367
1 0.710938 0.393066 0.0224609 0.143555
1 0.663574 0.390137 0.0419922 0.192383
1 0.745117 0.422363 0.00488281 0.0126953
1 0.808838 0.36377 0.0268555 0.0595703
1 0.835205 0.364746 0.0229492 0.0654297
1 0.851318 0.337891 0.0112305 0.0292969
1 0.863281 0.352051 0.0107422 0.0556641
1 0.848389 0.414551 0.0375977 0.178711
1 0.888672 0.364258 0.0117188 0.0371094
1 0.888916 0.385254 0.0541992 0.133789
1 0.919678 0.357422 0.0395508 0.0859375
1 0.946289 0.360352 0.0351562 0.0859375
1 0.980469 0.362305 0.0341797 0.103516
1 0.762695 0.392578 0.0478516 0.265625
5 0.515625 0.390137 0.0146484 0.0615234
5 0.532959 0.386719 0.0170898 0.0605469
7 0.515381 0.40918 0.00927734 0.0429688
7 0.532471 0.412109 0.0141602 0.0390625
