1 0.560059 0.418945 0.015625 0.0546875
1 0.563965 0.414551 0.00683594 0.0576172
1 0.577393 0.410156 0.00634766 0.0566406
1 0.582031 0.412109 0.00585938 0.0566406
1 0.587402 0.412109 0.0078125 0.0527344
1 0.603027 0.414062 0.0107422 0.0546875
1 0.237549 0.433105 0.0219727 0.0947266
5 0.347168 0.425293 0.0478516 0.145508
2 0.507568 0.408203 0.012207 0.015625
2 0.536133 0.439453 0.0507812 0.0898438
2 0.389648 0.419434 0.0117188 0.0283203
2 0.44873 0.463867 0.135742 0.205078
2 0.822266 0.421875 0.00195312 0.0605469
2 0.846924 0.428711 0.00341797 0.0722656
2 0.920166 0.402344 0.012207 0.0214844
2 0.956055 0.433105 0.0830078 0.0947266
2 0.959229 0.447266 0.0766602 0.0976562
2 0.60498 0.46875 0.00585938 0.103516
2 0.680176 0.457031 0.147461 0.287109
2 0.0766602 0.472656 0.147461 0.179688
7 0.258301 0.447266 0.0195312 0.0605469
7 0.202637 0.45166 0.0332031 0.0810547
7 0.345215 0.470703 0.0722656 0.09375
