1 0.485352 0.415039 0.00585938 0.0527344
1 0.475586 0.418945 0.00488281 0.0351562
1 0.465332 0.414062 0.00488281 0.0429688
1 0.460205 0.415039 0.00830078 0.0585938
1 0.470947 0.418945 0.0112305 0.0488281
1 0.449951 0.421387 0.0141602 0.0810547
1 0.431152 0.416016 0.015625 0.0878906
1 0.409912 0.39209 0.0131836 0.0205078
1 0.370117 0.397949 0.0185547 0.0654297
1 0.343506 0.372559 0.00927734 0.0322266
1 0.333252 0.412109 0.0219727 0.105469
1 0.353027 0.397949 0.0224609 0.0888672
1 0.112549 0.428223 0.027832 0.208008
1 0.137695 0.429199 0.0507812 0.245117
1 0.501709 0.418945 0.00537109 0.0195312
1 0.50708 0.419434 0.00341797 0.0185547
1 0.536377 0.418457 0.00439453 0.0283203
1 0.541748 0.417969 0.00439453 0.0253906
1 0.549805 0.417969 0.00488281 0.0292969
1 0.552734 0.419922 0.00488281 0.0273438
1 0.556641 0.417969 0.00585938 0.03125
1 0.571045 0.413574 0.0102539 0.0517578
1 0.57666 0.411621 0.00683594 0.0400391
1 0.584717 0.413086 0.00732422 0.0449219
1 0.597412 0.401855 0.00732422 0.0166016
1 0.63501 0.414062 0.00732422 0.0566406
1 0.621826 0.411133 0.00732422 0.0664062
1 0.631348 0.413574 0.00683594 0.0595703
1 0.616211 0.413574 0.0107422 0.0908203
1 0.609863 0.41748 0.0175781 0.0869141
1 0.627441 0.421387 0.0146484 0.0810547
1 0.880371 0.443848 0.0458984 0.223633
1 0.686768 0.376953 0.00634766 0.0214844
1 0.666504 0.421387 0.0146484 0.100586
1 0.676514 0.429688 0.0180664 0.103516
1 0.694824 0.43457 0.0253906 0.148438
1 0.800537 0.450195 0.0424805 0.251953
1 0.844482 0.453125 0.0483398 0.244141
1 0.966797 0.459961 0.0576172 0.267578
1 0.0803223 0.432617 0.0454102 0.203125
1 0.490479 0.415039 0.0112305 0.0527344
5 0.90625 0.495605 0.0371094 0.0888672
2 0.399658 0.407227 0.0415039 0.0898438
