2 0.494629 0.366699 0.015625 0.0185547
2 0.484619 0.373047 0.0141602 0.0234375
2 0.482178 0.378906 0.0161133 0.0273438
2 0.477539 0.388672 0.0166016 0.03125
2 0.476318 0.39209 0.0141602 0.0361328
2 0.475098 0.399414 0.00683594 0.0390625
2 0.464111 0.400879 0.0239258 0.0498047
2 0.462158 0.408203 0.0180664 0.0527344
2 0.44873 0.412598 0.0205078 0.0771484
2 0.424561 0.416504 0.050293 0.100586
2 0.388184 0.457031 0.0390625 0.121094
2 0.549316 0.364258 0.015625 0.0214844
2 0.378662 0.467773 0.0258789 0.140625
2 0.320068 0.464844 0.106934 0.214844
2 0.240479 0.510742 0.192871 0.251953
2 0.0324707 0.64502 0.059082 0.493164
2 0.51709 0.366699 0.0175781 0.0205078
2 0.530273 0.366699 0.0107422 0.0263672
2 0.532959 0.372559 0.012207 0.0263672
2 0.535889 0.378418 0.0151367 0.0283203
2 0.54248 0.383789 0.0185547 0.0351562
2 0.546875 0.391113 0.0185547 0.0361328
2 0.552734 0.396484 0.0224609 0.0371094
2 0.553467 0.398926 0.0180664 0.0380859
2 0.559326 0.402832 0.0239258 0.0419922
2 0.561523 0.405762 0.0253906 0.0419922
2 0.560547 0.408203 0.0195312 0.0449219
2 0.568359 0.412109 0.0273438 0.0507812
2 0.574707 0.418457 0.0146484 0.0576172
2 0.60498 0.41748 0.0615234 0.106445
2 0.891357 0.535645 0.212402 0.34082
2 0.973145 0.671387 0.0488281 0.27832
7 0.39624 0.439941 0.0375977 0.0986328
