1 0.223633 0.439941 0.0126953 0.0556641
1 0.285889 0.448242 0.0170898 0.0859375
1 0.331055 0.437012 0.0214844 0.0966797
1 0.367432 0.442383 0.0161133 0.0859375
1 0.693848 0.419434 0.0195312 0.0810547
1 0.686523 0.419922 0.0273438 0.0800781
1 0.819824 0.418945 0.0253906 0.140625
1 0.0644531 0.390137 0.0234375 0.0458984
5 0.0234375 0.408691 0.0410156 0.0654297
5 0.25415 0.448242 0.0336914 0.113281
2 0.178711 0.427246 0.0136719 0.0283203
2 0.508545 0.437988 0.13623 0.110352
2 0.131836 0.47168 0.175781 0.136719
7 0.0395508 0.492676 0.0732422 0.12207
