1 0.489014 0.40918 0.0180664 0.0351562
1 0.62207 0.433105 0.0117188 0.0751953
1 0.572266 0.462891 0.0419922 0.191406
1 0.542969 0.498047 0.0253906 0.132812
1 0.772461 0.45166 0.0214844 0.125977
1 0.839355 0.45459 0.0351562 0.188477
5 0.453857 0.462402 0.0512695 0.176758
2 0.293213 0.398926 0.0532227 0.0322266
2 0.325928 0.387207 0.0229492 0.0224609
2 0.473633 0.414551 0.0185547 0.0205078
2 0.513428 0.415527 0.0200195 0.0244141
2 0.532959 0.426758 0.0444336 0.0429688
2 0.131592 0.435547 0.152832 0.181641
7 0.612061 0.459961 0.0415039 0.0488281
