1 0.484131 0.414551 0.00830078 0.0361328
1 0.122314 0.409668 0.0327148 0.170898
1 0.0622559 0.408203 0.0239258 0.177734
1 0.0439453 0.424316 0.0527344 0.219727
1 0.74292 0.374023 0.0112305 0.015625
1 0.763672 0.373535 0.0078125 0.0185547
1 0.842773 0.395508 0.0117188 0.0742188
1 0.830078 0.366699 0.0185547 0.0419922
1 0.821045 0.416504 0.00927734 0.118164
1 0.871826 0.419922 0.019043 0.09375
1 0.85376 0.409668 0.0180664 0.112305
1 0.83252 0.421875 0.0214844 0.111328
5 0.894531 0.44873 0.0722656 0.325195
2 0.969238 0.478516 0.0566406 0.195312
2 0.755615 0.446289 0.0961914 0.130859
2 0.605469 0.533203 0.261719 0.40625
