1 0.176025 0.461914 0.019043 0.0859375
1 0.580322 0.429688 0.00634766 0.0429688
1 0.5896 0.429199 0.0102539 0.0458984
1 0.687988 0.435547 0.0166016 0.103516
1 0.804932 0.418945 0.0317383 0.134766
5 0.896729 0.387207 0.0454102 0.18457
2 0.415771 0.444336 0.0141602 0.0292969
2 0.433594 0.442383 0.0253906 0.046875
2 0.300537 0.40332 0.0483398 0.0351562
2 0.39502 0.450195 0.0234375 0.046875
2 0.385742 0.45459 0.00976562 0.0498047
2 0.364746 0.448242 0.0400391 0.0722656
2 0.359131 0.456543 0.0268555 0.0673828
2 0.353027 0.461914 0.0136719 0.0664062
2 0.324219 0.455078 0.0527344 0.09375
2 0.28418 0.472168 0.0644531 0.106445
2 0.225586 0.495605 0.0986328 0.133789
2 0.0556641 0.562012 0.105469 0.186523
2 0.50415 0.421387 0.012207 0.0185547
2 0.504883 0.441406 0.00390625 0.0371094
2 0.517578 0.438965 0.0263672 0.0537109
2 0.517578 0.440918 0.0244141 0.0458984
2 0.52417 0.446777 0.0327148 0.0517578
2 0.474854 0.452148 0.0649414 0.107422
7 0.140381 0.507324 0.0375977 0.102539
7 0.620361 0.437988 0.012207 0.0302734
7 0.883301 0.445312 0.0166016 0.0761719
7 0.929443 0.444824 0.0249023 0.102539
7 0.981201 0.440918 0.0327148 0.139648
7 0.9021 0.471191 0.0395508 0.12207
