1 0.928467 0.511719 0.0219727 0.015625
1 0.826904 0.421875 0.0317383 0.162109
1 0.865967 0.408203 0.027832 0.148438
1 0.875488 0.442383 0.0439453 0.150391
1 0.541992 0.413574 0.00878906 0.0302734
1 0.486084 0.40625 0.00732422 0.0253906
1 0.198242 0.445801 0.0244141 0.0986328
5 0.737061 0.417969 0.0307617 0.123047
2 0.597168 0.365234 0.00683594 0.00976562
2 0.57666 0.386719 0.0117188 0.00976562
2 0.57959 0.408203 0.0195312 0.0390625
2 0.522461 0.414551 0.0185547 0.0361328
2 0.517822 0.41748 0.012207 0.0341797
2 0.508301 0.416992 0.0224609 0.0371094
2 0.497559 0.422852 0.0292969 0.0429688
2 0.471924 0.425781 0.0249023 0.0566406
2 0.443359 0.426758 0.0410156 0.0761719
2 0.427246 0.433594 0.0429688 0.0703125
3 0.665771 0.397949 0.0883789 0.198242
6 0.965332 0.448242 0.0644531 0.177734
6 0.408447 0.447266 0.0307617 0.0605469
7 0.73584 0.467285 0.046875 0.0810547
