1 0.680176 0.399902 0.00976562 0.0244141
1 0.672119 0.405273 0.00927734 0.0351562
1 0.555908 0.422363 0.00830078 0.0556641
1 0.561523 0.42334 0.0107422 0.0517578
1 0.548828 0.424805 0.0126953 0.0546875
1 0.48877 0.424805 0.00878906 0.0625
1 0.494141 0.426758 0.00976562 0.0703125
1 0.484131 0.433105 0.0180664 0.0810547
1 0.500244 0.436523 0.0131836 0.0722656
1 0.242432 0.425781 0.0141602 0.0527344
1 0.199219 0.421387 0.0185547 0.0576172
1 0.185059 0.421387 0.015625 0.0361328
1 0.232178 0.422363 0.027832 0.0693359
2 0.603516 0.408203 0.00683594 0.0253906
2 0.63623 0.45166 0.0898438 0.149414
2 0.750977 0.519531 0.172852 0.308594
2 0.878418 0.61377 0.238281 0.624023
6 0.224365 0.439941 0.0405273 0.0322266
6 0.167969 0.459961 0.0527344 0.0527344
6 0.234863 0.462402 0.0732422 0.0263672
6 0.123047 0.505859 0.115234 0.208984
6 0.0554199 0.568359 0.10498 0.203125
6 0.0307617 0.595215 0.0556641 0.213867
7 0.304443 0.519531 0.012207 0.0371094
7 0.309814 0.487793 0.0493164 0.110352
7 0.275146 0.468262 0.0317383 0.0458984
7 0.287109 0.51416 0.0292969 0.0810547
7 0.198242 0.461914 0.0117188 0.0332031
7 0.276855 0.513672 0.0302734 0.0722656
7 0.178711 0.438965 0.0341797 0.0244141
7 0.26123 0.516602 0.0390625 0.09375
7 0.217285 0.533203 0.0566406 0.126953
7 0.158936 0.514648 0.101074 0.164062
7 0.115479 0.47998 0.0249023 0.0400391
