1 0.119873 0.38916 0.00537109 0.0205078
1 0.0446777 0.389648 0.0112305 0.015625
1 0.524902 0.380859 0.0136719 0.0234375
1 0.504883 0.375 0.0078125 0.0136719
1 0.555908 0.371094 0.0161133 0.0175781
1 0.610352 0.411133 0.00488281 0.0195312
1 0.585205 0.383789 0.0161133 0.0390625
1 0.603271 0.381836 0.0161133 0.0449219
1 0.617676 0.40332 0.0205078 0.078125
1 0.712891 0.405273 0.0078125 0.109375
1 0.674072 0.365723 0.00244141 0.00683594
1 0.649414 0.400391 0.015625 0.09375
1 0.661865 0.412598 0.0112305 0.141602
1 0.707764 0.383301 0.0131836 0.0615234
1 0.699219 0.36084 0.0078125 0.0107422
1 0.721924 0.402832 0.0229492 0.149414
1 0.680176 0.362793 0.00976562 0.0107422
1 0.741943 0.401367 0.0200195 0.126953
1 0.775391 0.385254 0.0234375 0.145508
1 0.763184 0.394531 0.0351562 0.216797
1 0.805176 0.407715 0.0400391 0.151367
1 0.806641 0.411621 0.0380859 0.174805
2 0.381836 0.41748 0.0341797 0.0751953
2 0.3396 0.416504 0.0375977 0.0537109
2 0.205811 0.404785 0.0336914 0.0673828
2 0.169678 0.416504 0.0249023 0.0634766
2 0.561035 0.424316 0.0869141 0.0888672
2 0.509766 0.434082 0.0419922 0.110352
2 0.447754 0.427734 0.112305 0.175781
7 0.64624 0.449707 0.0454102 0.141602
7 0.793213 0.441895 0.00537109 0.0244141
7 0.995117 0.525391 0.00488281 0.0488281
