1 0.523438 0.362793 0.00390625 0.0380859
1 0.251953 0.396484 0.0166016 0.103516
1 0.970947 0.300781 0.0424805 0.253906
1 0.93335 0.30127 0.0385742 0.262695
1 0.880615 0.318359 0.0405273 0.253906
1 0.78833 0.333984 0.0385742 0.255859
1 0.834717 0.322754 0.0727539 0.325195
5 0.516602 0.360352 0.0107422 0.0566406
2 0.505127 0.346191 0.00830078 0.0126953
2 0.536377 0.346191 0.0239258 0.0791016
2 0.473145 0.371094 0.00683594 0.0253906
2 0.460938 0.369141 0.0205078 0.0390625
2 0.454346 0.375 0.0151367 0.0292969
2 0.445557 0.378418 0.0102539 0.0361328
2 0.43335 0.378906 0.0258789 0.0429688
2 0.417969 0.382324 0.0175781 0.0478516
2 0.396729 0.388672 0.0415039 0.0605469
2 0.0559082 0.484375 0.105957 0.394531
2 0.568848 0.373535 0.0654297 0.106445
3 0.518311 0.341309 0.0161133 0.0263672
7 0.516602 0.376953 0.00390625 0.03125
7 0.632568 0.372559 0.0268555 0.0869141
