1 0.425049 0.410645 0.00439453 0.0302734
1 0.233154 0.421387 0.012207 0.0556641
1 0.225098 0.425293 0.0126953 0.0576172
1 0.0874023 0.50293 0.0908203 0.462891
1 0.341309 0.48877 0.0400391 0.350586
1 0.388672 0.424805 0.0996094 0.228516
1 0.438965 0.400879 0.00683594 0.0107422
1 0.43335 0.408203 0.00634766 0.0332031
1 0.482178 0.410645 0.00537109 0.0341797
1 0.490234 0.411621 0.00683594 0.0322266
1 0.511963 0.411621 0.00927734 0.0439453
1 0.605713 0.394043 0.0112305 0.0380859
1 0.645752 0.396973 0.00830078 0.0810547
1 0.651855 0.404785 0.0126953 0.0791016
1 0.731934 0.358398 0.00585938 0.0117188
1 0.745361 0.362793 0.00634766 0.0107422
1 0.721924 0.447754 0.0473633 0.237305
1 0.633789 0.45752 0.0644531 0.303711
1 0.829102 0.450195 0.00488281 0.0195312
1 0.810547 0.421875 0.0576172 0.232422
1 0.858887 0.382812 0.0439453 0.117188
2 0.199951 0.436035 0.0102539 0.0419922
2 0.178955 0.431641 0.0395508 0.0605469
2 0.162354 0.440918 0.0336914 0.0576172
2 0.114746 0.447266 0.0283203 0.0683594
2 0.0280762 0.453125 0.0454102 0.0703125
2 0.899902 0.586914 0.195312 0.5625
8 0.276123 0.374512 0.074707 0.170898
7 0.476562 0.416992 0.0117188 0.0195312
7 0.577393 0.400391 0.012207 0.0136719
