1 0.168213 0.426758 0.00537109 0.0195312
1 0.125 0.419922 0.0078125 0.0351562
1 0.133545 0.423828 0.00830078 0.03125
1 0.444092 0.42334 0.00341797 0.0146484
1 0.470947 0.412109 0.00634766 0.0429688
1 0.47998 0.417969 0.0078125 0.0292969
1 0.486084 0.418945 0.00830078 0.0273438
1 0.592041 0.40918 0.012207 0.0605469
1 0.610352 0.409668 0.0078125 0.0517578
1 0.604736 0.411621 0.0102539 0.0556641
1 0.614746 0.408691 0.00976562 0.0576172
1 0.621338 0.405762 0.00927734 0.0732422
1 0.635254 0.403809 0.0166016 0.0556641
1 0.740479 0.402832 0.0170898 0.0732422
1 0.875488 0.400391 0.0253906 0.117188
1 0.905273 0.395508 0.0322266 0.121094
1 0.669678 0.462402 0.034668 0.233398
1 0.699463 0.462402 0.0532227 0.250977
5 0.453369 0.416992 0.0141602 0.0527344
5 0.755127 0.385254 0.0209961 0.0615234
5 0.794922 0.39502 0.0205078 0.0986328
2 0.225098 0.436523 0.0078125 0.0078125
2 0.239258 0.425293 0.0244141 0.0322266
2 0.215576 0.422363 0.0180664 0.0283203
2 0.212646 0.429199 0.0170898 0.0263672
2 0.185303 0.427734 0.0200195 0.0292969
2 0.162109 0.419434 0.0175781 0.0322266
2 0.158691 0.424316 0.0136719 0.0205078
2 0.0578613 0.515137 0.109863 0.27832
2 0.300293 0.433105 0.0429688 0.0595703
2 0.417236 0.427734 0.0229492 0.0488281
2 0.370361 0.456055 0.0981445 0.136719
4 0.178223 0.40918 0.00195312 0.0117188
4 0.191895 0.416504 0.0253906 0.0498047
4 0.0361328 0.375 0.0664062 0.115234
4 0.545898 0.389648 0.0888672 0.138672
6 0.452881 0.436035 0.0112305 0.0380859
7 0.748291 0.393555 0.00634766 0.0078125
7 0.755371 0.427246 0.0175781 0.0556641
7 0.795166 0.424316 0.0229492 0.0654297
