1 0.336914 0.395996 0.00585938 0.0244141
1 0.527588 0.374023 0.00439453 0.0175781
1 0.520508 0.37793 0.00390625 0.0195312
1 0.515381 0.371582 0.00341797 0.00878906
1 0.48999 0.382812 0.00634766 0.0292969
1 0.484131 0.384766 0.00634766 0.0273438
1 0.556641 0.386719 0.00585938 0.0273438
1 0.563721 0.384277 0.00537109 0.0224609
1 0.576904 0.391113 0.00341797 0.0205078
1 0.580078 0.38916 0.00292969 0.0244141
1 0.591064 0.410645 0.00634766 0.0419922
1 0.600586 0.410645 0.00878906 0.0419922
1 0.594238 0.427246 0.00976562 0.0654297
1 0.605713 0.435059 0.012207 0.0439453
1 0.567871 0.427246 0.0283203 0.0966797
1 0.634766 0.423828 0.00976562 0.0175781
1 0.662598 0.431152 0.00683594 0.0283203
1 0.67041 0.434082 0.00976562 0.0751953
1 0.753662 0.431641 0.00341797 0.0117188
1 0.725342 0.437012 0.0180664 0.0869141
1 0.833496 0.432129 0.0107422 0.0166016
1 0.761719 0.441406 0.0146484 0.078125
1 0.787598 0.441895 0.0253906 0.118164
1 0.857178 0.443848 0.00830078 0.0673828
1 0.811523 0.447266 0.0224609 0.115234
1 0.847412 0.451172 0.019043 0.117188
1 0.932129 0.462402 0.0341797 0.196289
1 0.987305 0.488281 0.0205078 0.15625
1 0.516602 0.428223 0.0263672 0.0888672
1 0.486328 0.426758 0.0214844 0.0917969
1 0.380615 0.416504 0.0102539 0.0517578
1 0.398193 0.415039 0.00732422 0.0605469
1 0.387207 0.415527 0.00878906 0.0595703
1 0.263672 0.416504 0.0185547 0.112305
1 0.301514 0.415527 0.0219727 0.135742
1 0.274658 0.418945 0.0375977 0.138672
1 0.447998 0.43457 0.0317383 0.078125
1 0.320068 0.424316 0.0200195 0.124023
5 0.533936 0.382812 0.00537109 0.0234375
5 0.439453 0.401367 0.0078125 0.0390625
2 0.508789 0.393555 0.00976562 0.0253906
2 0.503906 0.397461 0.0136719 0.03125
2 0.501221 0.397461 0.0141602 0.0195312
2 0.5 0.400879 0.0166016 0.0205078
2 0.498047 0.400879 0.015625 0.0126953
2 0.478516 0.421875 0.0078125 0.0390625
2 0.489746 0.424316 0.0273438 0.0419922
2 0.301514 0.418457 0.0297852 0.0478516
7 0.533691 0.39209 0.00585938 0.0166016
7 0.444336 0.429199 0.00585938 0.0322266
7 0.440186 0.412598 0.00634766 0.0244141
7 0.378662 0.424805 0.00927734 0.0351562
