1 0.339111 0.412598 0.0131836 0.0166016
1 0.371582 0.450684 0.0126953 0.0888672
1 0.305176 0.455078 0.0126953 0.0820312
1 0.23877 0.422852 0.0166016 0.0507812
1 0.687012 0.43457 0.00878906 0.046875
1 0.670654 0.447266 0.0258789 0.144531
1 0.620361 0.444824 0.0336914 0.161133
5 0.572998 0.432617 0.0151367 0.0625
2 0.439209 0.430664 0.00830078 0.0136719
2 0.420654 0.438965 0.00634766 0.0166016
2 0.281982 0.456543 0.0405273 0.0537109
2 0.352539 0.459961 0.0576172 0.078125
2 0.185791 0.484863 0.126465 0.149414
2 0.477783 0.440918 0.0151367 0.0361328
2 0.537598 0.435547 0.0126953 0.0332031
2 0.459961 0.444824 0.0351562 0.0517578
2 0.510254 0.460449 0.0683594 0.102539
7 0.573975 0.449219 0.00830078 0.046875
