1 0.764893 0.349609 0.00732422 0.0078125
1 0.756104 0.353027 0.00830078 0.00878906
1 0.744629 0.347656 0.0117188 0.0273438
1 0.938232 0.411621 0.0522461 0.268555
1 0.636719 0.431152 0.0175781 0.0830078
1 0.242676 0.425293 0.0146484 0.0205078
1 0.408691 0.452148 0.0126953 0.0703125
1 0.442871 0.446289 0.0117188 0.0625
1 0.416504 0.442871 0.00488281 0.0537109
1 0.595459 0.427246 0.0131836 0.0771484
1 0.549072 0.463379 0.00830078 0.0224609
1 0.610107 0.433594 0.0200195 0.0898438
1 0.621582 0.423828 0.0126953 0.0761719
1 0.661133 0.423828 0.0253906 0.0878906
1 0.432861 0.435547 0.0112305 0.03125
1 0.425293 0.452148 0.0166016 0.0761719
2 0.269531 0.437012 0.0400391 0.0361328
2 0.335938 0.48291 0.149414 0.157227
2 0.255127 0.476562 0.0522461 0.0976562
2 0.256104 0.54248 0.0551758 0.106445
2 0.12085 0.504883 0.23584 0.302734
2 0.0336914 0.593262 0.0615234 0.22168
7 0.958496 0.452637 0.0244141 0.0927734
7 0.631104 0.468262 0.019043 0.0771484
7 0.709961 0.427734 0.0263672 0.0644531
