2 0.569336 0.442871 0.0195312 0.0419922
2 0.725098 0.48584 0.0107422 0.0576172
2 0.799072 0.473633 0.152832 0.228516
2 0.88208 0.516113 0.230957 0.334961
2 0.951904 0.568848 0.0913086 0.329102
2 0.324463 0.450684 0.059082 0.0888672
2 0.159912 0.500488 0.174316 0.165039
2 0.0654297 0.490234 0.125 0.146484
2 0.0646973 0.526367 0.123535 0.208984
2 0.0454102 0.602051 0.0849609 0.188477
6 0.696533 0.468262 0.0786133 0.0966797
7 0.370361 0.457031 0.0141602 0.0410156
7 0.356445 0.466309 0.00878906 0.0263672
7 0.724609 0.435059 0.0292969 0.0498047
