1 0.42041 0.397461 0.00585938 0.0195312
2 0.445068 0.405762 0.0180664 0.0302734
2 0.38208 0.416992 0.034668 0.0585938
2 0.479736 0.404785 0.0151367 0.0263672
2 0.464844 0.400391 0.015625 0.0195312
2 0.50293 0.407227 0.0322266 0.0527344
2 0.531006 0.395508 0.012207 0.0292969
2 0.535156 0.40332 0.00878906 0.0390625
2 0.537354 0.404785 0.00634766 0.0400391
2 0.552734 0.407715 0.0332031 0.0556641
6 0.259521 0.4375 0.0297852 0.0976562
7 0.422607 0.418457 0.012207 0.0244141
7 0.731201 0.397949 0.012207 0.0341797
7 0.807129 0.397949 0.00976562 0.0498047
7 0.634033 0.418945 0.012207 0.0605469
7 0.651855 0.418457 0.0185547 0.0771484
7 0.716797 0.431641 0.0351562 0.109375
7 0.759521 0.439453 0.0297852 0.138672
7 0.112061 0.487793 0.119629 0.135742
7 0.327881 0.44043 0.0336914 0.0664062
