1 0.647705 0.393066 0.00830078 0.0244141
1 0.638672 0.393066 0.00878906 0.0302734
1 0.623291 0.384277 0.0112305 0.0517578
1 0.561523 0.384277 0.0107422 0.0615234
1 0.658447 0.364746 0.0141602 0.0791016
1 0.743652 0.381836 0.0322266 0.207031
1 0.713867 0.367676 0.0449219 0.211914
1 0.553955 0.390625 0.00537109 0.0488281
1 0.549316 0.383789 0.00585938 0.0605469
1 0.546875 0.378418 0.015625 0.0712891
2 0.0668945 0.453613 0.12793 0.129883
6 0.218506 0.41748 0.0668945 0.0986328
7 0.301025 0.415039 0.0356445 0.0722656
