1 0.324951 0.475098 0.0180664 0.0947266
1 0.341309 0.436523 0.00976562 0.0253906
1 0.292969 0.484863 0.0234375 0.125977
1 0.268555 0.48584 0.0302734 0.118164
1 0.0776367 0.516113 0.0283203 0.22168
1 0.106201 0.522949 0.0463867 0.219727
1 0.0541992 0.512695 0.0527344 0.244141
1 0.149414 0.521973 0.046875 0.223633
1 0.655518 0.478027 0.0249023 0.196289
1 0.660156 0.478027 0.0253906 0.239258
1 0.685547 0.490234 0.0585938 0.265625
1 0.727783 0.44873 0.0268555 0.176758
1 0.749023 0.444824 0.0351562 0.200195
1 0.769775 0.451172 0.0229492 0.207031
1 0.789551 0.449219 0.0419922 0.228516
1 0.564209 0.441406 0.00732422 0.0527344
1 0.575195 0.444824 0.00878906 0.0556641
1 0.570557 0.447266 0.0102539 0.0507812
2 0.480713 0.445312 0.0297852 0.0527344
2 0.4375 0.463867 0.0195312 0.0546875
2 0.42627 0.466309 0.015625 0.0634766
2 0.405762 0.467773 0.0400391 0.0820312
2 0.362793 0.48291 0.0742188 0.108398
