1 0.993408 0.424316 0.00830078 0.110352
1 0.982422 0.430176 0.0283203 0.100586
1 0.266602 0.427734 0.00976562 0.0371094
1 0.380371 0.444824 0.0185547 0.0869141
5 0.258057 0.424805 0.00732422 0.0410156
2 0.344238 0.429199 0.0107422 0.0166016
2 0.387207 0.430664 0.00683594 0.0214844
2 0.398682 0.432129 0.019043 0.0244141
2 0.464111 0.437012 0.0200195 0.0400391
2 0.473389 0.434082 0.0102539 0.0478516
2 0.337891 0.439941 0.00976562 0.0498047
2 0.103271 0.416992 0.200684 0.210938
2 0.74585 0.46875 0.205566 0.136719
2 0.311279 0.438477 0.0532227 0.09375
4 0.367432 0.418457 0.0375977 0.0458984
4 0.711914 0.39209 0.476562 0.233398
7 0.199951 0.441895 0.0258789 0.0419922
7 0.271484 0.446289 0.0166016 0.03125
7 0.281738 0.449219 0.0136719 0.0273438
7 0.257324 0.437988 0.00878906 0.0302734
7 0.368408 0.45166 0.0131836 0.0576172
