1 0.569092 0.379395 0.00634766 0.0166016
1 0.781982 0.41748 0.0327148 0.18457
1 0.330078 0.414551 0.0126953 0.0615234
1 0.0639648 0.43457 0.0234375 0.0957031
2 0.599854 0.405273 0.0200195 0.0390625
2 0.634766 0.427734 0.0761719 0.134766
2 0.718018 0.464844 0.124512 0.183594
2 0.981445 0.348145 0.0322266 0.295898
2 0.414551 0.412598 0.0322266 0.0556641
2 0.512451 0.407715 0.0444336 0.0537109
2 0.553955 0.411133 0.0405273 0.0703125
2 0.366455 0.431152 0.0493164 0.0673828
2 0.307617 0.444824 0.0322266 0.102539
2 0.249268 0.453125 0.115723 0.160156
2 0.0397949 0.505859 0.0737305 0.3125
