5 0.352539 0.486816 0.0322266 0.100586
2 0.49292 0.458984 0.00927734 0.015625
2 0.487305 0.461914 0.0126953 0.0175781
2 0.506836 0.460938 0.00976562 0.015625
2 0.474121 0.470703 0.0107422 0.03125
2 0.471191 0.471191 0.0078125 0.0322266
2 0.463379 0.472168 0.0185547 0.0380859
2 0.459717 0.475098 0.019043 0.0361328
2 0.452881 0.479004 0.0258789 0.0400391
2 0.546143 0.447266 0.0170898 0.0117188
2 0.526855 0.475586 0.0322266 0.046875
2 0.52832 0.479004 0.0234375 0.0458984
2 0.536377 0.470703 0.0317383 0.0449219
2 0.531006 0.506348 0.0229492 0.0537109
2 0.581787 0.491699 0.0795898 0.112305
2 0.566162 0.504395 0.0551758 0.12207
2 0.641113 0.509277 0.154297 0.135742
3 0.496582 0.452148 0.0117188 0.0234375
7 0.132812 0.508301 0.0175781 0.0419922
7 0.351074 0.524902 0.0166016 0.0908203
