1 0.874512 0.491699 0.0810547 0.463867
1 0.935547 0.607422 0.0566406 0.193359
2 0.454346 0.403809 0.00341797 0.00488281
2 0.457764 0.403809 0.00439453 0.00878906
2 0.462402 0.402344 0.00683594 0.015625
2 0.462891 0.408203 0.00585938 0.0117188
2 0.463867 0.414551 0.00390625 0.0205078
2 0.47876 0.399902 0.0268555 0.0576172
2 0.477295 0.42627 0.0209961 0.0458984
2 0.486816 0.429199 0.0136719 0.0498047
2 0.493408 0.42334 0.0141602 0.0380859
2 0.49707 0.449219 0.0234375 0.0898438
2 0.506592 0.456055 0.0327148 0.103516
2 0.516846 0.464355 0.0229492 0.116211
2 0.560059 0.46875 0.09375 0.181641
2 0.607178 0.494629 0.146973 0.21582
2 0.421875 0.408203 0.00976562 0.0195312
2 0.407959 0.407715 0.0239258 0.0615234
2 0.406494 0.430176 0.0151367 0.0400391
2 0.403809 0.435059 0.0078125 0.0419922
2 0.394531 0.431641 0.0214844 0.0722656
2 0.377686 0.437988 0.0385742 0.0830078
2 0.354248 0.458008 0.050293 0.0996094
2 0.345215 0.472168 0.0292969 0.110352
2 0.311279 0.481445 0.0766602 0.146484
2 0.283691 0.50293 0.046875 0.201172
2 0.442383 0.452637 0.0625 0.100586
2 0.187744 0.500488 0.172363 0.34082
2 0.0991211 0.623047 0.192383 0.521484
