1 0.765869 0.347168 0.00634766 0.0283203
1 0.770752 0.348145 0.00537109 0.0263672
1 0.497803 0.341309 0.00634766 0.0224609
1 0.50293 0.339355 0.0078125 0.0263672
1 0.509766 0.341797 0.00878906 0.03125
1 0.555664 0.338379 0.00585938 0.0478516
1 0.552246 0.339844 0.00878906 0.0585938
1 0.533936 0.34082 0.00830078 0.0546875
1 0.543701 0.339844 0.0112305 0.0566406
1 0.531006 0.348145 0.00537109 0.0458984
1 0.369141 0.334473 0.00683594 0.0107422
1 0.340576 0.312988 0.00439453 0.00488281
1 0.361084 0.344238 0.012207 0.0908203
1 0.352295 0.310059 0.012207 0.0380859
1 0.315918 0.282715 0.0126953 0.0439453
1 0.307129 0.282227 0.0146484 0.0449219
1 0.2771 0.282715 0.0180664 0.0439453
1 0.240234 0.272949 0.0107422 0.0400391
1 0.38916 0.357422 0.0205078 0.0898438
1 0.229248 0.286133 0.0200195 0.115234
1 0.0998535 0.378906 0.0317383 0.136719
1 0.0964355 0.381348 0.0307617 0.135742
1 0.411133 0.375 0.0244141 0.111328
1 0.912354 0.343262 0.00537109 0.0419922
1 0.873047 0.378906 0.0166016 0.0371094
1 0.845703 0.37207 0.0146484 0.0546875
1 0.986816 0.371582 0.0175781 0.0517578
1 0.966309 0.370605 0.0175781 0.0478516
1 0.739014 0.383789 0.0249023 0.105469
1 0.75708 0.375977 0.019043 0.125
1 0.562256 0.397949 0.0200195 0.12793
1 0.591797 0.396973 0.0263672 0.137695
1 0.641357 0.406738 0.0307617 0.137695
1 0.659912 0.418457 0.019043 0.143555
2 0.271973 0.481445 0.268555 0.345703
