2 0.617188 0.443359 0.0263672 0.0234375
2 0.580078 0.437012 0.0136719 0.0537109
2 0.576416 0.446289 0.0102539 0.0449219
2 0.554443 0.42627 0.0375977 0.112305
2 0.527832 0.4375 0.0537109 0.107422
2 0.514648 0.454102 0.0439453 0.101562
2 0.501465 0.466309 0.0585938 0.125977
2 0.164795 0.609863 0.32373 0.532227
2 0.638428 0.447266 0.0209961 0.0410156
2 0.654053 0.448242 0.0200195 0.0585938
2 0.671631 0.452148 0.0327148 0.0800781
2 0.674805 0.456543 0.0166016 0.0751953
2 0.682861 0.460938 0.0258789 0.0917969
2 0.699219 0.463867 0.0380859 0.103516
2 0.696533 0.467285 0.019043 0.0927734
2 0.705566 0.468262 0.03125 0.102539
2 0.730225 0.487305 0.0698242 0.195312
2 0.838867 0.518555 0.224609 0.324219
2 0.955566 0.621094 0.0839844 0.357422
