2 0.477051 0.427734 0.0185547 0.046875
2 0.592041 0.411133 0.0209961 0.0429688
2 0.570557 0.415039 0.0444336 0.046875
2 0.798096 0.40625 0.0102539 0.0234375
2 0.806396 0.412109 0.0151367 0.0371094
2 0.842041 0.410645 0.065918 0.0673828
2 0.85376 0.421387 0.0766602 0.0634766
2 0.755127 0.397949 0.0151367 0.0146484
2 0.767334 0.410156 0.0307617 0.03125
2 0.643066 0.407227 0.0322266 0.0351562
2 0.672363 0.421875 0.0341797 0.0625
2 0.717529 0.455078 0.0942383 0.140625
4 0.318115 0.392578 0.228027 0.177734
