1 0.792236 0.367676 0.0209961 0.139648
1 0.324951 0.389648 0.00537109 0.00976562
2 0.14502 0.426758 0.0410156 0.0429688
2 0.533447 0.400879 0.0112305 0.0224609
2 0.543213 0.401855 0.0112305 0.0400391
2 0.547852 0.403809 0.0166016 0.0458984
2 0.550537 0.403809 0.0151367 0.0458984
2 0.58252 0.410645 0.0527344 0.0791016
2 0.479004 0.404785 0.00585938 0.0166016
2 0.407715 0.420898 0.0146484 0.0214844
2 0.385742 0.415039 0.0292969 0.046875
2 0.375977 0.42041 0.0185547 0.0458984
2 0.364746 0.422852 0.0175781 0.0507812
2 0.35498 0.422852 0.0175781 0.0546875
2 0.331543 0.424805 0.0449219 0.0625
2 0.419189 0.409668 0.0102539 0.0439453
2 0.431641 0.415527 0.0283203 0.0400391
2 0.503662 0.415039 0.0454102 0.078125
6 0.812744 0.39209 0.050293 0.0986328
7 0.802979 0.40918 0.00927734 0.0351562
7 0.227783 0.455078 0.0385742 0.0625
7 0.190918 0.454102 0.0478516 0.0683594
