1 0.243652 0.411133 0.0273438 0.101562
1 0.208008 0.397949 0.0214844 0.137695
1 0.228271 0.370117 0.027832 0.111328
1 0.572998 0.384277 0.00537109 0.0224609
1 0.0866699 0.398438 0.0288086 0.152344
1 0.0581055 0.390625 0.0341797 0.0683594
1 0.352539 0.405762 0.0332031 0.116211
1 0.384521 0.412109 0.0307617 0.109375
1 0.45166 0.470215 0.120117 0.448242
1 0.528564 0.381836 0.00537109 0.015625
1 0.957031 0.437012 0.0810547 0.139648
1 0.882568 0.382324 0.0415039 0.256836
1 0.0529785 0.411621 0.027832 0.106445
1 0.0175781 0.410645 0.0292969 0.112305
1 0.407715 0.418457 0.0214844 0.0986328
1 0.583008 0.384766 0.00488281 0.0253906
1 0.578369 0.383301 0.00537109 0.0244141
1 0.5896 0.38623 0.00439453 0.0166016
2 0.474854 0.416504 0.105957 0.0771484
2 0.60376 0.382812 0.00439453 0.0175781
2 0.634033 0.369629 0.00146484 0.000976562
2 0.987061 0.352539 0.0209961 0.0585938
2 0.516846 0.402832 0.0141602 0.0498047
2 0.509766 0.405273 0.015625 0.0546875
2 0.505615 0.414551 0.00927734 0.0576172
2 0.689941 0.389648 0.0400391 0.0800781
2 0.610596 0.375 0.00927734 0.015625
2 0.695557 0.394043 0.0258789 0.0751953
2 0.723877 0.399414 0.0727539 0.0917969
2 0.61084 0.384277 0.0166016 0.0341797
2 0.62085 0.385254 0.0249023 0.0322266
2 0.636963 0.385742 0.0249023 0.0332031
