1 0.435791 0.447266 0.0112305 0.0644531
2 0.584717 0.435547 0.0239258 0.0195312
2 0.567139 0.436523 0.012207 0.0175781
2 0.542236 0.435547 0.0151367 0.0214844
2 0.551758 0.437012 0.0273438 0.0224609
2 0.482422 0.442383 0.0410156 0.03125
2 0.52417 0.446777 0.0268555 0.0439453
2 0.429688 0.449219 0.00683594 0.0390625
2 0.387451 0.454102 0.0200195 0.0527344
2 0.375488 0.454102 0.0253906 0.0566406
2 0.309082 0.459473 0.0205078 0.0615234
2 0.273438 0.468262 0.0527344 0.0966797
2 0.233398 0.479004 0.0722656 0.104492
2 0.185547 0.496582 0.0722656 0.102539
2 0.0812988 0.517578 0.156738 0.21875
2 0.34082 0.462891 0.0605469 0.09375
2 0.414307 0.453613 0.0375977 0.0556641
7 0.183594 0.443359 0.0224609 0.00976562
