1 0.242188 0.490234 0.0908203 0.326172
1 0.166748 0.519531 0.0991211 0.367188
1 0.00463867 0.51709 0.00341797 0.0302734
1 0.0166016 0.683594 0.0273438 0.0898438
1 0.42041 0.417969 0.0136719 0.0546875
1 0.394775 0.48291 0.0610352 0.456055
1 0.720947 0.404297 0.0219727 0.136719
1 0.742188 0.403809 0.0253906 0.135742
1 0.78418 0.398438 0.0263672 0.142578
2 0.345215 0.425293 0.0400391 0.0380859
2 0.422119 0.424805 0.027832 0.0195312
2 0.494629 0.42041 0.0078125 0.0126953
2 0.525391 0.42041 0.00976562 0.0166016
2 0.517334 0.424316 0.012207 0.0205078
2 0.557617 0.425781 0.0195312 0.0332031
2 0.97168 0.415527 0.0136719 0.0654297
2 0.917236 0.412109 0.111816 0.0722656
2 0.486816 0.421387 0.0078125 0.0126953
