2 0.0136719 0.375488 0.0214844 0.0791016
2 0.214111 0.374512 0.0375977 0.0185547
2 0.173828 0.368164 0.0517578 0.0332031
2 0.252441 0.401367 0.0136719 0.0234375
2 0.26709 0.40625 0.0205078 0.0371094
2 0.312256 0.416992 0.0200195 0.03125
2 0.280273 0.428223 0.0302734 0.0517578
2 0.0693359 0.475586 0.132812 0.181641
2 0.333496 0.427246 0.0224609 0.0478516
2 0.347168 0.43457 0.0244141 0.0566406
2 0.367676 0.436035 0.0341797 0.0791016
2 0.395752 0.459473 0.0620117 0.139648
2 0.483398 0.540527 0.228516 0.311523
3 0.293213 0.391113 0.0317383 0.0654297
