1 0.476807 0.417969 0.00439453 0.0195312
1 0.481445 0.417969 0.00390625 0.0195312
1 0.484619 0.416504 0.00537109 0.0263672
1 0.498535 0.415039 0.00390625 0.0195312
1 0.49292 0.416016 0.00439453 0.0214844
1 0.489014 0.416992 0.00341797 0.0195312
1 0.525391 0.400391 0.00292969 0.00390625
1 0.537842 0.425781 0.012207 0.0800781
1 0.55127 0.425293 0.0146484 0.0771484
1 0.705322 0.448242 0.027832 0.119141
1 0.952881 0.380371 0.0161133 0.0869141
1 0.345947 0.428223 0.00244141 0.0361328
1 0.321533 0.412109 0.00537109 0.0117188
1 0.307373 0.429688 0.00537109 0.0410156
1 0.294922 0.427246 0.0117188 0.0478516
1 0.138184 0.445312 0.0253906 0.119141
1 0.111084 0.450195 0.0161133 0.115234
2 0.524414 0.421387 0.015625 0.0380859
2 0.526611 0.424805 0.0151367 0.0429688
2 0.555908 0.421387 0.027832 0.0576172
2 0.416992 0.437012 0.0507812 0.100586
2 0.392578 0.456543 0.0654297 0.110352
3 0.643799 0.361328 0.0727539 0.148438
3 0.704834 0.373535 0.0717773 0.174805
6 0.939453 0.551758 0.116211 0.367188
6 0.32666 0.441406 0.0253906 0.0644531
6 0.283203 0.443848 0.0185547 0.0498047
6 0.0510254 0.549805 0.0961914 0.316406
