1 0.400635 0.398438 0.00732422 0.0195312
1 0.411133 0.40625 0.00878906 0.0214844
1 0.0834961 0.533691 0.0205078 0.143555
1 0.0583496 0.549805 0.0493164 0.212891
1 0.020752 0.526367 0.0356445 0.273438
2 0.393799 0.412598 0.0161133 0.0244141
2 0.38208 0.409668 0.0151367 0.0322266
2 0.518311 0.39502 0.0170898 0.0283203
2 0.487305 0.40918 0.0205078 0.0292969
2 0.474121 0.411621 0.0146484 0.0302734
2 0.461182 0.414062 0.0297852 0.03125
2 0.436523 0.421875 0.0585938 0.0371094
2 0.516113 0.441895 0.0205078 0.0693359
2 0.528809 0.446289 0.0332031 0.0820312
2 0.542969 0.450195 0.0283203 0.0957031
2 0.557861 0.45752 0.0444336 0.124023
2 0.577881 0.459473 0.0532227 0.137695
2 0.654053 0.496582 0.172363 0.229492
2 0.855469 0.609863 0.28418 0.53418
2 0.964844 0.794922 0.0654297 0.400391
4 0.226807 0.413086 0.312012 0.478516
4 0.0546875 0.333496 0.0458984 0.0966797
6 0.400635 0.425781 0.0239258 0.03125
