2 0.538818 0.441406 0.0209961 0.0371094
2 0.55542 0.425293 0.0327148 0.0537109
2 0.564209 0.446289 0.0297852 0.0371094
2 0.590332 0.422363 0.0507812 0.0673828
2 0.602295 0.426758 0.0522461 0.0625
2 0.607178 0.433105 0.0424805 0.0654297
2 0.656982 0.432617 0.0727539 0.0820312
2 0.691406 0.44043 0.0888672 0.0683594
2 0.291016 0.422852 0.0205078 0.0136719
2 0.319336 0.460449 0.0224609 0.0673828
2 0.306641 0.468262 0.0351562 0.0830078
2 0.266602 0.479004 0.0751953 0.106445
2 0.420166 0.445801 0.0327148 0.0478516
2 0.470215 0.449219 0.0712891 0.132812
2 0.123047 0.507812 0.177734 0.226562
7 0.714355 0.460449 0.0234375 0.0478516
7 0.882812 0.475586 0.046875 0.158203
