1 0.266357 0.384277 0.0151367 0.0556641
1 0.249023 0.382324 0.0126953 0.0966797
1 0.415771 0.419434 0.0708008 0.28418
1 0.391846 0.413086 0.0805664 0.322266
2 0.489258 0.387207 0.0107422 0.0166016
2 0.474121 0.38623 0.0146484 0.0263672
2 0.358398 0.384766 0.0585938 0.130859
2 0.344727 0.414551 0.0488281 0.0830078
2 0.12793 0.5 0.25 0.642578
2 0.526855 0.383301 0.0283203 0.0498047
2 0.549805 0.402344 0.0273438 0.0664062
2 0.561035 0.406738 0.0322266 0.0712891
7 0.33374 0.416992 0.0209961 0.0820312
7 0.319092 0.421387 0.0336914 0.0791016
7 0.672363 0.418457 0.0302734 0.0830078
7 0.822754 0.531738 0.0888672 0.178711
7 0.93457 0.525391 0.114258 0.341797
