1 0.142822 0.439941 0.00732422 0.0205078
1 0.199219 0.446777 0.00683594 0.0400391
1 0.192871 0.448242 0.0078125 0.046875
1 0.186035 0.449707 0.0117188 0.0732422
1 0.20874 0.448242 0.00537109 0.0429688
1 0.204346 0.44873 0.0102539 0.0458984
1 0.220459 0.444336 0.00537109 0.0527344
1 0.224365 0.447754 0.00927734 0.0498047
1 0.238281 0.448242 0.00878906 0.0585938
1 0.318848 0.435059 0.00683594 0.0166016
1 0.318604 0.45166 0.0112305 0.0341797
1 0.350098 0.441895 0.00488281 0.0166016
1 0.250732 0.446289 0.0112305 0.0605469
1 0.261475 0.447266 0.0102539 0.0625
1 0.282227 0.436523 0.00488281 0.03125
1 0.276611 0.448242 0.0209961 0.0742188
1 0.395996 0.447754 0.0078125 0.0791016
1 0.401855 0.449707 0.015625 0.0986328
1 0.458984 0.447754 0.00976562 0.0908203
1 0.425049 0.453125 0.012207 0.0878906
1 0.453125 0.452148 0.0175781 0.0957031
1 0.438721 0.450684 0.0161133 0.0908203
1 0.337891 0.46582 0.0224609 0.126953
1 0.467773 0.450195 0.015625 0.0898438
1 0.911621 0.438477 0.0253906 0.134766
1 0.934814 0.433105 0.0258789 0.137695
5 0.171875 0.44043 0.0136719 0.0429688
5 0.370361 0.443848 0.0151367 0.0576172
7 0.949219 0.454102 0.0253906 0.0605469
7 0.173096 0.45752 0.00439453 0.0244141
7 0.111572 0.458984 0.0288086 0.0800781
7 0.0942383 0.464355 0.0234375 0.0791016
7 0.0632324 0.479004 0.0600586 0.0888672
7 0.0375977 0.47168 0.0693359 0.105469
7 0.012207 0.505371 0.0185547 0.0712891
7 0.369629 0.459961 0.0253906 0.0410156
7 0.580566 0.476562 0.0439453 0.078125
7 0.598877 0.481445 0.0385742 0.0703125
7 0.622803 0.47998 0.0444336 0.0927734
7 0.630859 0.481934 0.0419922 0.0927734
7 0.653076 0.479004 0.0375977 0.100586
7 0.85083 0.44873 0.0717773 0.100586
7 0.980469 0.433594 0.0341797 0.101562
