1 0.111816 0.459473 0.0244141 0.124023
1 0.580566 0.435059 0.00976562 0.0458984
1 0.620117 0.440918 0.0126953 0.0947266
1 0.629395 0.446777 0.0195312 0.0908203
1 0.682373 0.453613 0.019043 0.124023
1 0.749268 0.423828 0.0229492 0.117188
1 0.791016 0.476074 0.0214844 0.229492
1 0.772461 0.479004 0.0390625 0.258789
1 0.845947 0.477051 0.0395508 0.202148
1 0.821777 0.47168 0.0244141 0.222656
1 0.888672 0.463867 0.0185547 0.160156
1 0.899414 0.464844 0.0371094 0.173828
5 0.737549 0.519531 0.0356445 0.101562
2 0.461182 0.437012 0.00634766 0.0166016
2 0.547607 0.434082 0.0200195 0.0263672
2 0.54248 0.445801 0.0117188 0.0419922
2 0.559082 0.451172 0.0341797 0.0585938
2 0.454834 0.4375 0.00927734 0.0234375
2 0.448486 0.436523 0.00927734 0.0253906
2 0.436035 0.442871 0.0244141 0.0498047
2 0.431641 0.44873 0.015625 0.0537109
2 0.408936 0.442383 0.0395508 0.0761719
2 0.365479 0.425293 0.0395508 0.0478516
2 0.349365 0.450195 0.0180664 0.0527344
2 0.379883 0.458496 0.0585938 0.0830078
2 0.337158 0.426758 0.012207 0.0117188
2 0.294434 0.464355 0.116211 0.133789
2 0.505615 0.478027 0.0795898 0.124023
7 0.59082 0.457031 0.0107422 0.0390625
7 0.943848 0.494629 0.0722656 0.0615234
7 0.928711 0.495605 0.0839844 0.120117
