1 0.2146 0.374023 0.0151367 0.0761719
1 0.203125 0.381836 0.00976562 0.0546875
5 0.461426 0.336426 0.00488281 0.0126953
2 0.47168 0.311523 0.00488281 0.0117188
2 0.468506 0.313477 0.00439453 0.00976562
2 0.465088 0.313965 0.00634766 0.0107422
2 0.459229 0.326172 0.00927734 0.0136719
2 0.438477 0.337891 0.0117188 0.0253906
2 0.400146 0.346191 0.0180664 0.0224609
2 0.433594 0.357422 0.0234375 0.0390625
2 0.31665 0.427734 0.138184 0.205078
2 0.0393066 0.420898 0.0727539 0.185547
2 0.514404 0.412598 0.081543 0.141602
2 0.918457 0.45459 0.158203 0.166992
2 0.115967 0.446289 0.185059 0.201172
3 0.586426 0.344238 0.0566406 0.147461
3 0.518555 0.322754 0.0810547 0.209961
7 0.461426 0.347656 0.00390625 0.0136719
