1 0.57959 0.424316 0.00585938 0.0439453
1 0.588623 0.42627 0.00634766 0.0361328
1 0.5979 0.422363 0.00927734 0.0361328
1 0.615234 0.422363 0.0126953 0.0654297
1 0.627197 0.422363 0.00439453 0.0595703
1 0.725586 0.431641 0.0175781 0.0390625
1 0.748535 0.425293 0.0107422 0.0263672
1 0.752441 0.430176 0.0117188 0.0244141
1 0.737305 0.430664 0.0185547 0.0253906
1 0.832764 0.457031 0.0297852 0.234375
1 0.347412 0.424805 0.00732422 0.0253906
1 0.126709 0.428711 0.0131836 0.0488281
1 0.109619 0.422363 0.0161133 0.0302734
1 0.0808105 0.425781 0.0112305 0.0253906
1 0.338135 0.441406 0.00830078 0.0566406
1 0.303223 0.426758 0.0117188 0.0292969
5 0.561768 0.437988 0.0219727 0.0693359
2 0.544678 0.415527 0.0141602 0.0107422
2 0.543701 0.447266 0.0297852 0.0546875
2 0.496338 0.444824 0.0424805 0.0595703
2 0.109619 0.477539 0.090332 0.0878906
2 0.019043 0.537109 0.0322266 0.177734
6 0.563965 0.451172 0.0136719 0.0527344
