1 0.317139 0.411621 0.0200195 0.0576172
1 0.607666 0.362305 0.00341797 0.00976562
1 0.616211 0.36377 0.00292969 0.0126953
1 0.621338 0.362793 0.00830078 0.0283203
1 0.63916 0.374512 0.00585938 0.0380859
1 0.651367 0.387207 0.00683594 0.0693359
1 0.641602 0.385742 0.00878906 0.0605469
1 0.597656 0.359375 0.0078125 0.0117188
1 0.528564 0.366211 0.00537109 0.0136719
1 0.691895 0.387695 0.00390625 0.046875
1 0.70874 0.407715 0.0102539 0.108398
1 0.701904 0.405762 0.019043 0.12207
1 0.717041 0.401367 0.0249023 0.134766
1 0.722656 0.411621 0.0205078 0.12793
1 0.737793 0.40332 0.0166016 0.115234
1 0.752441 0.40625 0.0263672 0.130859
5 0.262451 0.429199 0.0395508 0.139648
2 0.499023 0.382812 0.0214844 0.0371094
2 0.489502 0.385254 0.0209961 0.0380859
2 0.45752 0.394043 0.0595703 0.0498047
2 0.391846 0.437988 0.0942383 0.131836
2 0.567871 0.369141 0.0214844 0.0136719
2 0.56665 0.386719 0.0239258 0.0351562
2 0.591064 0.369141 0.0249023 0.00976562
2 0.576416 0.40625 0.0170898 0.0644531
2 0.598633 0.404297 0.0429688 0.0761719
2 0.612549 0.423828 0.0668945 0.0957031
2 0.531006 0.408203 0.0463867 0.0703125
7 0.26123 0.46582 0.0273438 0.101562
7 0.687012 0.425781 0.0107422 0.0917969
