1 0.420166 0.419434 0.00732422 0.0439453
1 0.413574 0.416504 0.0078125 0.0517578
1 0.430908 0.412598 0.0141602 0.0556641
1 0.441406 0.41748 0.0107422 0.0458984
1 0.695312 0.359375 0.00976562 0.0175781
1 0.720459 0.36084 0.00244141 0.0126953
2 0.367188 0.415527 0.0253906 0.0927734
2 0.339355 0.416016 0.0615234 0.150391
2 0.331055 0.438965 0.0429688 0.15332
2 0.273193 0.430176 0.117676 0.260742
2 0.245361 0.473633 0.0942383 0.25
2 0.130127 0.541992 0.254395 0.550781
2 0.0253906 0.73877 0.0449219 0.430664
2 0.686279 0.433105 0.0678711 0.133789
2 0.728271 0.466797 0.112793 0.210938
2 0.820557 0.515137 0.231934 0.334961
2 0.938477 0.541992 0.118164 0.521484
