1 0.509766 0.429199 0.00488281 0.0283203
1 0.51416 0.433105 0.0078125 0.0244141
1 0.362793 0.416016 0.0117188 0.015625
2 0.505859 0.437012 0.00488281 0.0263672
2 0.495361 0.432129 0.0170898 0.0419922
2 0.496338 0.442383 0.00634766 0.0253906
2 0.490967 0.442383 0.012207 0.0273438
2 0.487061 0.445801 0.0131836 0.0322266
2 0.480469 0.448242 0.00878906 0.0390625
2 0.474609 0.450195 0.0126953 0.0488281
2 0.468506 0.453613 0.00927734 0.0537109
2 0.444336 0.447754 0.0478516 0.0888672
2 0.391357 0.472656 0.0561523 0.111328
2 0.355713 0.489746 0.0737305 0.135742
2 0.291016 0.501953 0.111328 0.224609
2 0.14624 0.532715 0.274902 0.379883
2 0.0292969 0.708984 0.0527344 0.279297
2 0.562256 0.422852 0.0249023 0.0234375
2 0.56543 0.423828 0.0195312 0.015625
2 0.563232 0.442871 0.019043 0.0419922
2 0.569336 0.448242 0.0136719 0.0546875
2 0.575439 0.44873 0.0141602 0.0576172
2 0.597168 0.442383 0.0439453 0.0839844
2 0.595215 0.453613 0.0214844 0.0771484
2 0.616943 0.45752 0.0444336 0.0966797
2 0.64917 0.467285 0.0727539 0.108398
2 0.920898 0.398438 0.078125 0.0273438
2 0.880859 0.580078 0.233398 0.373047
2 0.978516 0.729004 0.0380859 0.40918
