1 0.657959 0.415527 0.00830078 0.0751953
1 0.667236 0.424316 0.0258789 0.102539
5 0.308838 0.447266 0.00634766 0.0292969
5 0.0871582 0.477051 0.0454102 0.225586
5 0.37915 0.443359 0.00732422 0.0371094
5 0.443848 0.450684 0.015625 0.0673828
5 0.683105 0.445312 0.0263672 0.158203
2 0.342773 0.444824 0.00292969 0.00878906
2 0.345947 0.444336 0.00439453 0.0117188
2 0.35791 0.444336 0.000976562 0.0078125
2 0.349854 0.445312 0.00732422 0.0136719
2 0.354736 0.442383 0.00634766 0.0136719
2 0.362549 0.445801 0.00732422 0.0107422
2 0.265381 0.45459 0.00927734 0.0400391
2 0.280273 0.456543 0.0322266 0.0556641
2 0.24585 0.459473 0.0366211 0.0615234
2 0.224121 0.458984 0.0244141 0.0429688
2 0.095459 0.484863 0.0493164 0.0927734
2 0.03125 0.48584 0.0566406 0.124023
2 0.17749 0.494629 0.13916 0.15918
2 0.387939 0.444336 0.0141602 0.0332031
2 0.388184 0.450195 0.0078125 0.0253906
2 0.392822 0.450684 0.00732422 0.0302734
2 0.397217 0.449707 0.0102539 0.0322266
2 0.405518 0.44873 0.0141602 0.0419922
2 0.408203 0.450195 0.0078125 0.0371094
2 0.422852 0.446289 0.0273438 0.0527344
2 0.428223 0.450684 0.0185547 0.0439453
2 0.45166 0.437988 0.0078125 0.0185547
2 0.454834 0.452637 0.0112305 0.0556641
2 0.479492 0.44043 0.0507812 0.0859375
2 0.504883 0.450195 0.046875 0.0859375
3 0.362549 0.44043 0.00830078 0.0175781
7 0.30835 0.455566 0.00439453 0.0185547
7 0.0957031 0.529297 0.0449219 0.146484
7 0.379639 0.45459 0.00146484 0.0244141
7 0.44458 0.466797 0.0102539 0.0410156
7 0.684082 0.473145 0.0791016 0.0986328
