2 0.522217 0.422852 0.0229492 0.0351562
2 0.588623 0.425293 0.019043 0.0791016
2 0.619629 0.421875 0.0673828 0.111328
2 0.6875 0.445312 0.0976562 0.150391
2 0.814453 0.497559 0.21875 0.311523
2 0.91626 0.615234 0.162598 0.554688
2 0.44458 0.431152 0.0219727 0.0322266
2 0.420166 0.426758 0.0288086 0.046875
2 0.393311 0.431641 0.0317383 0.0625
2 0.379883 0.436035 0.0351562 0.0673828
2 0.349854 0.437012 0.0415039 0.106445
2 0.287109 0.44043 0.0976562 0.144531
2 0.107178 0.498047 0.160645 0.216797
2 0.0378418 0.526855 0.0698242 0.250977
