1 0.563721 0.418457 0.0297852 0.110352
1 0.219238 0.563477 0.0205078 0.015625
2 0.443848 0.425781 0.015625 0.0292969
2 0.456543 0.425293 0.0224609 0.0341797
2 0.474121 0.424805 0.0273438 0.0371094
2 0.487793 0.424805 0.0244141 0.0371094
2 0.508301 0.425293 0.0361328 0.0400391
2 0.590088 0.419434 0.0424805 0.0693359
2 0.654785 0.435547 0.0478516 0.119141
2 0.671875 0.444824 0.0361328 0.137695
2 0.765381 0.436523 0.160645 0.363281
2 0.428223 0.433105 0.0263672 0.0537109
2 0.404541 0.445801 0.0424805 0.0869141
2 0.398438 0.463379 0.0214844 0.0830078
2 0.167236 0.477539 0.17041 0.242188
2 0.346436 0.458496 0.0922852 0.12793
6 0.540771 0.418945 0.00927734 0.0332031
6 0.282471 0.448242 0.019043 0.0644531
7 0.30542 0.441406 0.0151367 0.0625
7 0.291992 0.447754 0.015625 0.0634766
