1 0.419678 0.353516 0.00537109 0.0117188
1 0.382812 0.375977 0.0166016 0.0605469
1 0.414307 0.356445 0.00732422 0.00585938
1 0.399658 0.359863 0.00732422 0.0107422
5 0.753174 0.375977 0.0131836 0.0625
2 0.600586 0.383301 0.0244141 0.0322266
2 0.570557 0.369629 0.0366211 0.0966797
2 0.540039 0.391113 0.0126953 0.0498047
2 0.528809 0.393066 0.0253906 0.0556641
2 0.525879 0.398926 0.0175781 0.0595703
2 0.504639 0.396973 0.0395508 0.0771484
2 0.487061 0.40625 0.0522461 0.0839844
2 0.425781 0.426758 0.078125 0.136719
2 0.320312 0.458008 0.151367 0.255859
2 0.14624 0.464844 0.286621 0.642578
8 0.69043 0.342773 0.0273438 0.0390625
7 0.753174 0.395508 0.00439453 0.0351562
