1 0.455811 0.434082 0.012207 0.0439453
1 0.125488 0.465332 0.0634766 0.274414
1 0.627197 0.413574 0.00537109 0.0146484
1 0.633789 0.418457 0.0107422 0.0478516
5 0.44165 0.44043 0.0180664 0.0839844
5 0.571045 0.446289 0.0288086 0.109375
5 0.592285 0.458008 0.0292969 0.119141
5 0.769287 0.454102 0.0668945 0.361328
5 0.91333 0.471191 0.105957 0.368164
2 0.53418 0.447754 0.0078125 0.0146484
2 0.504395 0.442871 0.0546875 0.0361328
2 0.581055 0.445312 0.0537109 0.0898438
2 0.618408 0.458984 0.0385742 0.0917969
7 0.441895 0.462402 0.015625 0.0556641
7 0.56958 0.475098 0.0161133 0.0693359
7 0.591797 0.491699 0.0175781 0.0966797
