1 0.376709 0.384277 0.00927734 0.0244141
1 0.17749 0.448242 0.0483398 0.201172
1 0.0280762 0.484375 0.050293 0.386719
1 0.530762 0.405762 0.0126953 0.0693359
1 0.541992 0.404785 0.0117188 0.0732422
5 0.596436 0.425781 0.0375977 0.179688
2 0.0527344 0.397949 0.0126953 0.0146484
7 0.29541 0.456055 0.0224609 0.0839844
7 0.276367 0.459961 0.0214844 0.0957031
7 0.251709 0.466797 0.0317383 0.0996094
7 0.216553 0.483398 0.043457 0.0996094
7 0.191162 0.483398 0.0336914 0.103516
7 0.128174 0.48877 0.0581055 0.157227
7 0.0625 0.510742 0.0419922 0.193359
7 0.626465 0.424805 0.00488281 0.0234375
7 0.59668 0.484375 0.0175781 0.107422
