1 0.324951 0.450195 0.00634766 0.0253906
1 0.331787 0.448242 0.00439453 0.0273438
5 0.200195 0.453613 0.0273438 0.118164
5 0.388428 0.441406 0.0522461 0.164062
2 0.347168 0.441406 0.0302734 0.0371094
2 0.35376 0.44873 0.0268555 0.0302734
2 0.375244 0.441895 0.00927734 0.0107422
2 0.362061 0.454102 0.019043 0.0351562
2 0.424072 0.432617 0.0258789 0.015625
2 0.4021 0.454102 0.0639648 0.0488281
2 0.559082 0.45459 0.0625 0.0771484
2 0.95874 0.437012 0.00634766 0.0166016
2 0.926514 0.432617 0.0219727 0.0136719
2 0.924561 0.439453 0.0170898 0.0214844
2 0.894043 0.44043 0.0488281 0.0800781
2 0.890381 0.45166 0.0258789 0.0654297
2 0.881348 0.454102 0.0322266 0.0722656
2 0.842529 0.452637 0.0678711 0.102539
2 0.799561 0.445312 0.0356445 0.0332031
3 0.934814 0.421387 0.0424805 0.0478516
7 0.623047 0.453613 0.0292969 0.0302734
7 0.206543 0.481934 0.0419922 0.0849609
7 0.388428 0.515137 0.065918 0.141602
