1 0.520752 0.426758 0.00537109 0.0292969
1 0.128418 0.40918 0.0205078 0.0351562
1 0.90332 0.409668 0.0175781 0.0283203
2 0.404541 0.455078 0.043457 0.0625
2 0.368652 0.461426 0.0449219 0.0830078
2 0.341797 0.467285 0.0556641 0.0908203
2 0.294922 0.473145 0.0849609 0.106445
2 0.220703 0.482422 0.101562 0.130859
2 0.157959 0.499023 0.115723 0.148438
2 0.0722656 0.507812 0.138672 0.246094
2 0.596436 0.434082 0.0141602 0.0224609
2 0.612549 0.436523 0.0141602 0.0253906
2 0.566162 0.461426 0.0512695 0.0869141
2 0.615967 0.447266 0.0141602 0.0371094
2 0.630127 0.45166 0.0258789 0.0458984
2 0.685547 0.45166 0.0136719 0.0478516
2 0.693848 0.452637 0.0166016 0.0537109
2 0.702881 0.453125 0.0180664 0.0605469
2 0.716797 0.452637 0.0341797 0.0693359
2 0.658936 0.456543 0.0444336 0.0712891
2 0.847656 0.472656 0.0527344 0.101562
2 0.771484 0.494141 0.12793 0.169922
2 0.898682 0.490234 0.103027 0.132812
2 0.967529 0.512207 0.0600586 0.192383
