1 0.387939 0.455078 0.0102539 0.0429688
1 0.357422 0.452148 0.00683594 0.0546875
1 0.352051 0.454102 0.00683594 0.0527344
1 0.326172 0.453125 0.00976562 0.0546875
1 0.335205 0.443848 0.0141602 0.0751953
1 0.31543 0.446289 0.0126953 0.0800781
1 0.251953 0.42334 0.00488281 0.0126953
1 0.258545 0.450684 0.0131836 0.0771484
1 0.246094 0.449707 0.0166016 0.0810547
1 0.227051 0.442871 0.0224609 0.104492
1 0.207275 0.450684 0.0209961 0.102539
1 0.556396 0.406738 0.0112305 0.0458984
1 0.681152 0.387695 0.0214844 0.0722656
1 0.839355 0.400391 0.0341797 0.152344
1 0.181396 0.448242 0.0307617 0.138672
5 0.166992 0.425293 0.0175781 0.0595703
5 0.373535 0.440918 0.0146484 0.0693359
5 0.287109 0.44873 0.0341797 0.145508
5 0.590576 0.494141 0.0541992 0.296875
2 0.388428 0.465332 0.0170898 0.0185547
2 0.433838 0.462891 0.00244141 0.0253906
2 0.429932 0.456055 0.00927734 0.0410156
2 0.414551 0.456055 0.0322266 0.0488281
2 0.519043 0.449707 0.0292969 0.0302734
2 0.47168 0.445312 0.0576172 0.09375
7 0.172119 0.467285 0.0512695 0.0517578
7 0.374268 0.460938 0.0102539 0.0507812
7 0.286377 0.48584 0.0229492 0.104492
7 0.602295 0.536621 0.161621 0.200195
