1 0.279297 0.421387 0.00488281 0.0146484
2 0.429443 0.450195 0.0112305 0.0273438
2 0.437012 0.445801 0.0117188 0.0224609
2 0.509521 0.45166 0.034668 0.0576172
2 0.51709 0.458008 0.0195312 0.0566406
2 0.539307 0.453613 0.0463867 0.0771484
2 0.463379 0.453125 0.046875 0.0722656
2 0.341064 0.449219 0.012207 0.0527344
2 0.332031 0.449707 0.0205078 0.0595703
2 0.298828 0.445312 0.0527344 0.0820312
2 0.159912 0.462891 0.106934 0.136719
2 0.0517578 0.475586 0.0976562 0.228516
4 0.376221 0.414551 0.0708008 0.141602
