1 0.364746 0.405762 0.00683594 0.0302734
1 0.447266 0.410645 0.00878906 0.0576172
1 0.574463 0.387695 0.00634766 0.0136719
1 0.588623 0.405273 0.00732422 0.0527344
1 0.594482 0.405273 0.00732422 0.0546875
1 0.693359 0.444824 0.0419922 0.231445
1 0.632812 0.0805664 0.0078125 0.0166016
5 0.282471 0.432129 0.0366211 0.155273
2 0.411377 0.44043 0.0766602 0.119141
2 0.560547 0.40625 0.0205078 0.0390625
2 0.574219 0.413574 0.0292969 0.0380859
2 0.519775 0.414551 0.0541992 0.0478516
2 0.676758 0.378906 0.154297 0.326172
2 0.827148 0.441406 0.235352 0.390625
2 0.921631 0.474609 0.151855 0.517578
7 0.235107 0.452148 0.019043 0.0605469
7 0.208008 0.451172 0.0224609 0.0546875
7 0.283203 0.493652 0.0273438 0.112305
