1 0.317871 0.407715 0.015625 0.0751953
1 0.333008 0.40625 0.0185547 0.0761719
1 0.184326 0.368164 0.00927734 0.0195312
2 0.547363 0.408691 0.0117188 0.0185547
2 0.557861 0.407715 0.0112305 0.0263672
2 0.60498 0.418457 0.0214844 0.0751953
2 0.614258 0.421387 0.0224609 0.0888672
2 0.624512 0.422852 0.0224609 0.107422
2 0.67749 0.410156 0.0961914 0.169922
2 0.702148 0.444824 0.0644531 0.15918
2 0.812744 0.447266 0.203613 0.318359
2 0.487061 0.409668 0.0151367 0.0244141
2 0.142578 0.460449 0.15625 0.166992
7 0.592285 0.410645 0.0146484 0.0458984
