1 0.653809 0.399414 0.00488281 0.0429688
1 0.648193 0.382324 0.0151367 0.0791016
1 0.6604 0.388184 0.012207 0.0654297
2 0.432129 0.393066 0.0166016 0.0361328
2 0.41748 0.393555 0.0273438 0.0351562
2 0.382324 0.410645 0.0126953 0.0615234
2 0.3479 0.413086 0.043457 0.0742188
2 0.191895 0.401855 0.194336 0.157227
2 0.175293 0.44043 0.157227 0.119141
2 0.0739746 0.451172 0.134277 0.162109
2 0.0505371 0.466309 0.0932617 0.192383
2 0.501953 0.381348 0.00878906 0.0185547
2 0.512451 0.384277 0.0170898 0.0283203
6 0.443115 0.394531 0.012207 0.0371094
7 0.89624 0.448242 0.0678711 0.160156
