1 0.691895 0.414062 0.00683594 0.0390625
2 0.0466309 0.447754 0.0327148 0.0537109
2 0.529785 0.427246 0.0458984 0.0439453
2 0.492432 0.431641 0.0424805 0.0429688
2 0.463867 0.434082 0.0429688 0.0439453
2 0.433594 0.433105 0.0380859 0.0517578
2 0.417236 0.4375 0.0454102 0.0488281
2 0.354248 0.441895 0.0268555 0.0458984
2 0.307129 0.443848 0.0117188 0.0439453
2 0.380371 0.438477 0.0478516 0.0488281
2 0.33252 0.440918 0.0478516 0.0498047
2 0.265869 0.436035 0.0131836 0.0224609
2 0.285889 0.443848 0.043457 0.0478516
2 0.240479 0.446777 0.0483398 0.0517578
2 0.18335 0.452637 0.0522461 0.0478516
2 0.89917 0.415039 0.0297852 0.0292969
