1 0.286377 0.419434 0.00927734 0.0361328
1 0.651123 0.427246 0.0473633 0.288086
1 0.592529 0.44043 0.0454102 0.279297
1 0.457764 0.399902 0.0102539 0.0478516
1 0.4646 0.410645 0.00830078 0.0595703
1 0.4729 0.408691 0.0141602 0.0712891
1 0.162598 0.422852 0.00488281 0.0449219
1 0.143555 0.42041 0.00976562 0.0576172
5 0.379395 0.417969 0.00488281 0.0195312
2 0.276367 0.427734 0.0126953 0.0429688
2 0.26001 0.426758 0.0288086 0.0527344
2 0.26123 0.433594 0.0146484 0.0429688
2 0.239746 0.424316 0.0429688 0.0732422
2 0.0852051 0.584961 0.164551 0.464844
2 0.327393 0.438965 0.0854492 0.149414
2 0.404541 0.391602 0.0209961 0.0136719
2 0.393311 0.429199 0.0141602 0.0654297
2 0.426514 0.432129 0.0688477 0.116211
4 0.380371 0.407715 0.03125 0.0380859
