1 0.63208 0.416016 0.00341797 0.0449219
1 0.641357 0.419434 0.00537109 0.0419922
1 0.636719 0.418945 0.0078125 0.0410156
1 0.651611 0.42334 0.00830078 0.0361328
5 0.579346 0.414551 0.012207 0.0400391
5 0.615479 0.445801 0.0317383 0.172852
2 0.479248 0.42041 0.0463867 0.0400391
2 0.582031 0.426758 0.0419922 0.0410156
2 0.693848 0.45752 0.0341797 0.0966797
2 0.696289 0.472656 0.0283203 0.121094
2 0.748779 0.479004 0.11084 0.196289
2 0.909424 0.601562 0.17627 0.546875
7 0.389893 0.432617 0.0180664 0.0664062
7 0.581055 0.432617 0.0146484 0.0390625
7 0.621582 0.493164 0.0205078 0.111328
