1 0.682129 0.439453 0.0439453 0.205078
2 0.521484 0.416016 0.03125 0.0175781
2 0.522217 0.424805 0.0327148 0.0253906
2 0.502441 0.434082 0.0078125 0.0224609
2 0.486816 0.433105 0.0273438 0.0498047
2 0.474365 0.431641 0.0131836 0.0507812
2 0.461914 0.42627 0.0185547 0.0986328
2 0.418457 0.428223 0.0839844 0.118164
2 0.400391 0.432617 0.0869141 0.0996094
2 0.394531 0.458496 0.0849609 0.143555
2 0.331543 0.486328 0.117188 0.193359
2 0.294922 0.498535 0.0820312 0.208008
2 0.154785 0.580566 0.303711 0.446289
2 0.0351562 0.67041 0.0644531 0.389648
2 0.560303 0.423828 0.00732422 0.0332031
2 0.583984 0.419922 0.0185547 0.0585938
2 0.606689 0.429199 0.0239258 0.0673828
2 0.634277 0.427734 0.0546875 0.0878906
2 0.679199 0.433594 0.0527344 0.130859
2 0.754639 0.433594 0.126465 0.228516
2 0.908936 0.448242 0.177246 0.529297
6 0.641357 0.432617 0.0288086 0.101562
