1 0.783203 0.470703 0.0380859 0.228516
1 0.463379 0.431152 0.0107422 0.0380859
1 0.470459 0.427734 0.00830078 0.0410156
1 0.477295 0.432617 0.0180664 0.0605469
1 0.451416 0.4375 0.0151367 0.0527344
1 0.416748 0.435059 0.0102539 0.0576172
2 0.525146 0.388672 0.0102539 0.015625
2 0.58374 0.436035 0.0327148 0.0576172
2 0.61499 0.452637 0.0512695 0.0927734
2 0.646484 0.458008 0.0488281 0.107422
2 0.678711 0.466797 0.0556641 0.132812
2 0.748535 0.479004 0.144531 0.192383
2 0.368652 0.42334 0.0732422 0.15332
2 0.26709 0.428711 0.133789 0.226562
2 0.533447 0.4375 0.0356445 0.0488281
3 0.486084 0.401367 0.0249023 0.0585938
4 0.555176 0.401367 0.0253906 0.0585938
