1 0.34082 0.336426 0.00878906 0.0458984
1 0.477539 0.312012 0.00292969 0.0126953
1 0.48877 0.314941 0.00390625 0.0166016
1 0.492676 0.311035 0.00390625 0.0244141
1 0.790283 0.336426 0.00439453 0.0263672
1 0.759033 0.411621 0.0395508 0.213867
1 0.0358887 0.376465 0.0229492 0.0908203
1 0.0175781 0.37793 0.0205078 0.0878906
5 0.357178 0.341309 0.0131836 0.0419922
5 0.687988 0.338379 0.0146484 0.0595703
5 0.376465 0.335449 0.00683594 0.0419922
5 0.370361 0.337402 0.0102539 0.0341797
5 0.0629883 0.34668 0.0175781 0.0527344
2 0.530762 0.293457 0.0634766 0.0615234
2 0.404785 0.339355 0.0322266 0.0361328
2 0.38916 0.416016 0.0722656 0.125
2 0.316406 0.45166 0.125977 0.202148
2 0.531982 0.553223 0.29541 0.467773
2 0.17041 0.500488 0.291992 0.31543
4 0.757812 0.311523 0.0654297 0.09375
7 0.375 0.349609 0.00195312 0.0117188
7 0.356201 0.352051 0.00732422 0.0146484
7 0.369385 0.351074 0.00244141 0.00488281
7 0.0615234 0.367676 0.0400391 0.0419922
