1 0.202881 0.421875 0.0209961 0.0585938
1 0.187256 0.415039 0.0141602 0.03125
1 0.351318 0.416992 0.00537109 0.0292969
1 0.253174 0.42041 0.00537109 0.0302734
1 0.29248 0.423828 0.00683594 0.03125
1 0.297363 0.421387 0.0107422 0.0361328
1 0.324707 0.417969 0.00585938 0.0253906
1 0.262939 0.415527 0.0131836 0.0751953
1 0.409424 0.416016 0.0170898 0.0703125
1 0.456543 0.419922 0.00878906 0.0644531
1 0.450439 0.421875 0.0131836 0.0644531
1 0.825439 0.413086 0.0131836 0.0605469
1 0.833496 0.410156 0.0146484 0.0664062
1 0.818604 0.414551 0.0200195 0.0732422
1 0.772705 0.40918 0.0112305 0.0585938
1 0.783447 0.407715 0.0141602 0.0751953
1 0.789307 0.413574 0.012207 0.0673828
1 0.723877 0.408691 0.00732422 0.0654297
1 0.724609 0.411621 0.0136719 0.0595703
1 0.664307 0.40625 0.00830078 0.0644531
1 0.671143 0.40918 0.0112305 0.0664062
1 0.511719 0.413574 0.0078125 0.0673828
1 0.516357 0.414062 0.0112305 0.0664062
1 0.538086 0.413086 0.0117188 0.0566406
1 0.531494 0.414551 0.0141602 0.0615234
1 0.55127 0.415039 0.015625 0.0605469
1 0.565918 0.414062 0.0146484 0.0664062
1 0.582031 0.415039 0.00683594 0.0664062
1 0.57666 0.411621 0.0107422 0.0771484
1 0.591309 0.412598 0.015625 0.0634766
1 0.605713 0.40918 0.0141602 0.101562
1 0.61499 0.412598 0.00732422 0.0576172
1 0.621094 0.414551 0.0136719 0.0595703
1 0.637451 0.410645 0.012207 0.0634766
1 0.646484 0.414062 0.00683594 0.0566406
1 0.65332 0.417969 0.0205078 0.09375
5 0.164307 0.418945 0.0170898 0.0722656
5 0.422363 0.405273 0.0126953 0.0332031
5 0.447021 0.400879 0.0112305 0.0341797
5 0.464844 0.405762 0.0136719 0.0361328
5 0.125244 0.437012 0.027832 0.110352
5 0.747314 0.402832 0.0151367 0.0498047
2 0.14624 0.42041 0.0209961 0.0205078
2 0.0871582 0.430176 0.00537109 0.00878906
2 0.487549 0.407227 0.00927734 0.0136719
2 0.30127 0.420898 0.0332031 0.0253906
2 0.273926 0.421875 0.0126953 0.0234375
2 0.0351562 0.450684 0.0644531 0.141602
2 0.736084 0.398926 0.0366211 0.0283203
2 0.70752 0.40625 0.0273438 0.0292969
2 0.602539 0.413086 0.0341797 0.0390625
3 0.93457 0.388672 0.125977 0.728516
7 0.167725 0.432129 0.0307617 0.0458984
7 0.442627 0.428223 0.00732422 0.0224609
7 0.463867 0.425781 0.0117188 0.0214844
7 0.74707 0.418457 0.03125 0.0361328
