1 0.561768 0.441895 0.00830078 0.0400391
1 0.576904 0.446289 0.0141602 0.0664062
1 0.568359 0.46582 0.00488281 0.03125
1 0.552002 0.445312 0.00537109 0.03125
1 0.47998 0.445801 0.00683594 0.0283203
1 0.413086 0.445312 0.00683594 0.03125
1 0.432129 0.455078 0.0146484 0.101562
1 0.387939 0.451172 0.0112305 0.0527344
1 0.699951 0.455566 0.0180664 0.0947266
1 0.303467 0.46582 0.0131836 0.0878906
1 0.291992 0.462402 0.0126953 0.0947266
1 0.278076 0.464844 0.0141602 0.0839844
2 0.462646 0.442383 0.027832 0.0214844
2 0.499268 0.445801 0.0141602 0.0205078
2 0.540527 0.439941 0.0185547 0.0283203
2 0.554932 0.443848 0.0385742 0.0341797
2 0.43042 0.446777 0.0239258 0.0439453
2 0.103027 0.637207 0.200195 0.401367
6 0.368164 0.458496 0.0136719 0.0400391
7 0.619629 0.453125 0.0126953 0.0429688
