1 0.176025 0.39502 0.00927734 0.0341797
1 0.199951 0.379395 0.00439453 0.0126953
1 0.193359 0.383301 0.0107422 0.0224609
1 0.183105 0.393555 0.00976562 0.0253906
1 0.277588 0.395508 0.00927734 0.0351562
1 0.286865 0.390625 0.00927734 0.0351562
1 0.458008 0.362793 0.00683594 0.00878906
1 0.451416 0.361328 0.00732422 0.00976562
1 0.519531 0.375 0.0136719 0.0410156
1 0.368896 0.399414 0.012207 0.0898438
1 0.530762 0.404785 0.0117188 0.0849609
1 0.559326 0.383301 0.0141602 0.0478516
1 0.580078 0.370605 0.0078125 0.0380859
1 0.571533 0.374023 0.012207 0.0566406
1 0.616943 0.358887 0.0141602 0.0205078
1 0.644531 0.36084 0.00976562 0.0185547
1 0.657471 0.358398 0.0112305 0.0351562
1 0.388184 0.439941 0.046875 0.336914
1 0.427002 0.453613 0.0649414 0.336914
1 0.337646 0.432617 0.0922852 0.402344
1 0.250488 0.485352 0.0751953 0.359375
1 0.0197754 0.481445 0.0336914 0.308594
5 0.750488 0.503906 0.146484 0.525391
2 0.128418 0.424316 0.0673828 0.0712891
2 0.197998 0.422852 0.074707 0.0800781
2 0.321777 0.423828 0.0917969 0.0820312
2 0.447754 0.415039 0.100586 0.107422
2 0.605713 0.420898 0.152832 0.103516
2 0.816406 0.404785 0.179688 0.143555
2 0.953369 0.411133 0.0883789 0.140625
2 0.0751953 0.434082 0.106445 0.114258
7 0.763672 0.634277 0.330078 0.411133
