1 0.936523 0.335938 0.0166016 0.0585938
1 0.908447 0.34375 0.027832 0.0566406
1 0.822266 0.312012 0.0078125 0.0419922
1 0.540771 0.37793 0.0170898 0.0566406
1 0.500977 0.380371 0.0214844 0.0615234
1 0.368896 0.4375 0.0375977 0.25
1 0.844238 0.307129 0.0146484 0.0498047
1 0.855225 0.364746 0.0366211 0.0458984
1 0.501221 0.369629 0.0112305 0.0400391
1 0.5354 0.365723 0.00927734 0.0302734
2 0.288818 0.419434 0.145996 0.125977
7 0.0395508 0.480957 0.0732422 0.149414
7 0.70752 0.455078 0.0546875 0.226562
7 0.935791 0.508789 0.123535 0.396484
7 0.816406 0.490234 0.117188 0.349609
