2 0.509033 0.456055 0.0131836 0.0195312
2 0.495605 0.456543 0.015625 0.0205078
2 0.440674 0.444824 0.0268555 0.0439453
2 0.35498 0.45752 0.0566406 0.0869141
2 0.336914 0.473633 0.0292969 0.0703125
2 0.308838 0.477539 0.0493164 0.0800781
2 0.261719 0.484375 0.0771484 0.09375
2 0.169678 0.495117 0.115723 0.128906
2 0.525146 0.455566 0.0219727 0.0361328
2 0.642822 0.450684 0.0493164 0.0849609
2 0.645752 0.445801 0.0219727 0.0244141
2 0.739014 0.444824 0.212402 0.174805
2 0.710693 0.463867 0.0405273 0.0761719
2 0.786865 0.482422 0.131348 0.15625
2 0.790771 0.504883 0.0444336 0.152344
2 0.831055 0.506836 0.0712891 0.195312
2 0.903076 0.51709 0.129395 0.264648
2 0.95166 0.547852 0.0917969 0.337891
7 0.705078 0.51123 0.0488281 0.106445
