1 0.625977 0.401367 0.00488281 0.015625
1 0.653809 0.411133 0.00488281 0.0175781
1 0.507324 0.403809 0.00878906 0.0419922
1 0.487793 0.402832 0.0117188 0.0458984
1 0.477051 0.405762 0.00976562 0.0341797
1 0.421143 0.402344 0.00634766 0.0234375
1 0.409424 0.400879 0.0170898 0.0634766
1 0.391113 0.400391 0.0146484 0.0605469
1 0.322021 0.441406 0.0268555 0.166016
1 0.304932 0.445801 0.0327148 0.172852
1 0.274902 0.458984 0.0224609 0.134766
1 0.207275 0.390625 0.00927734 0.0214844
1 0.220947 0.447754 0.027832 0.166992
1 0.239746 0.444824 0.0322266 0.172852
1 0.199707 0.446777 0.0224609 0.165039
1 0.166992 0.438965 0.0146484 0.166992
1 0.184082 0.446289 0.0351562 0.175781
1 0.150146 0.446289 0.0610352 0.234375
1 0.141357 0.458008 0.0375977 0.228516
1 0.803223 0.399902 0.0078125 0.0458984
1 0.765381 0.400391 0.00927734 0.0175781
1 0.814209 0.408691 0.0239258 0.0849609
1 0.848877 0.416016 0.0180664 0.0878906
1 0.879639 0.39502 0.0112305 0.0498047
1 0.888916 0.404785 0.0112305 0.0693359
1 0.895508 0.402832 0.00976562 0.0732422
1 0.908203 0.390137 0.00488281 0.0458984
1 0.914551 0.374512 0.00683594 0.0263672
1 0.902344 0.410156 0.015625 0.0957031
1 0.918213 0.41748 0.0170898 0.112305
1 0.635986 0.410156 0.00537109 0.0273438
5 0.118408 0.442383 0.0317383 0.197266
2 0.658447 0.416504 0.00830078 0.0419922
2 0.661133 0.423828 0.0078125 0.046875
2 0.684082 0.439941 0.0302734 0.0869141
2 0.728516 0.449707 0.0976562 0.116211
2 0.567627 0.486816 0.158691 0.239258
3 0.689697 0.404785 0.0571289 0.12207
7 0.488037 0.420898 0.0112305 0.0292969
7 0.479004 0.422852 0.0107422 0.0273438
7 0.362061 0.4375 0.0317383 0.0351562
7 0.126221 0.488281 0.0571289 0.109375
7 0.771729 0.418457 0.019043 0.0341797
7 0.787354 0.421387 0.00537109 0.0302734
7 0.797119 0.435059 0.0229492 0.0712891
7 0.878174 0.439453 0.019043 0.0722656
7 0.409424 0.458984 0.0727539 0.103516
