1 0.692139 0.429199 0.00732422 0.0380859
1 0.945312 0.467773 0.0195312 0.105469
5 0.556152 0.458496 0.101562 0.293945
2 0.616943 0.413574 0.00732422 0.00878906
2 0.615967 0.416016 0.00634766 0.0117188
2 0.624756 0.407715 0.00634766 0.0107422
2 0.652344 0.420898 0.0195312 0.0390625
2 0.625977 0.422363 0.0136719 0.0205078
2 0.662842 0.430664 0.00830078 0.0292969
2 0.677246 0.435059 0.0244141 0.0380859
2 0.706055 0.427246 0.0244141 0.0341797
2 0.717529 0.435547 0.019043 0.0292969
2 0.731201 0.436035 0.0151367 0.0341797
2 0.736572 0.442383 0.00830078 0.0273438
2 0.750244 0.436523 0.0239258 0.0410156
2 0.747803 0.442871 0.0141602 0.0341797
2 0.774658 0.440918 0.050293 0.0458984
2 0.475586 0.443848 0.0908203 0.118164
2 0.455078 0.44873 0.0664062 0.112305
2 0.375488 0.450684 0.120117 0.168945
2 0.248535 0.475586 0.146484 0.236328
2 0.10791 0.499512 0.209961 0.325195
7 0.963867 0.461426 0.0292969 0.0400391
7 0.564697 0.53418 0.0307617 0.1875
7 0.93457 0.461914 0.0146484 0.0253906
