1 0.344238 0.406738 0.00683594 0.0166016
1 0.31543 0.428711 0.0205078 0.0605469
1 0.616211 0.40918 0.00683594 0.0117188
1 0.664551 0.462402 0.0224609 0.133789
2 0.451904 0.463867 0.0297852 0.0820312
2 0.434082 0.470703 0.0351562 0.0898438
2 0.390137 0.47168 0.0634766 0.144531
2 0.344971 0.496582 0.106934 0.165039
2 0.19751 0.556641 0.178223 0.300781
2 0.0656738 0.55127 0.125488 0.485352
2 0.75415 0.493652 0.134277 0.178711
2 0.897949 0.557617 0.199219 0.337891
2 0.966797 0.689941 0.0615234 0.268555
2 0.559326 0.443359 0.0366211 0.0585938
