1 0.52002 0.368652 0.00488281 0.0302734
1 0.508301 0.367188 0.00390625 0.0273438
1 0.505615 0.369629 0.00341797 0.0263672
1 0.499268 0.369629 0.00244141 0.0263672
1 0.496582 0.370117 0.00390625 0.0253906
1 0.501709 0.370117 0.00439453 0.0273438
5 0.515381 0.368652 0.00439453 0.0244141
2 0.65625 0.35498 0.0146484 0.0263672
2 0.64502 0.363281 0.0185547 0.03125
2 0.633301 0.368652 0.0175781 0.0224609
2 0.617676 0.378418 0.0253906 0.0361328
2 0.582764 0.371094 0.0219727 0.0234375
2 0.587646 0.38623 0.0327148 0.0400391
2 0.544678 0.366699 0.0229492 0.0283203
2 0.552246 0.373535 0.0283203 0.0166016
2 0.560303 0.399414 0.027832 0.046875
2 0.555176 0.410156 0.0136719 0.0507812
2 0.536133 0.413086 0.0400391 0.0644531
2 0.474365 0.361328 0.0395508 0.0390625
2 0.488281 0.407715 0.0322266 0.0595703
2 0.466064 0.414062 0.0463867 0.0683594
2 0.286377 0.437988 0.097168 0.143555
2 0.218506 0.427734 0.0336914 0.0703125
2 0.187988 0.427734 0.0488281 0.0800781
2 0.149414 0.433105 0.0517578 0.0888672
2 0.0959473 0.435059 0.0795898 0.106445
2 0.0437012 0.455566 0.081543 0.112305
2 0.634521 0.413574 0.0356445 0.0712891
2 0.655518 0.409668 0.0522461 0.0830078
2 0.672363 0.423828 0.0107422 0.0761719
2 0.7229 0.40332 0.0981445 0.162109
2 0.773926 0.431152 0.0917969 0.141602
2 0.834229 0.444336 0.11084 0.171875
2 0.930176 0.449219 0.134766 0.261719
2 0.992676 0.530762 0.00976562 0.129883
7 0.517822 0.375977 0.0151367 0.0136719
7 0.615234 0.419922 0.00878906 0.0253906
