1 0.749023 0.431152 0.00976562 0.0244141
1 0.532715 0.415527 0.00488281 0.00488281
1 0.539307 0.414062 0.00537109 0.0078125
5 0.669189 0.449707 0.0327148 0.118164
2 0.0776367 0.402344 0.0166016 0.0195312
2 0.0490723 0.417969 0.065918 0.0371094
2 0.0424805 0.424805 0.0527344 0.0371094
2 0.0429688 0.438477 0.0283203 0.0234375
2 0.017334 0.425781 0.0288086 0.0449219
2 0.321289 0.424316 0.0214844 0.0224609
2 0.361572 0.424805 0.0112305 0.0175781
2 0.350342 0.416992 0.0112305 0.0078125
2 0.369141 0.430664 0.0146484 0.0253906
2 0.378418 0.427246 0.0136719 0.0166016
2 0.391846 0.4375 0.0454102 0.0371094
2 0.355957 0.432617 0.0117188 0.0253906
2 0.475098 0.437012 0.0371094 0.0556641
2 0.510986 0.438477 0.0170898 0.0488281
2 0.521484 0.442383 0.0195312 0.0488281
6 0.670654 0.478516 0.0395508 0.109375
7 0.616211 0.449219 0.0332031 0.0507812
