1 0.547363 0.384277 0.00976562 0.0439453
1 0.57251 0.383789 0.0102539 0.0253906
1 0.536133 0.408203 0.00585938 0.0214844
1 0.460449 0.409668 0.0126953 0.0869141
1 0.453125 0.416992 0.0126953 0.0800781
1 0.734619 0.440918 0.0424805 0.219727
1 0.389404 0.429199 0.019043 0.112305
1 0.374023 0.432129 0.0166016 0.116211
1 0.577637 0.409668 0.00878906 0.0576172
1 0.572021 0.412598 0.0131836 0.0556641
1 0.553955 0.404785 0.0200195 0.0693359
2 0.602783 0.396973 0.0356445 0.0791016
2 0.630859 0.407715 0.0400391 0.0791016
