1 0.429688 0.389648 0.00390625 0.0117188
1 0.84375 0.426758 0.00683594 0.0429688
1 0.846191 0.427246 0.00878906 0.0380859
1 0.0627441 0.386719 0.019043 0.0742188
1 0.088623 0.372559 0.00927734 0.0322266
1 0.203125 0.431641 0.0234375 0.121094
1 0.2146 0.435547 0.0288086 0.125
1 0.424561 0.40625 0.00830078 0.0527344
1 0.188232 0.450195 0.0229492 0.09375
1 0.487305 0.424805 0.0136719 0.0703125
1 0.4729 0.41748 0.00341797 0.0419922
1 0.63623 0.426758 0.00976562 0.0664062
1 0.631836 0.424316 0.0166016 0.0712891
1 0.648438 0.423828 0.0107422 0.0742188
1 0.65625 0.420898 0.0107422 0.0800781
1 0.980713 0.422852 0.0141602 0.0410156
1 0.880371 0.40332 0.00292969 0.0292969
1 0.872314 0.405273 0.00732422 0.0390625
1 0.860596 0.432617 0.00927734 0.0625
1 0.851807 0.432129 0.0102539 0.0634766
1 0.94458 0.438477 0.0522461 0.257812
1 0.5625 0.422363 0.0166016 0.0751953
1 0.323486 0.41748 0.0170898 0.151367
1 0.308105 0.416016 0.0234375 0.167969
1 0.431641 0.421875 0.0136719 0.0761719
2 0.818359 0.431152 0.0478516 0.0400391
2 0.790527 0.432617 0.0166016 0.0371094
2 0.603027 0.429688 0.0292969 0.0429688
2 0.0209961 0.437012 0.0361328 0.165039
2 0.137939 0.418945 0.157715 0.166016
2 0.394043 0.421875 0.0664062 0.101562
2 0.30542 0.418457 0.112793 0.143555
2 0.908936 0.425781 0.0317383 0.0585938
2 0.75415 0.427246 0.0600586 0.0751953
7 0.60376 0.43457 0.0112305 0.0410156
7 0.448975 0.4375 0.0180664 0.0625
