2 0.578857 0.423828 0.0268555 0.0175781
2 0.556641 0.433594 0.0742188 0.0507812
2 0.617676 0.433105 0.0517578 0.0498047
2 0.647461 0.452637 0.0253906 0.0673828
2 0.661377 0.455566 0.0307617 0.0791016
2 0.679932 0.458984 0.0336914 0.101562
2 0.70166 0.459961 0.046875 0.119141
2 0.709961 0.475098 0.0556641 0.145508
2 0.763672 0.484863 0.110352 0.19043
2 0.851562 0.521973 0.173828 0.270508
2 0.922119 0.580078 0.150879 0.433594
2 0.512451 0.446289 0.0288086 0.0683594
2 0.474365 0.434082 0.0610352 0.112305
2 0.477539 0.461426 0.0332031 0.102539
2 0.457764 0.457031 0.027832 0.154297
2 0.383545 0.449707 0.148926 0.231445
2 0.325195 0.504883 0.111328 0.214844
2 0.210449 0.55127 0.261719 0.356445
2 0.0766602 0.554688 0.147461 0.5
