1 0.0195312 0.355469 0.00683594 0.0273438
1 0.013916 0.361328 0.0219727 0.0585938
1 0.105469 0.371094 0.0185547 0.0625
1 0.0842285 0.416016 0.0385742 0.169922
1 0.0664062 0.411621 0.0527344 0.182617
1 0.155273 0.421387 0.0390625 0.161133
1 0.121094 0.420898 0.0449219 0.175781
2 0.518311 0.398438 0.0151367 0.0214844
2 0.462402 0.408203 0.0146484 0.0410156
2 0.437988 0.400879 0.0419922 0.0791016
2 0.428223 0.411133 0.0439453 0.0605469
2 0.354004 0.438965 0.0654297 0.165039
2 0.263428 0.434082 0.156738 0.268555
2 0.529785 0.404785 0.00488281 0.0185547
2 0.547119 0.405762 0.0209961 0.0380859
2 0.549072 0.406738 0.0151367 0.0341797
2 0.561768 0.408691 0.0229492 0.0595703
2 0.567627 0.410156 0.0112305 0.0507812
2 0.62793 0.402832 0.114258 0.118164
2 0.636719 0.415039 0.0957031 0.130859
2 0.655029 0.432617 0.050293 0.105469
2 0.656738 0.44873 0.0224609 0.0869141
2 0.687012 0.443359 0.0537109 0.164062
2 0.768311 0.452637 0.184082 0.209961
2 0.864746 0.469238 0.18457 0.262695
2 0.91748 0.497559 0.160156 0.336914
2 0.990479 0.647461 0.0141602 0.210938
2 0.064209 0.583984 0.122559 0.3125
