1 0.677979 0.426758 0.0317383 0.201172
2 0.364502 0.415039 0.0336914 0.0332031
2 0.34668 0.421387 0.0166016 0.0517578
2 0.337891 0.423828 0.0146484 0.0605469
2 0.311035 0.419434 0.0546875 0.0966797
2 0.265869 0.440918 0.0756836 0.124023
2 0.250977 0.463379 0.0546875 0.139648
2 0.17749 0.472656 0.143066 0.191406
2 0.416504 0.413574 0.03125 0.0341797
2 0.429443 0.42041 0.00732422 0.0498047
2 0.437744 0.423828 0.0161133 0.0605469
2 0.455811 0.425293 0.0385742 0.0712891
2 0.462891 0.436035 0.0244141 0.0791016
2 0.479248 0.43457 0.034668 0.109375
2 0.503662 0.439453 0.0629883 0.132812
2 0.549072 0.462891 0.130371 0.177734
6 0.621094 0.428223 0.03125 0.110352
7 0.0734863 0.464355 0.0317383 0.120117
