5 0.629883 0.410645 0.0458984 0.129883
2 0.410889 0.40918 0.0678711 0.134766
2 0.972168 0.429688 0.0507812 0.0957031
7 0.00878906 0.434082 0.0117188 0.0595703
7 0.0187988 0.432617 0.0131836 0.0585938
7 0.212402 0.433105 0.0146484 0.0673828
7 0.0336914 0.430176 0.0205078 0.0634766
7 0.0566406 0.425293 0.0166016 0.0576172
7 0.0952148 0.449707 0.0224609 0.0673828
7 0.116699 0.44043 0.0400391 0.0898438
7 0.187012 0.438477 0.0244141 0.0625
7 0.171387 0.446777 0.0302734 0.0654297
7 0.465576 0.427734 0.0180664 0.0820312
7 0.625488 0.446777 0.0693359 0.0888672
