1 0.73291 0.415039 0.00488281 0.0410156
1 0.718506 0.412109 0.0151367 0.0546875
1 0.748047 0.408203 0.00976562 0.0527344
1 0.785156 0.394043 0.0078125 0.0302734
1 0.790771 0.395508 0.0112305 0.0253906
1 0.773682 0.407715 0.0112305 0.0478516
1 0.761475 0.413574 0.0170898 0.0634766
1 0.647461 0.462402 0.0380859 0.15918
2 0.498535 0.422363 0.0351562 0.0537109
2 0.77417 0.474609 0.0454102 0.138672
2 0.811768 0.47168 0.0766602 0.169922
2 0.911133 0.466309 0.172852 0.301758
2 0.513672 0.459473 0.0712891 0.116211
2 0.0617676 0.552734 0.117676 0.279297
7 0.971436 0.600586 0.0522461 0.142578
7 0.153564 0.519043 0.0229492 0.106445
7 0.20459 0.529297 0.0400391 0.125
7 0.158691 0.521973 0.108398 0.147461
7 0.981934 0.671387 0.03125 0.12207
7 0.0849609 0.490723 0.0615234 0.102539
