5 0.523682 0.446777 0.00537109 0.0146484
2 0.351074 0.455566 0.0566406 0.0498047
2 0.343262 0.477051 0.0742188 0.0732422
2 0.290039 0.480957 0.140625 0.0947266
2 0.196777 0.532227 0.0644531 0.152344
2 0.670898 0.436523 0.03125 0.0195312
3 0.473877 0.442383 0.00830078 0.0410156
3 0.464844 0.431641 0.0185547 0.0644531
3 0.460205 0.421387 0.0102539 0.0439453
3 0.437256 0.422852 0.0405273 0.09375
3 0.428467 0.432129 0.027832 0.0947266
3 0.419434 0.424316 0.0146484 0.0966797
3 0.22876 0.417969 0.130371 0.162109
3 0.00878906 0.416504 0.0117188 0.459961
7 0.52417 0.454102 0.0112305 0.0117188
