1 0.770996 0.424805 0.0214844 0.130859
1 0.343994 0.378906 0.00927734 0.0195312
2 0.518066 0.409668 0.0117188 0.0185547
2 0.521973 0.409668 0.0117188 0.0185547
2 0.537354 0.408691 0.0131836 0.0244141
2 0.563721 0.419434 0.0463867 0.0771484
2 0.462158 0.395996 0.00244141 0.000976562
2 0.466553 0.410156 0.0151367 0.0292969
2 0.462402 0.416992 0.00585938 0.0214844
2 0.454102 0.412598 0.0146484 0.0380859
2 0.429199 0.414551 0.0517578 0.0439453
2 0.359131 0.42334 0.0834961 0.0810547
2 0.349365 0.425293 0.0541992 0.0712891
2 0.288818 0.417969 0.148926 0.115234
2 0.267334 0.429688 0.0932617 0.107422
2 0.265381 0.459961 0.050293 0.0957031
2 0.194336 0.438477 0.103516 0.125
2 0.193115 0.460449 0.0991211 0.15918
2 0.0812988 0.452637 0.156738 0.245117
2 0.03125 0.488281 0.0566406 0.255859
7 0.609375 0.42334 0.0126953 0.0341797
7 0.308838 0.462891 0.0415039 0.0800781
7 0.666504 0.444336 0.0078125 0.0390625
7 0.687744 0.43457 0.0141602 0.0585938
