1 0.673828 0.378418 0.00683594 0.0439453
5 0.686035 0.384277 0.0224609 0.12793
2 0.526855 0.368652 0.00585938 0.00878906
2 0.522461 0.368164 0.00390625 0.0078125
2 0.517822 0.367676 0.00244141 0.00683594
2 0.51416 0.369141 0.00683594 0.00976562
2 0.503418 0.369141 0.00878906 0.015625
2 0.379883 0.375 0.00683594 0.0175781
2 0.349365 0.375488 0.0200195 0.0146484
2 0.263184 0.380859 0.015625 0.015625
2 0.272461 0.37793 0.00683594 0.0117188
2 0.167969 0.39502 0.0712891 0.0419922
2 0.559082 0.366211 0.0175781 0.0390625
3 0.12085 0.370117 0.0268555 0.0351562
7 0.689209 0.418457 0.012207 0.0810547
