5 0.827637 0.449707 0.015625 0.0927734
2 0.849365 0.449219 0.109863 0.0839844
2 0.993896 0.472656 0.00732422 0.0429688
2 0.570557 0.431152 0.00830078 0.0126953
2 0.577881 0.445312 0.0112305 0.03125
2 0.587402 0.450684 0.0175781 0.0458984
2 0.593262 0.458008 0.0117188 0.0429688
2 0.599365 0.458496 0.0151367 0.0478516
2 0.616699 0.458984 0.0332031 0.0488281
2 0.55957 0.430664 0.00976562 0.0117188
2 0.333008 0.443848 0.0234375 0.0771484
2 0.00610352 0.456055 0.00634766 0.0117188
2 0.00952148 0.468262 0.0131836 0.0439453
2 0.0136719 0.472656 0.0214844 0.0566406
2 0.0541992 0.516602 0.0830078 0.175781
2 0.386963 0.486816 0.112793 0.174805
2 0.186523 0.539551 0.297852 0.401367
3 0.518799 0.423828 0.0395508 0.111328
7 0.834717 0.472656 0.0424805 0.0507812
7 0.03125 0.480469 0.0273438 0.0429688
