1 0.529053 0.403809 0.00634766 0.0205078
1 0.536621 0.391113 0.00390625 0.00488281
1 0.595215 0.39502 0.00976562 0.0380859
1 0.611328 0.395996 0.00585938 0.0458984
1 0.609375 0.400879 0.00976562 0.0498047
1 0.625488 0.398926 0.00878906 0.0537109
1 0.616211 0.401855 0.015625 0.0576172
1 0.628662 0.397461 0.00732422 0.0546875
1 0.644287 0.396973 0.00732422 0.0595703
1 0.642578 0.392578 0.00878906 0.0488281
1 0.654053 0.390625 0.0131836 0.0820312
1 0.687988 0.367188 0.0146484 0.0449219
1 0.666748 0.40625 0.0239258 0.132812
1 0.68457 0.436523 0.0234375 0.154297
1 0.702393 0.441895 0.0219727 0.149414
1 0.721436 0.437012 0.0258789 0.15918
1 0.748047 0.421387 0.0234375 0.176758
1 0.769775 0.427734 0.00732422 0.164062
1 0.746094 0.435059 0.0244141 0.168945
1 0.809082 0.393066 0.0185547 0.172852
1 0.800293 0.418457 0.0263672 0.219727
1 0.824707 0.42334 0.046875 0.274414
1 0.781006 0.44043 0.0229492 0.191406
1 0.936035 0.39209 0.00390625 0.149414
1 0.768311 0.452637 0.0336914 0.188477
1 0.989258 0.531738 0.0166016 0.0654297
1 0.345459 0.408691 0.00439453 0.0263672
2 0.525391 0.410645 0.00585938 0.0185547
2 0.486328 0.396484 0.00976562 0.0117188
2 0.509521 0.388184 0.0161133 0.00488281
2 0.537598 0.40918 0.0126953 0.0332031
2 0.542725 0.412598 0.012207 0.0380859
2 0.564453 0.398438 0.0419922 0.0839844
2 0.577393 0.414062 0.043457 0.0625
2 0.506348 0.419434 0.0400391 0.0576172
2 0.4729 0.40332 0.0249023 0.0527344
2 0.463867 0.411133 0.0332031 0.0566406
7 0.638184 0.419434 0.0175781 0.0498047
