1 0.312256 0.380371 0.00634766 0.0146484
1 0.292969 0.385742 0.0078125 0.00976562
1 0.746582 0.337402 0.0244141 0.0380859
1 0.770996 0.341797 0.0224609 0.0292969
5 0.558838 0.402832 0.0151367 0.0771484
2 0.572754 0.402344 0.0146484 0.0410156
2 0.546387 0.40625 0.0185547 0.0390625
2 0.535889 0.407227 0.0239258 0.0410156
2 0.485596 0.391602 0.00439453 0.00390625
2 0.465332 0.410645 0.0429688 0.0576172
2 0.433594 0.41748 0.03125 0.0576172
2 0.422852 0.42041 0.0166016 0.0615234
2 0.387695 0.410645 0.0615234 0.0947266
2 0.375 0.42627 0.0351562 0.0830078
2 0.342041 0.427734 0.0620117 0.103516
2 0.310791 0.443848 0.081543 0.114258
2 0.204834 0.469727 0.116699 0.160156
2 0.0925293 0.48584 0.179199 0.276367
2 0.506836 0.411621 0.0478516 0.0693359
2 0.597168 0.405273 0.0507812 0.0996094
2 0.601318 0.416016 0.0415039 0.09375
2 0.605713 0.424316 0.0317383 0.104492
2 0.63916 0.419922 0.0664062 0.150391
2 0.687012 0.440918 0.0830078 0.174805
2 0.753906 0.468262 0.165039 0.229492
2 0.892578 0.52002 0.209961 0.459961
7 0.558594 0.425293 0.00585938 0.0419922
