1 0.529785 0.368652 0.00878906 0.0322266
1 0.548828 0.369141 0.00585938 0.0371094
1 0.558594 0.370117 0.00488281 0.046875
1 0.554932 0.371094 0.0102539 0.046875
1 0.567139 0.373047 0.00830078 0.046875
1 0.577393 0.37207 0.00830078 0.0449219
1 0.636963 0.410645 0.0258789 0.145508
1 0.657227 0.418945 0.0283203 0.140625
1 0.682129 0.411133 0.0292969 0.160156
1 0.729736 0.411133 0.0209961 0.154297
1 0.711914 0.417969 0.0244141 0.150391
1 0.755615 0.40918 0.0327148 0.138672
1 0.781738 0.413086 0.0253906 0.140625
1 0.849854 0.418457 0.0493164 0.235352
1 0.0283203 0.456055 0.0439453 0.220703
1 0.0964355 0.43457 0.0483398 0.234375
5 0.508789 0.378418 0.00878906 0.0458984
2 0.49292 0.375977 0.0200195 0.0332031
2 0.958984 0.512695 0.0771484 0.285156
7 0.508057 0.39209 0.00341797 0.0283203
