1 0.732422 0.369629 0.00390625 0.0185547
1 0.523438 0.416504 0.00390625 0.0263672
1 0.528076 0.41748 0.00439453 0.0283203
1 0.475586 0.412598 0.00390625 0.0185547
1 0.472168 0.412598 0.00390625 0.0166016
1 0.465332 0.416504 0.00683594 0.0322266
1 0.460449 0.417969 0.00488281 0.0214844
1 0.456055 0.416504 0.00585938 0.0263672
2 0.519775 0.40918 0.00927734 0.0175781
2 0.534424 0.415039 0.0180664 0.0292969
2 0.540527 0.430664 0.0136719 0.0371094
2 0.546387 0.431641 0.0146484 0.0390625
2 0.569336 0.422852 0.046875 0.101562
2 0.577637 0.44873 0.0380859 0.0810547
2 0.608398 0.462402 0.0498047 0.106445
2 0.681152 0.470215 0.129883 0.194336
2 0.736328 0.509277 0.152344 0.227539
2 0.859619 0.584961 0.275879 0.337891
2 0.978271 0.772949 0.0385742 0.364258
2 0.360596 0.474609 0.106934 0.140625
