1 0.810059 0.389648 0.00878906 0.0429688
1 0.870361 0.387207 0.0180664 0.0751953
1 0.741455 0.381836 0.0131836 0.046875
1 0.785156 0.396484 0.0126953 0.0585938
1 0.770508 0.466797 0.0517578 0.212891
1 0.911377 0.412109 0.0395508 0.205078
2 0.472168 0.402832 0.0224609 0.0107422
2 0.389893 0.401855 0.150879 0.120117
2 0.422363 0.433105 0.0732422 0.129883
2 0.404785 0.456543 0.0849609 0.131836
2 0.133057 0.568848 0.260254 0.448242
2 0.0529785 0.695312 0.100098 0.513672
2 0.565918 0.411621 0.0283203 0.0517578
2 0.59668 0.421875 0.0429688 0.103516
2 0.596924 0.444824 0.034668 0.112305
2 0.64624 0.439941 0.0932617 0.174805
2 0.691406 0.469238 0.133789 0.198242
3 0.520508 0.366699 0.0771484 0.21582
7 0.795166 0.445801 0.0209961 0.0751953
7 0.856201 0.45459 0.0424805 0.0986328
7 0.818848 0.444336 0.0351562 0.0898438
7 0.912598 0.442871 0.0634766 0.131836
