1 0.651123 0.447754 0.0170898 0.0732422
1 0.884277 0.458496 0.0429688 0.24707
2 0.583252 0.441895 0.0463867 0.0751953
2 0.608154 0.457031 0.0541992 0.0839844
2 0.446045 0.449219 0.019043 0.0351562
2 0.430664 0.450684 0.0175781 0.0537109
2 0.419922 0.452148 0.0136719 0.0664062
2 0.408691 0.450195 0.0185547 0.078125
2 0.390137 0.451172 0.0302734 0.0898438
2 0.333252 0.46582 0.0766602 0.123047
2 0.508301 0.44043 0.0263672 0.0507812
2 0.185303 0.509277 0.105957 0.186523
2 0.0812988 0.547363 0.156738 0.245117
