1 0.610352 0.394043 0.00683594 0.0126953
1 0.576172 0.394531 0.00390625 0.00390625
1 0.41333 0.427246 0.0112305 0.0322266
1 0.250488 0.466797 0.0302734 0.183594
1 0.888672 0.4375 0.0341797 0.171875
1 0.865234 0.408691 0.0166016 0.116211
1 0.984863 0.411621 0.0253906 0.133789
1 0.960449 0.437012 0.0371094 0.170898
1 0.0979004 0.597168 0.127441 0.614258
1 0.371582 0.568848 0.15625 0.540039
5 0.516113 0.428223 0.00976562 0.0419922
5 0.539795 0.452148 0.0395508 0.175781
5 0.562012 0.488281 0.0429688 0.199219
5 0.825439 0.523438 0.0151367 0.0136719
5 0.842773 0.418457 0.0380859 0.166992
2 0.596436 0.403809 0.0424805 0.0205078
2 0.602539 0.459961 0.0556641 0.117188
7 0.948975 0.480957 0.097168 0.141602
7 0.346436 0.444336 0.0219727 0.0351562
7 0.331543 0.466309 0.0332031 0.0791016
7 0.515625 0.445312 0.00488281 0.0253906
7 0.536865 0.514648 0.0366211 0.132812
7 0.568359 0.544922 0.0214844 0.117188
7 0.82959 0.47998 0.112305 0.135742
