1 0.421387 0.442871 0.0126953 0.0751953
1 0.600586 0.45459 0.0390625 0.18457
2 0.112793 0.418945 0.0429688 0.0488281
2 0.500488 0.438477 0.0126953 0.0390625
2 0.485352 0.44043 0.0302734 0.046875
2 0.536133 0.418945 0.0566406 0.0585938
2 0.348389 0.515625 0.0991211 0.220703
2 0.224609 0.604492 0.248047 0.425781
2 0.0739746 0.640137 0.14209 0.709961
2 0.564209 0.438965 0.0151367 0.0498047
2 0.570312 0.440918 0.0126953 0.0537109
2 0.578125 0.445312 0.0253906 0.0722656
3 0.754883 0.411133 0.271484 0.482422
