1 0.536621 0.442871 0.0107422 0.0439453
2 0.557129 0.450195 0.00488281 0.00390625
2 0.550293 0.446777 0.00976562 0.0107422
2 0.542236 0.445801 0.00830078 0.0126953
2 0.526367 0.444336 0.0136719 0.0175781
2 0.568848 0.435547 0.0136719 0.0136719
2 0.581543 0.439941 0.0195312 0.0302734
2 0.702637 0.47168 0.0810547 0.125
2 0.797119 0.491211 0.148926 0.193359
2 0.946045 0.532715 0.103027 0.288086
2 0.464111 0.445312 0.012207 0.0332031
2 0.454834 0.439453 0.012207 0.0214844
2 0.430908 0.440918 0.0307617 0.0517578
2 0.390137 0.453125 0.0449219 0.0625
2 0.311768 0.464844 0.0864258 0.101562
