1 0.346191 0.436523 0.0146484 0.0820312
1 0.174072 0.427734 0.0209961 0.0703125
1 0.105469 0.437012 0.0234375 0.0791016
1 0.0830078 0.415527 0.0166016 0.0361328
5 0.205566 0.45752 0.0380859 0.168945
2 0.365723 0.433105 0.0283203 0.0537109
2 0.404297 0.466309 0.0751953 0.106445
2 0.545654 0.417969 0.00634766 0.0234375
2 0.561768 0.428711 0.034668 0.0546875
2 0.516113 0.449219 0.0634766 0.103516
2 0.960205 0.428223 0.074707 0.166992
7 0.251465 0.464355 0.0410156 0.0654297
7 0.20752 0.507324 0.0283203 0.106445
