1 0.0854492 0.364258 0.00878906 0.0332031
1 0.0720215 0.371094 0.012207 0.0410156
1 0.215088 0.445312 0.0483398 0.353516
1 0.108887 0.43457 0.0419922 0.306641
1 0.147949 0.427734 0.0371094 0.304688
1 0.168457 0.430664 0.118164 0.439453
1 0.340576 0.421387 0.050293 0.286133
1 0.62207 0.367188 0.0166016 0.09375
1 0.701172 0.352051 0.0234375 0.124023
1 0.734619 0.358887 0.0356445 0.116211
1 0.296875 0.438965 0.0566406 0.264648
1 0.61377 0.368164 0.0107422 0.0898438
1 0.644775 0.366211 0.0229492 0.09375
1 0.744629 0.35791 0.0195312 0.114258
2 0.034668 0.446289 0.0634766 0.0976562
