1 0.300781 0.421387 0.00488281 0.0224609
1 0.507324 0.413086 0.0078125 0.0410156
1 0.562988 0.409668 0.00878906 0.0400391
5 0.693115 0.397461 0.0249023 0.111328
5 0.48877 0.407715 0.0117188 0.0361328
2 0.252441 0.426758 0.00878906 0.015625
2 0.221924 0.426758 0.0131836 0.015625
2 0.28125 0.427246 0.0136719 0.0166016
2 0.356201 0.424316 0.0112305 0.0244141
2 0.154053 0.428711 0.00927734 0.0136719
2 0.380371 0.427246 0.00585938 0.0263672
2 0.398438 0.421387 0.0332031 0.0439453
7 0.692627 0.428711 0.0239258 0.078125
7 0.489746 0.429688 0.00585938 0.0175781
