1 0.0864258 0.374023 0.0136719 0.0273438
1 0.100098 0.385742 0.0175781 0.046875
1 0.081543 0.388184 0.0292969 0.0419922
1 0.0537109 0.388184 0.015625 0.0439453
1 0.0388184 0.388672 0.027832 0.0429688
1 0.90918 0.438965 0.0078125 0.0966797
1 0.901855 0.441406 0.0214844 0.107422
5 0.450684 0.399902 0.0292969 0.104492
5 0.517822 0.412109 0.0317383 0.109375
2 0.783447 0.421875 0.0639648 0.0644531
2 0.609131 0.419434 0.012207 0.0400391
2 0.469482 0.409668 0.0356445 0.0517578
2 0.512451 0.406738 0.0375977 0.0537109
6 0.354492 0.411133 0.00488281 0.0273438
6 0.373291 0.40625 0.0112305 0.0429688
7 0.187012 0.434082 0.0292969 0.0869141
7 0.70874 0.42334 0.0112305 0.0400391
7 0.384033 0.416016 0.0131836 0.03125
7 0.395752 0.412109 0.0112305 0.0332031
7 0.410889 0.413086 0.012207 0.03125
7 0.448242 0.442383 0.0380859 0.0742188
7 0.520508 0.444336 0.0498047 0.0898438
