1 0.588135 0.375 0.0141602 0.0605469
1 0.606934 0.371094 0.00976562 0.0527344
1 0.619873 0.370605 0.0102539 0.0478516
1 0.652344 0.369629 0.0273438 0.0908203
1 0.682617 0.35791 0.0146484 0.0458984
1 0.705566 0.371094 0.0263672 0.146484
1 0.733154 0.368164 0.0336914 0.134766
1 0.456055 0.390137 0.00878906 0.0556641
1 0.44873 0.387207 0.00976562 0.0654297
1 0.428467 0.391113 0.0112305 0.0439453
1 0.417969 0.379883 0.0107422 0.0234375
1 0.390381 0.371094 0.00537109 0.0195312
1 0.395264 0.371582 0.00537109 0.0205078
1 0.400391 0.377441 0.0117188 0.0205078
1 0.383545 0.370605 0.00439453 0.00683594
1 0.20752 0.367676 0.0205078 0.0283203
2 0.547119 0.386719 0.034668 0.0546875
2 0.513916 0.356445 0.0415039 0.046875
2 0.496338 0.414551 0.0913086 0.157227
2 0.380371 0.400391 0.0957031 0.0605469
2 0.329346 0.430176 0.0551758 0.108398
2 0.291748 0.443359 0.0825195 0.132812
2 0.213379 0.462891 0.143555 0.173828
2 0.0942383 0.509277 0.182617 0.227539
2 0.0234375 0.585449 0.0410156 0.172852
7 0.58667 0.385254 0.00732422 0.00683594
7 0.679688 0.379883 0.0214844 0.0390625
