1 0.126709 0.445312 0.00537109 0.0175781
1 0.134521 0.445312 0.00439453 0.0136719
1 0.130615 0.449707 0.00439453 0.0205078
1 0.19165 0.434082 0.00732422 0.0263672
1 0.196289 0.4375 0.00488281 0.0195312
1 0.205811 0.438965 0.00634766 0.0166016
1 0.200439 0.439941 0.00634766 0.0146484
1 0.222168 0.436035 0.00585938 0.0205078
1 0.227539 0.431641 0.00683594 0.0195312
1 0.282715 0.422363 0.0107422 0.0302734
1 0.52417 0.427246 0.0141602 0.0908203
1 0.534668 0.406738 0.00976562 0.0419922
1 0.70752 0.416016 0.0146484 0.0957031
1 0.869873 0.403809 0.00439453 0.0400391
1 0.874756 0.401855 0.00732422 0.0322266
1 0.873047 0.421387 0.00683594 0.0283203
1 0.87915 0.417969 0.0102539 0.0703125
1 0.937256 0.431152 0.0336914 0.204102
1 0.953369 0.424316 0.0307617 0.213867
1 0.963623 0.460938 0.0493164 0.203125
1 0.958984 0.452637 0.0644531 0.325195
1 0.988525 0.571777 0.0180664 0.118164
1 0.977295 0.462891 0.0405273 0.390625
1 0.919434 0.433105 0.0263672 0.223633
1 0.906494 0.443848 0.0551758 0.225586
1 0.728516 0.445312 0.0380859 0.277344
1 0.809082 0.446289 0.0576172 0.230469
1 0.871338 0.447266 0.0444336 0.242188
1 0.793213 0.451172 0.0541992 0.292969
1 0.764893 0.467773 0.0307617 0.251953
1 0.727783 0.447754 0.0581055 0.313477
1 0.741943 0.461426 0.0639648 0.317383
1 0.806396 0.475098 0.0981445 0.411133
1 0.852783 0.544922 0.0883789 0.40625
1 0.587646 0.446777 0.0229492 0.180664
1 0.613525 0.447754 0.0356445 0.256836
1 0.638672 0.449219 0.0351562 0.283203
1 0.538574 0.459961 0.0263672 0.179688
1 0.497559 0.473633 0.0791016 0.273438
1 0.501953 0.461426 0.0869141 0.321289
1 0.579346 0.483887 0.112793 0.416992
1 0.618896 0.566895 0.065918 0.34082
1 0.330811 0.463379 0.0541992 0.208008
1 0.400879 0.477539 0.0664062 0.261719
1 0.409424 0.452637 0.043457 0.327148
1 0.265137 0.472656 0.0576172 0.220703
1 0.0361328 0.466309 0.0126953 0.0517578
1 0.0234375 0.466309 0.0107422 0.0595703
1 0.0336914 0.462891 0.0166016 0.0605469
1 0.0551758 0.452637 0.00488281 0.0322266
1 0.0441895 0.465332 0.00830078 0.0537109
1 0.090332 0.468262 0.0214844 0.151367
1 0.0737305 0.467285 0.0283203 0.15918
1 0.180908 0.459473 0.019043 0.137695
1 0.165527 0.452637 0.0244141 0.168945
5 0.296875 0.437988 0.0244141 0.0712891
2 0.522461 0.396484 0.015625 0.00585938
2 0.560303 0.436035 0.0864258 0.0810547
2 0.452148 0.436035 0.0488281 0.0673828
2 0.34668 0.446289 0.0791016 0.0644531
2 0.24585 0.455078 0.0786133 0.0625
2 0.0109863 0.470215 0.0141602 0.0654297
6 0.296631 0.462891 0.0356445 0.0507812
