1 0.154297 0.46875 0.0175781 0.0566406
1 0.922607 0.370605 0.0385742 0.194336
2 0.0126953 0.479492 0.0195312 0.03125
2 0.887451 0.38623 0.0327148 0.0166016
2 0.454834 0.437012 0.0239258 0.0361328
2 0.422852 0.441895 0.0429688 0.0673828
2 0.393555 0.446289 0.0166016 0.0527344
2 0.35376 0.45752 0.0834961 0.108398
2 0.65625 0.407227 0.0488281 0.146484
2 0.726562 0.44873 0.148438 0.206055
2 0.556641 0.530762 0.211914 0.34668
4 0.293945 0.394531 0.133789 0.210938
7 0.905029 0.395996 0.0131836 0.0380859
