1 0.367432 0.423828 0.00537109 0.00585938
1 0.789551 0.374023 0.0175781 0.0214844
5 0.319824 0.458984 0.0322266 0.140625
2 0.459473 0.435547 0.00878906 0.00390625
2 0.445557 0.432129 0.0200195 0.0107422
2 0.441406 0.438477 0.015625 0.0078125
2 0.443359 0.445312 0.00976562 0.0136719
2 0.436035 0.45752 0.0136719 0.0380859
2 0.452881 0.459961 0.0288086 0.0449219
2 0.427979 0.45752 0.0102539 0.0458984
2 0.423828 0.458008 0.00976562 0.0488281
2 0.407715 0.453125 0.0283203 0.0625
2 0.402832 0.458008 0.0322266 0.0625
2 0.398193 0.462891 0.0200195 0.0644531
2 0.385742 0.465332 0.0214844 0.0693359
2 0.367188 0.467285 0.0361328 0.0810547
2 0.325195 0.465332 0.0634766 0.0927734
2 0.0915527 0.51123 0.145996 0.233398
2 0.0270996 0.528809 0.0483398 0.264648
2 0.567871 0.433594 0.0292969 0.0117188
2 0.56958 0.456543 0.0229492 0.0439453
2 0.581787 0.47168 0.0249023 0.0820312
2 0.592773 0.474609 0.0302734 0.09375
2 0.626953 0.483398 0.0732422 0.115234
2 0.716064 0.473145 0.149902 0.305664
2 0.839355 0.544922 0.267578 0.328125
2 0.94873 0.669922 0.0976562 0.371094
2 0.512451 0.477051 0.0981445 0.182617
7 0.314941 0.471191 0.0595703 0.0791016
7 0.318604 0.496582 0.0268555 0.106445
