1 0.630371 0.418945 0.00292969 0.0175781
1 0.633789 0.418945 0.00585938 0.0234375
1 0.376465 0.411621 0.00683594 0.0244141
1 0.371338 0.410645 0.00634766 0.0224609
1 0.182129 0.42334 0.00488281 0.0263672
1 0.165527 0.421387 0.0078125 0.0380859
1 0.160645 0.429199 0.0078125 0.0380859
1 0.110352 0.436035 0.0117188 0.0458984
2 0.52124 0.421875 0.0473633 0.0332031
2 0.572754 0.432129 0.0458984 0.0341797
2 0.743408 0.41748 0.0366211 0.0224609
2 0.706299 0.431641 0.0688477 0.0410156
2 0.453857 0.411621 0.0297852 0.0146484
2 0.466797 0.422363 0.0341797 0.0302734
2 0.379883 0.431152 0.0195312 0.0185547
2 0.415039 0.44043 0.0234375 0.0527344
2 0.4729 0.438477 0.0317383 0.0546875
2 0.434814 0.447266 0.0444336 0.0644531
2 0.311035 0.434082 0.0332031 0.0400391
2 0.349365 0.449219 0.0571289 0.0957031
2 0.24707 0.467285 0.0664062 0.100586
7 0.634521 0.436523 0.019043 0.0195312
