1 0.699219 0.441406 0.00390625 0.0234375
1 0.703125 0.440918 0.00488281 0.0263672
1 0.7146 0.441406 0.00341797 0.0273438
1 0.708496 0.441406 0.00390625 0.0253906
1 0.7771 0.42041 0.00439453 0.00878906
1 0.733398 0.449707 0.0136719 0.0849609
5 0.718262 0.44043 0.00878906 0.0351562
5 0.468262 0.455566 0.0371094 0.15332
2 0.617432 0.437988 0.00927734 0.0146484
2 0.625488 0.438477 0.00878906 0.0136719
2 0.608887 0.443848 0.00878906 0.0205078
2 0.580078 0.442383 0.00976562 0.0253906
2 0.567139 0.446289 0.019043 0.0351562
2 0.547852 0.448242 0.0292969 0.0507812
2 0.493408 0.453613 0.0297852 0.0830078
2 0.361816 0.417969 0.118164 0.0898438
2 0.42334 0.461914 0.0585938 0.0996094
2 0.320801 0.495605 0.12207 0.15332
2 0.633789 0.439453 0.00976562 0.0175781
2 0.650635 0.437012 0.00732422 0.0166016
2 0.660889 0.44043 0.0161133 0.0332031
2 0.661133 0.445312 0.0117188 0.0292969
2 0.744873 0.452637 0.0161133 0.0595703
2 0.790771 0.441406 0.00830078 0.0234375
2 0.764404 0.457031 0.0493164 0.0703125
2 0.854492 0.436523 0.0488281 0.046875
2 0.956299 0.443848 0.0600586 0.0615234
2 0.973877 0.498535 0.0473633 0.192383
2 0.821289 0.470703 0.0683594 0.0996094
2 0.671387 0.447266 0.0205078 0.0371094
2 0.678467 0.45166 0.0268555 0.0419922
6 0.461182 0.503906 0.0463867 0.15625
7 0.229248 0.437988 0.0229492 0.0361328
7 0.0852051 0.442871 0.043457 0.0439453
7 0.256592 0.441406 0.0385742 0.046875
7 0.12793 0.442871 0.0458984 0.0439453
7 0.219971 0.441895 0.0297852 0.0419922
7 0.718262 0.450195 0.00488281 0.0214844
