1 0.790039 0.437012 0.0351562 0.151367
1 0.733887 0.433105 0.0195312 0.106445
1 0.75708 0.427734 0.0209961 0.115234
1 0.860596 0.453613 0.0249023 0.178711
1 0.838379 0.453613 0.0361328 0.18457
1 0.69873 0.443359 0.0136719 0.0761719
1 0.701904 0.45459 0.0112305 0.0654297
1 0.663086 0.421387 0.00976562 0.0791016
1 0.671875 0.429688 0.0126953 0.103516
1 0.4021 0.413086 0.0102539 0.0839844
1 0.683105 0.431641 0.0283203 0.107422
1 0.646973 0.39209 0.00292969 0.0126953
1 0.637695 0.392578 0.0078125 0.0175781
1 0.658936 0.40625 0.0180664 0.0527344
1 0.57373 0.448242 0.0322266 0.150391
1 0.561035 0.440918 0.0361328 0.170898
1 0.527832 0.435547 0.0175781 0.15625
1 0.97998 0.44873 0.0195312 0.139648
1 0.950195 0.416016 0.0546875 0.164062
1 0.984863 0.434082 0.0253906 0.161133
5 0.80835 0.438965 0.0288086 0.15918
2 0.591309 0.414551 0.0283203 0.0517578
2 0.592285 0.434082 0.0175781 0.0654297
2 0.605957 0.44043 0.0341797 0.0859375
2 0.630371 0.44873 0.0625 0.0947266
2 0.527832 0.422363 0.0458984 0.0693359
6 0.919678 0.555176 0.120605 0.397461
7 0.765381 0.523926 0.065918 0.170898
7 0.44458 0.42334 0.00439453 0.0322266
