1 0.550049 0.375488 0.00537109 0.0458984
1 0.561279 0.391602 0.0200195 0.09375
2 0.495605 0.369141 0.0615234 0.0820312
2 0.567871 0.398438 0.0117188 0.0605469
2 0.573486 0.400879 0.012207 0.0732422
2 0.592041 0.397461 0.0415039 0.0878906
2 0.5896 0.411621 0.0219727 0.100586
2 0.606201 0.413574 0.0444336 0.112305
2 0.619385 0.424805 0.0385742 0.134766
2 0.649414 0.433105 0.0732422 0.180664
2 0.750977 0.430664 0.191406 0.294922
2 0.870605 0.522949 0.253906 0.413086
2 0.978516 0.725586 0.0380859 0.376953
2 0.527588 0.399414 0.0385742 0.0585938
2 0.525635 0.370117 0.0249023 0.0117188
4 0.44043 0.348633 0.0810547 0.0488281
