1 0.363281 0.444824 0.0175781 0.0576172
1 0.724854 0.387207 0.0112305 0.0185547
1 0.75708 0.392578 0.0112305 0.0234375
1 0.771973 0.390625 0.0078125 0.0117188
1 0.462891 0.450195 0.03125 0.152344
1 0.499268 0.442383 0.0219727 0.134766
2 0.475098 0.424316 0.0146484 0.0341797
2 0.471436 0.428223 0.0131836 0.0380859
2 0.468506 0.439941 0.00830078 0.0341797
2 0.437744 0.432617 0.0336914 0.0683594
2 0.421875 0.450684 0.0527344 0.0791016
2 0.566406 0.407715 0.0205078 0.00878906
2 0.582275 0.446777 0.0463867 0.0751953
2 0.538574 0.45459 0.0625 0.0966797
2 0.643799 0.481934 0.0610352 0.155273
2 0.700439 0.498047 0.115723 0.205078
2 0.918945 0.564941 0.157227 0.541992
2 0.341553 0.483398 0.0463867 0.150391
2 0.260986 0.503418 0.152832 0.239258
2 0.0983887 0.602051 0.190918 0.428711
3 0.552002 0.379395 0.0463867 0.0576172
