1 0.405762 0.385742 0.0078125 0.015625
1 0.397705 0.384766 0.00537109 0.0136719
1 0.421387 0.414551 0.0126953 0.0576172
1 0.340088 0.380859 0.0102539 0.0175781
1 0.329346 0.382324 0.012207 0.0146484
1 0.276611 0.411621 0.0112305 0.0693359
1 0.265137 0.413574 0.00976562 0.0771484
1 0.243652 0.415039 0.00585938 0.0703125
1 0.76123 0.411621 0.015625 0.106445
1 0.867432 0.347168 0.00146484 0.00878906
1 0.868896 0.355957 0.0151367 0.0361328
2 0.450684 0.411621 0.015625 0.0283203
2 0.608154 0.40918 0.0424805 0.132812
2 0.472168 0.405762 0.0302734 0.0556641
2 0.42334 0.409668 0.0322266 0.0517578
2 0.408691 0.418457 0.0126953 0.0498047
2 0.396729 0.419434 0.0239258 0.0556641
2 0.368164 0.418945 0.0410156 0.0722656
2 0.348877 0.426758 0.034668 0.0761719
2 0.311279 0.432129 0.0698242 0.0927734
2 0.797607 0.413574 0.0786133 0.102539
2 0.686523 0.384277 0.135742 0.311523
2 0.539551 0.443848 0.147461 0.233398
2 0.936523 0.338867 0.12207 0.0917969
2 0.892334 0.511719 0.210449 0.300781
2 0.98877 0.600098 0.0175781 0.272461
3 0.141846 0.354492 0.277832 0.308594
6 0.44043 0.421875 0.00488281 0.015625
7 0.25293 0.44043 0.0244141 0.0722656
7 0.216553 0.447754 0.0395508 0.0751953
