1 0.880859 0.395508 0.0322266 0.134766
1 0.417236 0.413086 0.0209961 0.0703125
1 0.425049 0.401855 0.00830078 0.0439453
1 0.454834 0.403809 0.00927734 0.0419922
1 0.489014 0.388672 0.00634766 0.0117188
1 0.473633 0.375488 0.0185547 0.0341797
1 0.95166 0.406738 0.0498047 0.211914
1 0.853027 0.403809 0.0234375 0.12207
2 0.837402 0.387207 0.00976562 0.0263672
2 0.447021 0.401855 0.012207 0.0107422
2 0.55835 0.395996 0.0258789 0.0341797
2 0.727051 0.39502 0.00976562 0.0302734
2 0.396729 0.397461 0.00927734 0.0078125
2 0.368164 0.408203 0.00488281 0.0253906
2 0.406006 0.406738 0.0131836 0.0224609
2 0.387451 0.405273 0.0288086 0.0292969
2 0.709473 0.398926 0.0361328 0.0419922
4 0.243164 0.388184 0.251953 0.256836
7 0.775635 0.399414 0.0249023 0.0292969
