1 0.443848 0.425781 0.0107422 0.0410156
1 0.645264 0.446289 0.0336914 0.195312
1 0.0078125 0.449219 0.00976562 0.0644531
1 0.361572 0.428711 0.00830078 0.046875
5 0.506104 0.405762 0.00634766 0.0185547
2 0.352539 0.422852 0.0537109 0.0507812
2 0.347168 0.433105 0.0185547 0.0244141
2 0.37085 0.4375 0.0483398 0.0351562
2 0.24707 0.517578 0.219727 0.269531
2 0.532227 0.456543 0.0791016 0.12207
6 0.148438 0.445312 0.0302734 0.046875
6 0.12207 0.449707 0.0371094 0.0458984
6 0.0822754 0.451172 0.0229492 0.0507812
7 0.500977 0.426758 0.00488281 0.0214844
