1 0.346191 0.403809 0.00976562 0.0361328
1 0.322021 0.40625 0.00634766 0.0371094
1 0.578857 0.363281 0.0161133 0.0273438
1 0.606201 0.381348 0.019043 0.0791016
1 0.593018 0.363281 0.0161133 0.0410156
1 0.627197 0.396973 0.0249023 0.12793
5 0.35498 0.408691 0.015625 0.0693359
5 0.379639 0.411133 0.0141602 0.0800781
2 0.345215 0.398926 0.0126953 0.0224609
2 0.366211 0.400879 0.00585938 0.0126953
2 0.322998 0.395996 0.0161133 0.0244141
2 0.313965 0.407715 0.0126953 0.0380859
2 0.42041 0.422363 0.0556641 0.0693359
2 0.49292 0.451172 0.0444336 0.119141
2 0.55835 0.456543 0.135254 0.188477
3 0.400146 0.387207 0.0629883 0.124023
8 0.157715 0.305664 0.303711 0.601562
6 0.482178 0.404297 0.0268555 0.0390625
7 0.357178 0.428223 0.00439453 0.0419922
7 0.380615 0.434082 0.00634766 0.0439453
