1 0.372803 0.416016 0.0131836 0.0488281
1 0.720215 0.444824 0.0400391 0.19043
2 0.317627 0.401855 0.0200195 0.0205078
2 0.339111 0.403809 0.0200195 0.0205078
2 0.238037 0.407227 0.0454102 0.0761719
2 0.205811 0.408203 0.0629883 0.0800781
2 0.150635 0.403809 0.0717773 0.0830078
2 0.0881348 0.36377 0.0385742 0.00878906
2 0.533691 0.40332 0.0185547 0.0214844
2 0.541504 0.407715 0.0273438 0.0263672
2 0.628418 0.399902 0.00488281 0.0205078
2 0.68335 0.424805 0.019043 0.0292969
2 0.694092 0.428711 0.0141602 0.0273438
2 0.0913086 0.48291 0.176758 0.233398
2 0.396729 0.418457 0.0268555 0.0400391
2 0.608398 0.459961 0.00683594 0.0488281
2 0.577393 0.442383 0.0620117 0.105469
2 0.518555 0.441895 0.0341797 0.0751953
2 0.476074 0.433594 0.0644531 0.109375
