1 0.650635 0.37793 0.00439453 0.0117188
1 0.337646 0.463379 0.0375977 0.27832
2 0.49585 0.421875 0.0141602 0.0273438
2 0.511719 0.422852 0.0224609 0.0332031
2 0.535645 0.416504 0.0380859 0.0419922
2 0.566406 0.424316 0.0400391 0.0830078
2 0.59082 0.431152 0.0703125 0.100586
2 0.598877 0.439941 0.0395508 0.100586
2 0.601318 0.438477 0.0336914 0.0859375
2 0.603027 0.45166 0.0302734 0.104492
2 0.625488 0.464355 0.0566406 0.163086
2 0.69873 0.446289 0.131836 0.175781
2 0.699707 0.494141 0.115234 0.228516
2 0.861084 0.490723 0.272949 0.393555
2 0.933594 0.639648 0.12793 0.441406
2 0.45752 0.424805 0.0214844 0.03125
2 0.15332 0.328613 0.255859 0.293945
6 0.543945 0.437012 0.00585938 0.0302734
