1 0.386963 0.42627 0.00439453 0.0380859
1 0.671631 0.397461 0.00537109 0.0253906
1 0.679443 0.396484 0.012207 0.0273438
1 0.255615 0.434082 0.012207 0.0361328
1 0.242188 0.433105 0.00976562 0.0361328
1 0.221924 0.431152 0.00634766 0.0361328
1 0.232666 0.432129 0.0112305 0.0380859
1 0.331543 0.429199 0.00976562 0.0498047
1 0.294922 0.43457 0.015625 0.0566406
1 0.302246 0.433105 0.0117188 0.0576172
1 0.278809 0.434082 0.0175781 0.0673828
1 0.359863 0.432129 0.0166016 0.0615234
5 0.347656 0.423828 0.0117188 0.0507812
5 0.534424 0.430664 0.0141602 0.0488281
5 0.746582 0.446777 0.0585938 0.237305
2 0.443848 0.427734 0.0195312 0.0253906
2 0.511719 0.429688 0.0195312 0.0351562
2 0.476318 0.386719 0.043457 0.0429688
2 0.499756 0.444824 0.0151367 0.0751953
2 0.473389 0.444824 0.0561523 0.0927734
2 0.412842 0.427734 0.0493164 0.0917969
2 0.679199 0.467285 0.0917969 0.118164
2 0.849609 0.494629 0.154297 0.219727
2 0.92334 0.531738 0.148438 0.311523
2 0.27002 0.430664 0.00488281 0.0175781
2 0.261475 0.430176 0.0141602 0.0263672
2 0.260254 0.431641 0.00683594 0.0253906
2 0.25293 0.431641 0.0126953 0.0273438
2 0.319336 0.433594 0.0175781 0.03125
2 0.105225 0.549316 0.20459 0.456055
6 0.654053 0.420898 0.0327148 0.0332031
7 0.276855 0.447266 0.0302734 0.0390625
7 0.535156 0.452148 0.00488281 0.0332031
7 0.753662 0.543457 0.0600586 0.206055
