1 0.496582 0.365723 0.00683594 0.0361328
1 0.503662 0.368164 0.0102539 0.0449219
1 0.448975 0.375488 0.00244141 0.0166016
1 0.445801 0.372559 0.00585938 0.0341797
1 0.587646 0.377441 0.0112305 0.0751953
1 0.573975 0.375977 0.0131836 0.0800781
1 0.492676 0.358398 0.0078125 0.0234375
1 0.492676 0.4375 0.0527344 0.224609
1 0.474854 0.422852 0.0532227 0.263672
2 0.124512 0.54248 0.243164 0.40918
2 0.0664062 0.606445 0.126953 0.505859
2 0.535889 0.396973 0.0620117 0.0966797
2 0.615234 0.388672 0.0107422 0.03125
7 0.403076 0.400879 0.012207 0.0478516
7 0.377686 0.412109 0.0151367 0.0546875
7 0.393555 0.407227 0.0117188 0.0488281
7 0.553711 0.416504 0.0507812 0.0732422
