1 0.600342 0.419922 0.00439453 0.0351562
1 0.617432 0.428223 0.00537109 0.0283203
1 0.60498 0.418457 0.00683594 0.0458984
1 0.611328 0.422363 0.00878906 0.0419922
1 0.734375 0.366699 0.0117188 0.0400391
1 0.716064 0.395508 0.0102539 0.0585938
1 0.723389 0.393555 0.00830078 0.03125
1 0.587646 0.427246 0.0249023 0.143555
1 0.858643 0.345215 0.059082 0.131836
1 0.255615 0.41748 0.0112305 0.0322266
1 0.246826 0.416992 0.00830078 0.0253906
1 0.259521 0.40918 0.00732422 0.0195312
1 0.26416 0.415039 0.0107422 0.0429688
1 0.27002 0.40625 0.00683594 0.0136719
1 0.307617 0.418457 0.0136719 0.0302734
1 0.332031 0.418945 0.0166016 0.0351562
1 0.275391 0.415527 0.0175781 0.0439453
1 0.278809 0.419434 0.0205078 0.0458984
1 0.292725 0.418945 0.0229492 0.0292969
1 0.364746 0.420898 0.00585938 0.0410156
1 0.335449 0.421875 0.0117188 0.0292969
1 0.369629 0.426758 0.0078125 0.0488281
1 0.401123 0.424316 0.0112305 0.0400391
1 0.349854 0.442383 0.0258789 0.160156
1 0.385498 0.438965 0.0268555 0.174805
2 0.627441 0.453613 0.0146484 0.131836
2 0.66748 0.456055 0.102539 0.167969
2 0.530273 0.424316 0.0703125 0.0673828
2 0.807129 0.505859 0.229492 0.304688
