2 0.534912 0.421387 0.00732422 0.00878906
2 0.54248 0.421387 0.0117188 0.0126953
2 0.515869 0.421875 0.00634766 0.0117188
2 0.553711 0.426758 0.0136719 0.0234375
2 0.54834 0.430664 0.015625 0.0253906
2 0.507324 0.430176 0.0146484 0.0244141
2 0.343262 0.459961 0.0683594 0.121094
2 0.277588 0.479004 0.10791 0.139648
2 0.450195 0.444824 0.0341797 0.0478516
2 0.589355 0.436035 0.0361328 0.0537109
3 0.525146 0.422852 0.0131836 0.0273438
6 0.121826 0.522461 0.0854492 0.185547
6 0.076416 0.526855 0.0581055 0.211914
6 0.0456543 0.528809 0.0571289 0.231445
6 0.0222168 0.553223 0.0385742 0.22168
