1 0.474854 0.472656 0.0336914 0.173828
1 0.500977 0.478027 0.0195312 0.172852
1 0.519531 0.47998 0.0351562 0.180664
1 0.557617 0.481445 0.0224609 0.164062
1 0.587646 0.48584 0.043457 0.250977
1 0.606934 0.512695 0.00878906 0.0429688
1 0.592285 0.478516 0.0693359 0.279297
1 0.64502 0.475098 0.0273438 0.125977
1 0.621582 0.491699 0.0253906 0.145508
2 0.752441 0.500977 0.0791016 0.181641
2 0.0344238 0.592773 0.0629883 0.355469
6 0.106934 0.45752 0.0498047 0.145508
6 0.0258789 0.411621 0.0458984 0.0810547
