5 0.31665 0.405273 0.0229492 0.115234
2 0.375244 0.456055 0.0209961 0.0273438
2 0.388184 0.457031 0.0234375 0.0253906
2 0.421387 0.450195 0.0234375 0.0410156
2 0.44751 0.445801 0.0375977 0.0517578
2 0.290283 0.45166 0.00927734 0.0185547
2 0.30249 0.44873 0.0219727 0.0283203
2 0.47876 0.443359 0.0258789 0.0625
2 0.521729 0.430176 0.0668945 0.0927734
2 0.545166 0.44043 0.0415039 0.0839844
2 0.601074 0.389648 0.0556641 0.0292969
2 0.580811 0.461914 0.0717773 0.128906
2 0.640381 0.469727 0.0883789 0.197266
2 0.743896 0.501953 0.203613 0.291016
2 0.984863 0.80957 0.0253906 0.140625
7 0.316162 0.445801 0.0268555 0.0791016
