1 0.874512 0.424316 0.0517578 0.18457
1 0.819336 0.423828 0.0498047 0.173828
1 0.789551 0.423828 0.0517578 0.183594
1 0.513672 0.410156 0.03125 0.189453
1 0.547363 0.416016 0.0341797 0.177734
1 0.440918 0.412109 0.0302734 0.191406
1 0.261719 0.392578 0.0224609 0.107422
1 0.244629 0.40332 0.0205078 0.117188
5 0.203369 0.382324 0.00732422 0.0244141
2 0.900146 0.392578 0.00537109 0.0234375
2 0.930908 0.395508 0.012207 0.0175781
2 0.992432 0.462402 0.0102539 0.0693359
7 0.200684 0.419434 0.00292969 0.0595703
