1 0.273438 0.40332 0.00683594 0.0410156
1 0.271973 0.405273 0.00390625 0.0371094
1 0.29248 0.40625 0.00585938 0.0371094
1 0.284912 0.405762 0.00439453 0.0361328
2 0.316406 0.382324 0.0117188 0.0166016
2 0.418945 0.371094 0.0253906 0.0136719
2 0.39624 0.379883 0.0307617 0.0214844
2 0.318848 0.41748 0.0351562 0.0556641
2 0.495605 0.381836 0.0546875 0.0996094
2 0.11792 0.54248 0.22998 0.286133
2 0.450684 0.369629 0.0195312 0.0263672
2 0.333984 0.396484 0.0263672 0.0507812
2 0.305176 0.398438 0.015625 0.0292969
2 0.445312 0.367188 0.0175781 0.0214844
