1 0.656494 0.456543 0.00732422 0.0380859
1 0.677002 0.435547 0.012207 0.101562
1 0.666016 0.432129 0.0175781 0.120117
1 0.842285 0.464355 0.0615234 0.180664
2 0.0661621 0.50293 0.126465 0.148438
2 0.503906 0.409668 0.00976562 0.0185547
2 0.479004 0.456055 0.0527344 0.0898438
2 0.541748 0.462891 0.0952148 0.162109
2 0.192627 0.46875 0.090332 0.0957031
6 0.752441 0.45166 0.0537109 0.147461
7 0.259277 0.461914 0.0166016 0.0546875
7 0.243164 0.466309 0.0078125 0.0537109
7 0.232666 0.466309 0.0200195 0.0576172
7 0.636963 0.443359 0.0141602 0.0585938
7 0.807617 0.458496 0.0341797 0.151367
