1 0.549316 0.343262 0.00488281 0.0263672
1 0.555176 0.348145 0.00390625 0.0302734
1 0.519287 0.3125 0.00244141 0.0136719
1 0.473145 0.341309 0.00390625 0.0283203
1 0.493408 0.30957 0.00244141 0.0078125
2 0.564697 0.408203 0.0317383 0.0566406
2 0.584717 0.42334 0.0385742 0.0771484
2 0.604248 0.439453 0.0375977 0.103516
2 0.631104 0.445312 0.0463867 0.130859
2 0.671631 0.459473 0.0913086 0.155273
2 0.914062 0.651367 0.166992 0.447266
2 0.444092 0.413086 0.0317383 0.0644531
2 0.410645 0.429688 0.0605469 0.0957031
2 0.338867 0.467773 0.0839844 0.160156
2 0.220947 0.512695 0.197754 0.283203
