2 0.437256 0.459473 0.00341797 0.00878906
2 0.435791 0.458496 0.000488281 0.00488281
2 0.387451 0.44873 0.0493164 0.0966797
2 0.391357 0.472168 0.00927734 0.0791016
2 0.347656 0.453125 0.0986328 0.119141
2 0.306885 0.47168 0.122559 0.173828
2 0.211914 0.46875 0.144531 0.203125
2 0.135742 0.503418 0.178711 0.274414
2 0.0708008 0.533203 0.135742 0.345703
2 0.506348 0.450195 0.015625 0.0371094
2 0.547607 0.435059 0.0834961 0.0810547
2 0.554199 0.442871 0.0673828 0.0576172
2 0.595459 0.450684 0.0288086 0.0830078
2 0.60083 0.45459 0.0200195 0.0849609
2 0.62793 0.450684 0.0576172 0.106445
2 0.648193 0.466797 0.0854492 0.126953
2 0.820312 0.487793 0.22168 0.352539
2 0.918457 0.596191 0.158203 0.454102
2 0.477783 0.418457 0.0141602 0.0263672
2 0.463623 0.426758 0.0131836 0.0273438
2 0.459717 0.430664 0.0112305 0.0292969
2 0.459961 0.43457 0.00585938 0.0292969
2 0.455566 0.434082 0.0078125 0.0322266
2 0.449951 0.43457 0.0131836 0.0351562
2 0.446045 0.438477 0.0112305 0.0410156
2 0.437012 0.436523 0.0175781 0.0488281
2 0.432617 0.443359 0.00683594 0.0449219
2 0.416016 0.436523 0.03125 0.0605469
2 0.410645 0.444824 0.0107422 0.0419922
