1 0.178223 0.39209 0.03125 0.110352
1 0.47998 0.427734 0.0361328 0.15625
1 0.466309 0.424805 0.0390625 0.164062
1 0.50415 0.424316 0.0336914 0.176758
1 0.535645 0.415039 0.0302734 0.183594
2 0.290771 0.40625 0.034668 0.0292969
2 0.267578 0.40625 0.0224609 0.0292969
2 0.20752 0.397949 0.0146484 0.0185547
2 0.175049 0.412598 0.0571289 0.0673828
2 0.229492 0.418457 0.0673828 0.0712891
2 0.109619 0.425293 0.0786133 0.0908203
2 0.445068 0.408691 0.0200195 0.0302734
2 0.404541 0.411621 0.00927734 0.0302734
2 0.42041 0.412109 0.03125 0.0390625
2 0.388428 0.408203 0.0258789 0.0449219
2 0.378662 0.414551 0.0180664 0.0380859
2 0.361816 0.414551 0.0283203 0.0380859
2 0.33252 0.40625 0.0253906 0.0214844
2 0.594727 0.392578 0.00488281 0.015625
2 0.58252 0.394043 0.0146484 0.0166016
