1 0.717285 0.439453 0.0078125 0.0351562
1 0.598389 0.462402 0.0200195 0.100586
1 0.987549 0.416992 0.00732422 0.0214844
1 0.42041 0.469727 0.0146484 0.134766
1 0.405762 0.473145 0.0175781 0.157227
1 0.42041 0.474609 0.0205078 0.148438
5 0.665771 0.438477 0.00927734 0.0332031
2 0.657715 0.449707 0.00976562 0.0263672
2 0.831543 0.432617 0.00488281 0.0214844
2 0.683594 0.445801 0.0283203 0.0283203
2 0.88623 0.445312 0.0380859 0.0703125
2 0.933594 0.448242 0.0771484 0.0976562
7 0.66626 0.456543 0.00927734 0.0322266
