1 0.424316 0.450195 0.0166016 0.0878906
1 0.397705 0.442383 0.0161133 0.0761719
1 0.381836 0.439941 0.0175781 0.0791016
1 0.713623 0.467773 0.0454102 0.166016
1 0.941162 0.359863 0.0366211 0.0595703
1 0.034668 0.5 0.0634766 0.404297
1 0.108398 0.516602 0.0810547 0.400391
2 0.522461 0.443848 0.00878906 0.0478516
2 0.536621 0.437012 0.03125 0.0419922
2 0.533691 0.451172 0.0263672 0.0585938
2 0.481689 0.439453 0.00732422 0.0292969
2 0.467041 0.435547 0.0268555 0.046875
2 0.500244 0.439453 0.0229492 0.0390625
2 0.548584 0.459961 0.0297852 0.0800781
2 0.561523 0.463867 0.0283203 0.0878906
2 0.574951 0.469727 0.0239258 0.103516
2 0.617676 0.478027 0.0927734 0.143555
2 0.880127 0.606445 0.234863 0.433594
7 0.772949 0.521484 0.0283203 0.0761719
