1 0.387451 0.433105 0.00927734 0.0322266
1 0.319092 0.44873 0.0141602 0.0517578
1 0.363037 0.446289 0.00830078 0.0566406
1 0.467773 0.44043 0.00488281 0.0273438
1 0.587158 0.456543 0.0170898 0.104492
1 0.658936 0.465332 0.0258789 0.0751953
1 0.750732 0.425293 0.0161133 0.0419922
2 0.37915 0.452148 0.0307617 0.0488281
2 0.043457 0.51709 0.0810547 0.297852
2 0.236328 0.40918 0.0439453 0.0195312
2 0.328125 0.434082 0.0185547 0.0244141
2 0.493652 0.436035 0.00488281 0.0107422
2 0.562988 0.441406 0.0322266 0.0332031
2 0.520264 0.477539 0.074707 0.121094
2 0.70752 0.46875 0.0820312 0.121094
7 0.751465 0.468262 0.0146484 0.0654297
