1 0.540039 0.436035 0.0126953 0.0419922
1 0.604248 0.416504 0.00439453 0.00878906
1 0.650391 0.418457 0.0107422 0.0244141
2 0.441162 0.431641 0.00830078 0.0234375
2 0.432617 0.432617 0.0146484 0.0253906
2 0.415283 0.428711 0.0229492 0.0429688
2 0.412354 0.439941 0.00830078 0.0244141
2 0.406982 0.439941 0.00634766 0.0283203
2 0.402344 0.44043 0.00683594 0.03125
2 0.389404 0.439453 0.0219727 0.0410156
2 0.378662 0.44873 0.0297852 0.0419922
2 0.352539 0.449707 0.0185547 0.0400391
2 0.337891 0.450684 0.0195312 0.0458984
2 0.315186 0.448242 0.0297852 0.0546875
2 0.313477 0.456055 0.0263672 0.0488281
2 0.532715 0.421875 0.00878906 0.015625
2 0.565186 0.416992 0.0102539 0.00585938
2 0.561523 0.433594 0.015625 0.0273438
2 0.570801 0.430176 0.00292969 0.0400391
2 0.58252 0.427246 0.0224609 0.0517578
2 0.5896 0.443848 0.0141602 0.0498047
2 0.600098 0.447754 0.0263672 0.0537109
2 0.605713 0.453613 0.012207 0.0537109
2 0.624023 0.456543 0.0429688 0.0693359
2 0.672852 0.467285 0.0742188 0.104492
2 0.901611 0.558594 0.191895 0.279297
8 0.518555 0.412598 0.0302734 0.0244141
8 0.152344 0.357422 0.298828 0.517578
