1 0.314453 0.404297 0.00488281 0.0253906
1 0.308105 0.405273 0.00488281 0.0234375
5 0.30127 0.406738 0.0078125 0.0400391
5 0.292236 0.408203 0.00927734 0.0410156
5 0.726318 0.42041 0.0317383 0.155273
2 0.220215 0.402832 0.0175781 0.0283203
2 0.185303 0.401855 0.0571289 0.0322266
2 0.173096 0.439453 0.0483398 0.078125
2 0.139404 0.447754 0.0512695 0.0908203
2 0.0661621 0.45166 0.111816 0.125977
2 0.33252 0.406738 0.0205078 0.0341797
7 0.30127 0.419922 0.00585938 0.015625
7 0.29248 0.41748 0.00878906 0.0263672
7 0.72583 0.444824 0.0297852 0.106445
